 0.02010   1.042   0.036    -0.86     1.67 -3.2114e-04 -45.867 -19.485
 0.04000   1.014   0.062    -1.91     0.71 2.1516e-03 -57.104 -106.513
 0.06000   0.993   0.042     1.22    -1.45 2.6255e-01 115.565 151.576
 0.08000   1.023   0.032     1.53     0.08 2.2672e-01  -9.392  35.889
 0.10000   1.052   0.039     1.32     0.55 2.1600e-01  -9.930  15.472
 0.12000   1.077   0.053     1.14     0.78 2.1214e-01  -8.320   8.791
 0.14000   1.098   0.070     0.99     0.92 2.1054e-01  -7.084   5.734
 0.16010   1.116   0.089     0.86     1.02 2.0987e-01  -6.209   4.047
 0.18010   1.132   0.110     0.74     1.09 2.0963e-01  -5.590   3.012
 0.20010   1.146   0.133     0.63     1.14 2.0960e-01  -5.142   2.316
 0.22010   1.158   0.156     0.53     1.18 2.0966e-01  -4.815   1.819
 0.24010   1.167   0.180     0.44     1.22 2.0976e-01  -4.578   1.443
 0.26010   1.175   0.205     0.35     1.24 2.0985e-01  -4.411   1.145
 0.28010   1.181   0.230     0.26     1.26 2.0993e-01  -4.301   0.899
 0.30010   1.186   0.255     0.18     1.28 2.0998e-01  -4.240   0.685
 0.32010   1.188   0.281     0.09     1.29 2.1001e-01  -4.225   0.491
 0.34010   1.189   0.307     0.01     1.30 2.1001e-01  -4.255   0.306
 0.36010   1.188   0.333    -0.08     1.30 2.0999e-01  -4.331   0.120
 0.38010   1.186   0.359    -0.17     1.30 2.0996e-01  -4.457  -0.078
 0.40010   1.182   0.385    -0.26     1.30 2.0993e-01  -4.643  -0.300
 0.42010   1.176   0.411    -0.35     1.29 2.0990e-01  -4.902  -0.564
 0.44010   1.168   0.436    -0.46     1.28 2.0989e-01  -5.256  -0.896
 0.46010   1.157   0.461    -0.56     1.25 2.0991e-01  -5.738  -1.342
 0.48010   1.145   0.486    -0.69     1.22 2.0996e-01  -6.403  -1.979
 0.50010   1.130   0.510    -0.82     1.17 2.1005e-01  -7.342  -2.962
 0.52010   1.112   0.533    -0.98     1.10 2.1015e-01  -8.712  -4.634
 0.54010   1.090   0.554    -1.18     0.98 2.1019e-01 -10.779  -7.877
 0.56010   1.064   0.571    -1.42     0.75 2.0999e-01 -13.772 -15.546
 0.58010   1.033   0.582    -1.71     0.25 2.0980e-01 -13.572 -40.263
 0.60010   0.999   0.575    -1.39    -1.17 2.3410e-01  86.358 -85.429
 0.62010   0.992   0.547     0.39    -1.19 2.8121e-01  39.303  36.836
 0.64010   1.004   0.529     0.73    -0.64 2.7881e-01   5.493  18.951
 0.66010   1.019   0.519     0.77    -0.36 2.7707e-01   0.179  10.444
 0.68010   1.034   0.514     0.76    -0.20 2.7647e-01  -1.070   6.585
 0.70010   1.049   0.511     0.73    -0.09 2.7636e-01  -1.402   4.536
 0.72010   1.063   0.510     0.70    -0.01 2.7648e-01  -1.464   3.316
 0.74010   1.077   0.511     0.68     0.05 2.7669e-01  -1.437   2.527
 0.76010   1.090   0.512     0.65     0.09 2.7695e-01  -1.381   1.987
 0.78010   1.103   0.514     0.62     0.13 2.7723e-01  -1.316   1.598
 0.80010   1.115   0.517     0.59     0.16 2.7753e-01  -1.253   1.309
 0.82010   1.127   0.521     0.57     0.18 2.7784e-01  -1.193   1.088
 0.84010   1.138   0.524     0.55     0.20 2.7815e-01  -1.138   0.914
 0.86010   1.149   0.529     0.52     0.22 2.7847e-01  -1.088   0.775
 0.88010   1.159   0.533     0.50     0.23 2.7881e-01  -1.042   0.662
 0.90010   1.169   0.538     0.48     0.24 2.7916e-01  -1.001   0.569
 0.92010   1.178   0.543     0.46     0.26 2.7954e-01  -0.963   0.491
 0.94010   1.187   0.548     0.44     0.26 2.7994e-01  -0.929   0.424
 0.96010   1.196   0.553     0.43     0.27 2.8036e-01  -0.897   0.368
 0.98010   1.204   0.559     0.41     0.28 2.8081e-01  -0.868   0.319
 1.00010   1.212   0.565     0.39     0.29 2.8130e-01  -0.841   0.277
 1.02010   1.220   0.570     0.37     0.29 2.8182e-01  -0.817   0.240
 1.04010   1.227   0.576     0.36     0.29 2.8238e-01  -0.794   0.207
 1.06010   1.234   0.582     0.34     0.30 2.8298e-01  -0.773   0.178
 1.08010   1.241   0.588     0.33     0.30 2.8362e-01  -0.753   0.152
 1.10010   1.248   0.594     0.31     0.30 2.8431e-01  -0.735   0.129
 1.12010   1.254   0.600     0.30     0.31 2.8504e-01  -0.717   0.108
 1.14010   1.260   0.607     0.28     0.31 2.8583e-01  -0.701   0.089
 1.16010   1.265   0.613     0.27     0.31 2.8667e-01  -0.686   0.072
 1.18010   1.270   0.619     0.26     0.31 2.8756e-01  -0.672   0.057
 1.20010   1.275   0.625     0.24     0.31 2.8850e-01  -0.658   0.042
 1.22010   1.280   0.632     0.23     0.31 2.8950e-01  -0.646   0.029
 1.24010   1.285   0.638     0.22     0.31 2.9057e-01  -0.634   0.017
 1.26010   1.289   0.644     0.20     0.31 2.9169e-01  -0.622   0.005
 1.28010   1.293   0.650     0.19     0.31 2.9287e-01  -0.612  -0.005
 1.30010   1.296   0.657     0.18     0.31 2.9411e-01  -0.601  -0.015
 1.32010   1.300   0.663     0.17     0.31 2.9542e-01  -0.592  -0.024
 1.34010   1.303   0.669     0.16     0.31 2.9680e-01  -0.582  -0.033
 1.36010   1.306   0.676     0.15     0.31 2.9824e-01  -0.574  -0.041
 1.38010   1.309   0.682     0.13     0.31 2.9974e-01  -0.565  -0.049
 1.40010   1.312   0.688     0.12     0.31 3.0132e-01  -0.557  -0.056
 1.42010   1.314   0.694     0.11     0.31 3.0297e-01  -0.549  -0.063
 1.44010   1.316   0.700     0.10     0.31 3.0469e-01  -0.542  -0.069
 1.46010   1.318   0.706     0.09     0.31 3.0648e-01  -0.535  -0.075
 1.48010   1.320   0.713     0.08     0.31 3.0834e-01  -0.528  -0.081
 1.50010   1.321   0.719     0.07     0.30 3.1028e-01  -0.522  -0.087
 1.52010   1.322   0.725     0.06     0.30 3.1230e-01  -0.516  -0.093
 1.54010   1.323   0.731     0.05     0.30 3.1439e-01  -0.510  -0.098
 1.56010   1.324   0.737     0.04     0.30 3.1656e-01  -0.504  -0.103
 1.58010   1.325   0.743     0.03     0.30 3.1881e-01  -0.499  -0.108
 1.60010   1.325   0.749     0.02     0.29 3.2113e-01  -0.493  -0.113
 1.62010   1.326   0.754     0.01     0.29 3.2354e-01  -0.488  -0.117
 1.64010   1.326   0.760    -0.00     0.29 3.2603e-01  -0.484  -0.122
 1.66010   1.326   0.766    -0.01     0.29 3.2860e-01  -0.479  -0.126
 1.68010   1.325   0.772    -0.02     0.28 3.3126e-01  -0.474  -0.130
 1.70010   1.325   0.777    -0.03     0.28 3.3400e-01  -0.470  -0.135
 1.72010   1.324   0.783    -0.04     0.28 3.3683e-01  -0.466  -0.139
 1.74010   1.323   0.788    -0.05     0.28 3.3974e-01  -0.462  -0.143
 1.76010   1.322   0.794    -0.06     0.27 3.4274e-01  -0.458  -0.147
 1.78010   1.321   0.799    -0.07     0.27 3.4584e-01  -0.454  -0.150
 1.80010   1.319   0.805    -0.08     0.27 3.4902e-01  -0.451  -0.154
 1.82010   1.318   0.810    -0.09     0.26 3.5229e-01  -0.447  -0.158
 1.84010   1.316   0.815    -0.09     0.26 3.5565e-01  -0.444  -0.162
 1.86010   1.314   0.820    -0.10     0.26 3.5910e-01  -0.440  -0.165
 1.88010   1.312   0.826    -0.11     0.25 3.6265e-01  -0.437  -0.169
 1.90010   1.309   0.831    -0.12     0.25 3.6630e-01  -0.434  -0.173
 1.92010   1.307   0.836    -0.13     0.25 3.7004e-01  -0.431  -0.176
 1.94010   1.304   0.840    -0.14     0.24 3.7387e-01  -0.429  -0.180
 1.96010   1.301   0.845    -0.15     0.24 3.7781e-01  -0.426  -0.183
 1.98010   1.298   0.850    -0.15     0.24 3.8184e-01  -0.423  -0.187
 2.00010   1.295   0.855    -0.16     0.23 3.8597e-01  -0.421  -0.191
 2.02010   1.292   0.859    -0.17     0.23 3.9020e-01  -0.418  -0.194
 2.04010   1.288   0.864    -0.18     0.22 3.9454e-01  -0.416  -0.198
 2.06010   1.285   0.868    -0.19     0.22 3.9898e-01  -0.413  -0.201
 2.08010   1.281   0.873    -0.20     0.22 4.0352e-01  -0.411  -0.205
 2.10000   1.277   0.877    -0.20     0.21 4.0814e-01  -0.409  -0.209
 2.12000   1.273   0.881    -0.21     0.21 4.1289e-01  -0.407  -0.212
 2.14000   1.268   0.885    -0.22     0.20 4.1775e-01  -0.405  -0.216
 2.16000   1.264   0.889    -0.23     0.20 4.2272e-01  -0.403  -0.220
 2.18000   1.259   0.893    -0.24     0.19 4.2779e-01  -0.401  -0.223
 2.20000   1.254   0.897    -0.25     0.19 4.3297e-01  -0.399  -0.227
 2.22000   1.249   0.901    -0.25     0.19 4.3827e-01  -0.398  -0.231
 2.24000   1.244   0.904    -0.26     0.18 4.4367e-01  -0.396  -0.235
 2.26000   1.239   0.908    -0.27     0.18 4.4919e-01  -0.394  -0.239
 2.28000   1.233   0.912    -0.28     0.17 4.5482e-01  -0.393  -0.242
 2.30000   1.228   0.915    -0.28     0.17 4.6056e-01  -0.391  -0.246
 2.32000   1.222   0.918    -0.29     0.16 4.6641e-01  -0.390  -0.250
 2.34000   1.216   0.921    -0.30     0.16 4.7239e-01  -0.388  -0.254
 2.36000   1.210   0.924    -0.31     0.15 4.7847e-01  -0.387  -0.259
 2.38000   1.204   0.927    -0.32     0.15 4.8468e-01  -0.385  -0.263
 2.40000   1.197   0.930    -0.32     0.14 4.9100e-01  -0.384  -0.267
 2.42000   1.191   0.933    -0.33     0.14 4.9744e-01  -0.383  -0.271
 2.44000   1.184   0.936    -0.34     0.13 5.0400e-01  -0.382  -0.276
 2.46000   1.177   0.938    -0.35     0.12 5.1067e-01  -0.380  -0.280
 2.48000   1.170   0.941    -0.35     0.12 5.1747e-01  -0.379  -0.285
 2.50000   1.163   0.943    -0.36     0.11 5.2438e-01  -0.378  -0.289
 2.52000   1.156   0.945    -0.37     0.11 5.3142e-01  -0.377  -0.294
 2.54000   1.148   0.947    -0.38     0.10 5.3857e-01  -0.376  -0.299
 2.56000   1.141   0.949    -0.38     0.10 5.4585e-01  -0.375  -0.304
 2.58000   1.133   0.951    -0.39     0.09 5.5324e-01  -0.374  -0.309
 2.60000   1.125   0.953    -0.40     0.08 5.6076e-01  -0.373  -0.314
 2.62000   1.117   0.954    -0.41     0.08 5.6839e-01  -0.372  -0.319
 2.64000   1.109   0.956    -0.41     0.07 5.7615e-01  -0.372  -0.324
 2.66000   1.101   0.957    -0.42     0.06 5.8402e-01  -0.371  -0.330
 2.68000   1.092   0.958    -0.43     0.06 5.9202e-01  -0.370  -0.336
 2.70000   1.083   0.960    -0.44     0.05 6.0014e-01  -0.369  -0.341
 2.72000   1.075   0.960    -0.44     0.04 6.0837e-01  -0.368  -0.347
 2.74000   1.066   0.961    -0.45     0.04 6.1672e-01  -0.368  -0.353
 2.76000   1.057   0.962    -0.46     0.03 6.2519e-01  -0.367  -0.359
 2.78000   1.047   0.962    -0.47     0.02 6.3378e-01  -0.366  -0.366
 2.80000   1.038   0.963    -0.47     0.01 6.4249e-01  -0.365  -0.372
 2.82000   1.028   0.963    -0.48     0.01 6.5131e-01  -0.365  -0.379
 2.84000   1.019   0.963    -0.49    -0.00 6.6024e-01  -0.364  -0.385
 2.86000   1.009   0.963    -0.49    -0.01 6.6928e-01  -0.363  -0.392
 2.88000   0.999   0.963    -0.50    -0.02 6.7844e-01  -0.363  -0.400
 2.90000   0.989   0.962    -0.51    -0.02 6.8771e-01  -0.362  -0.407
 2.92000   0.979   0.962    -0.52    -0.03 6.9709e-01  -0.361  -0.415
 2.94000   0.968   0.961    -0.52    -0.04 7.0657e-01  -0.361  -0.423
 2.96000   0.958   0.960    -0.53    -0.05 7.1616e-01  -0.360  -0.431
 2.98000   0.947   0.959    -0.54    -0.06 7.2585e-01  -0.359  -0.439
 3.00000   0.936   0.958    -0.55    -0.07 7.3564e-01  -0.358  -0.448
 3.02000   0.925   0.956    -0.55    -0.08 7.4553e-01  -0.358  -0.456
 3.04000   0.914   0.955    -0.56    -0.09 7.5552e-01  -0.357  -0.466
 3.06000   0.903   0.953    -0.57    -0.09 7.6560e-01  -0.356  -0.475
 3.08000   0.891   0.951    -0.57    -0.10 7.7577e-01  -0.355  -0.485
 3.10000   0.880   0.949    -0.58    -0.11 7.8603e-01  -0.354  -0.495
 3.12000   0.868   0.946    -0.59    -0.12 7.9638e-01  -0.353  -0.505
 3.14000   0.856   0.944    -0.60    -0.13 8.0681e-01  -0.352  -0.516
 3.16000   0.844   0.941    -0.60    -0.14 8.1732e-01  -0.351  -0.527
 3.18000   0.832   0.938    -0.61    -0.16 8.2791e-01  -0.350  -0.539
 3.20000   0.820   0.935    -0.62    -0.17 8.3857e-01  -0.349  -0.551
 3.22000   0.808   0.931    -0.62    -0.18 8.4930e-01  -0.348  -0.563
 3.24000   0.795   0.928    -0.63    -0.19 8.6010e-01  -0.346  -0.576
 3.26000   0.782   0.924    -0.64    -0.20 8.7096e-01  -0.345  -0.589
 3.28000   0.770   0.920    -0.64    -0.21 8.8188e-01  -0.343  -0.603
 3.30000   0.757   0.915    -0.65    -0.22 8.9285e-01  -0.341  -0.617
 3.32000   0.744   0.911    -0.66    -0.24 9.0388e-01  -0.339  -0.632
 3.34000   0.730   0.906    -0.66    -0.25 9.1495e-01  -0.337  -0.648
 3.36000   0.717   0.901    -0.67    -0.26 9.2607e-01  -0.335  -0.664
 3.38000   0.704   0.895    -0.68    -0.28 9.3722e-01  -0.332  -0.681
 3.40000   0.690   0.890    -0.68    -0.29 9.4841e-01  -0.329  -0.699
 3.42000   0.676   0.884    -0.69    -0.30 9.5963e-01  -0.326  -0.717
 3.44000   0.662   0.878    -0.70    -0.32 9.7088e-01  -0.323  -0.736
 3.46000   0.648   0.871    -0.70    -0.33 9.8215e-01  -0.319  -0.757
 3.48000   0.634   0.864    -0.71    -0.35 9.9344e-01  -0.315  -0.778
 3.50000   0.620   0.857    -0.72    -0.36 1.0047e+00  -0.311  -0.800
 3.52000   0.605   0.850    -0.72    -0.38 1.0161e+00  -0.306  -0.823
 3.54000   0.591   0.842    -0.73    -0.40 1.0274e+00  -0.301  -0.847
 3.56000   0.576   0.834    -0.73    -0.41 1.0387e+00  -0.295  -0.872
 3.58000   0.562   0.825    -0.74    -0.43 1.0500e+00  -0.288  -0.898
 3.60000   0.547   0.816    -0.75    -0.45 1.0613e+00  -0.281  -0.926
 3.62000   0.532   0.807    -0.75    -0.47 1.0726e+00  -0.273  -0.956
 3.64000   0.517   0.798    -0.76    -0.49 1.0839e+00  -0.264  -0.987
 3.66000   0.501   0.788    -0.76    -0.51 1.0951e+00  -0.254  -1.019
 3.68000   0.486   0.777    -0.77    -0.53 1.1064e+00  -0.243  -1.053
 3.70000   0.471   0.766    -0.77    -0.55 1.1176e+00  -0.231  -1.089
 3.72000   0.455   0.755    -0.78    -0.57 1.1287e+00  -0.217  -1.128
 3.74000   0.440   0.744    -0.78    -0.60 1.1399e+00  -0.202  -1.168
 3.76000   0.424   0.731    -0.78    -0.62 1.1510e+00  -0.185  -1.211
 3.78000   0.408   0.719    -0.79    -0.64 1.1620e+00  -0.166  -1.256
 3.80000   0.393   0.706    -0.79    -0.67 1.1730e+00  -0.145  -1.304
 3.82000   0.377   0.692    -0.79    -0.70 1.1840e+00  -0.122  -1.354
 3.84000   0.361   0.678    -0.80    -0.72 1.1948e+00  -0.095  -1.408
 3.86000   0.345   0.663    -0.80    -0.75 1.2057e+00  -0.066  -1.465
 3.88000   0.329   0.648    -0.80    -0.78 1.2164e+00  -0.032  -1.526
 3.90000   0.313   0.632    -0.80    -0.81 1.2271e+00   0.005  -1.591
 3.92000   0.297   0.615    -0.80    -0.85 1.2378e+00   0.048  -1.660
 3.94000   0.281   0.598    -0.80    -0.88 1.2483e+00   0.096  -1.733
 3.96000   0.265   0.580    -0.79    -0.92 1.2588e+00   0.150  -1.811
 3.98000   0.249   0.561    -0.79    -0.95 1.2692e+00   0.212  -1.894
 4.00000   0.234   0.542    -0.79    -0.99 1.2796e+00   0.282  -1.982
 4.02000   0.218   0.521    -0.78    -1.03 1.2898e+00   0.363  -2.076
 4.04000   0.202   0.500    -0.77    -1.08 1.3000e+00   0.455  -2.176
 4.06000   0.187   0.478    -0.76    -1.12 1.3100e+00   0.560  -2.281
 4.08000   0.172   0.455    -0.75    -1.17 1.3200e+00   0.682  -2.393
 4.10000   0.157   0.432    -0.73    -1.22 1.3299e+00   0.821  -2.511
 4.12000   0.143   0.407    -0.72    -1.27 1.3397e+00   0.983  -2.633
 4.14000   0.129   0.381    -0.69    -1.32 1.3494e+00   1.169  -2.761
 4.16000   0.115   0.354    -0.67    -1.38 1.3590e+00   1.386  -2.891
 4.18000   0.102   0.326    -0.64    -1.44 1.3686e+00   1.637  -3.023
 4.20000   0.089   0.296    -0.60    -1.50 1.3780e+00   1.929  -3.152
 4.22000   0.078   0.266    -0.56    -1.56 1.3873e+00   2.269  -3.273
 4.24000   0.067   0.234    -0.51    -1.63 1.3965e+00   2.663  -3.381
 4.26000   0.057   0.201    -0.45    -1.70 1.4056e+00   3.120  -3.464
 4.28000   0.049   0.166    -0.39    -1.77 1.4146e+00   3.646  -3.509
 4.30000   0.042   0.130    -0.31    -1.84 1.4235e+00   4.248  -3.497
 4.32000   0.037   0.092    -0.22    -1.91 1.4323e+00   4.927  -3.405
 4.34000   0.033   0.054    -0.11    -1.97 1.4410e+00   5.681  -3.203
 4.36000   0.032   0.014     0.01    -2.03 1.4496e+00   6.493  -2.854
 4.38000   0.034  -0.028     0.15    -2.09 1.4581e+00   7.336  -2.320
 4.40000   0.039  -0.070     0.31    -2.13 1.4665e+00   8.158  -1.567
 4.42000   0.046  -0.113     0.48    -2.15 1.4748e+00   8.886  -0.575
 4.44000   0.058  -0.156     0.66    -2.15 1.4829e+00   9.428   0.651
 4.46000   0.073  -0.198     0.85    -2.12 1.4910e+00   9.686   2.061
 4.48000   0.092  -0.240     1.04    -2.06 1.4990e+00   9.579   3.561
 4.50000   0.115  -0.281     1.23    -1.98 1.5068e+00   9.068   5.020
 4.52000   0.141  -0.319     1.40    -1.86 1.5146e+00   8.181   6.296
 4.54000   0.171  -0.355     1.56    -1.73 1.5222e+00   7.005   7.274
 4.56000   0.203  -0.388     1.68    -1.58 1.5298e+00   5.668   7.895
 4.58000   0.238  -0.418     1.78    -1.41 1.5372e+00   4.301   8.156
 4.60000   0.274  -0.445     1.86    -1.25 1.5446e+00   3.012   8.108
 4.62000   0.312  -0.468     1.90    -1.09 1.5518e+00   1.870   7.824
 4.64000   0.350  -0.488     1.93    -0.94 1.5590e+00   0.909   7.382
 4.66000   0.389  -0.506     1.94    -0.80 1.5660e+00   0.130   6.850
 4.68000   0.428  -0.520     1.94    -0.67 1.5730e+00  -0.479   6.282
 4.70000   0.466  -0.532     1.92    -0.55 1.5798e+00  -0.944   5.713
 4.72000   0.505  -0.542     1.90    -0.44 1.5866e+00  -1.287   5.168
 4.74000   0.542  -0.550     1.87    -0.34 1.5932e+00  -1.535   4.660
 4.76000   0.580  -0.556     1.84    -0.25 1.5998e+00  -1.706   4.194
 4.78000   0.616  -0.560     1.81    -0.17 1.6063e+00  -1.819   3.773
 4.80000   0.652  -0.563     1.77    -0.10 1.6127e+00  -1.888   3.394
 4.82000   0.687  -0.564     1.73    -0.03 1.6189e+00  -1.924   3.056
 4.84000   0.721  -0.564     1.69     0.02 1.6251e+00  -1.935   2.755
 4.86000   0.754  -0.563     1.65     0.08 1.6313e+00  -1.927   2.487
 4.88000   0.787  -0.561     1.61     0.12 1.6373e+00  -1.907   2.248
 4.90000   0.819  -0.558     1.58     0.17 1.6432e+00  -1.877   2.036
 4.92000   0.850  -0.554     1.54     0.20 1.6491e+00  -1.840   1.847
 4.94000   0.881  -0.550     1.50     0.24 1.6548e+00  -1.799   1.678
 4.96000   0.910  -0.545     1.47     0.27 1.6605e+00  -1.755   1.528
 4.98000   0.939  -0.539     1.43     0.30 1.6661e+00  -1.710   1.393
 5.00000   0.968  -0.533     1.40     0.33 1.6716e+00  -1.664   1.271
 5.02000   0.995  -0.526     1.37     0.35 1.6770e+00  -1.618   1.162
 5.04000   1.022  -0.519     1.33     0.37 1.6824e+00  -1.573   1.064
 5.06000   1.049  -0.511     1.30     0.39 1.6877e+00  -1.528   0.975
 5.08000   1.074  -0.503     1.27     0.41 1.6928e+00  -1.485   0.895
 5.10000   1.100  -0.494     1.24     0.43 1.6980e+00  -1.443   0.822
 5.12000   1.124  -0.486     1.22     0.45 1.7030e+00  -1.402   0.756
 5.14000   1.148  -0.477     1.19     0.46 1.7080e+00  -1.363   0.696
 5.16000   1.172  -0.467     1.16     0.47 1.7129e+00  -1.325   0.641
 5.18000   1.195  -0.458     1.13     0.49 1.7177e+00  -1.288   0.590
 5.20000   1.217  -0.448     1.11     0.50 1.7224e+00  -1.253   0.544
 5.22000   1.239  -0.438     1.08     0.51 1.7271e+00  -1.220   0.502
 5.24000   1.260  -0.427     1.06     0.52 1.7317e+00  -1.187   0.463
 5.26000   1.281  -0.417     1.04     0.53 1.7363e+00  -1.156   0.427
 5.28000   1.302  -0.406     1.01     0.54 1.7408e+00  -1.127   0.393
 5.30000   1.322  -0.396     0.99     0.54 1.7452e+00  -1.098   0.363
 5.32000   1.342  -0.385     0.97     0.55 1.7495e+00  -1.071   0.334
 5.34000   1.361  -0.374     0.95     0.56 1.7538e+00  -1.045   0.308
 5.36000   1.379  -0.362     0.93     0.56 1.7580e+00  -1.020   0.284
 5.38000   1.398  -0.351     0.91     0.57 1.7622e+00  -0.996   0.261
 5.40000   1.416  -0.340     0.89     0.57 1.7663e+00  -0.973   0.240
 5.42000   1.433  -0.328     0.87     0.58 1.7703e+00  -0.951   0.220
 5.44000   1.451  -0.317     0.85     0.58 1.7743e+00  -0.930   0.202
 5.46000   1.467  -0.305     0.83     0.59 1.7782e+00  -0.909   0.184
 5.48000   1.484  -0.293     0.81     0.59 1.7821e+00  -0.890   0.168
 5.50000   1.500  -0.281     0.80     0.59 1.7859e+00  -0.871   0.153
 5.52000   1.516  -0.270     0.78     0.59 1.7897e+00  -0.853   0.139
 5.54000   1.531  -0.258     0.76     0.60 1.7934e+00  -0.836   0.125
 5.56000   1.546  -0.246     0.75     0.60 1.7970e+00  -0.819   0.113
 5.58000   1.561  -0.234     0.73     0.60 1.8006e+00  -0.803   0.101
 5.60000   1.575  -0.222     0.71     0.60 1.8042e+00  -0.787   0.090
 5.62000   1.590  -0.210     0.70     0.61 1.8077e+00  -0.772   0.079
 5.64000   1.603  -0.197     0.68     0.61 1.8111e+00  -0.758   0.069
 5.66000   1.617  -0.185     0.67     0.61 1.8145e+00  -0.744   0.060
 5.68000   1.630  -0.173     0.65     0.61 1.8178e+00  -0.731   0.051
 5.70000   1.643  -0.161     0.64     0.61 1.8211e+00  -0.718   0.043
 5.72000   1.656  -0.149     0.62     0.61 1.8244e+00  -0.706   0.035
 5.74010   1.668  -0.136     0.61     0.61 1.8276e+00  -0.694   0.027
 5.76010   1.680  -0.124     0.60     0.61 1.8308e+00  -0.682   0.020
 5.78010   1.692  -0.112     0.58     0.61 1.8339e+00  -0.671   0.013
 5.80010   1.703  -0.100     0.57     0.61 1.8370e+00  -0.660   0.007
 5.82010   1.715  -0.087     0.56     0.61 1.8400e+00  -0.650   0.000
 5.84010   1.726  -0.075     0.54     0.61 1.8430e+00  -0.640  -0.006
 5.86010   1.736  -0.063     0.53     0.61 1.8460e+00  -0.630  -0.011
 5.88010   1.747  -0.051     0.52     0.61 1.8489e+00  -0.620  -0.017
 5.90010   1.757  -0.038     0.51     0.61 1.8517e+00  -0.611  -0.022
 5.92010   1.767  -0.026     0.49     0.61 1.8546e+00  -0.602  -0.027
 5.94010   1.777  -0.014     0.48     0.61 1.8574e+00  -0.594  -0.032
 5.96010   1.786  -0.002     0.47     0.61 1.8601e+00  -0.585  -0.036
 5.98010   1.796   0.010     0.46     0.61 1.8628e+00  -0.577  -0.040
 6.00010   1.805   0.023     0.45     0.61 1.8655e+00  -0.569  -0.045
 6.02010   1.814   0.035     0.44     0.61 1.8682e+00  -0.562  -0.049
 6.04010   1.822   0.047     0.42     0.61 1.8708e+00  -0.555  -0.053
 6.06010   1.831   0.059     0.41     0.61 1.8733e+00  -0.547  -0.056
 6.08010   1.839   0.071     0.40     0.60 1.8759e+00  -0.540  -0.060
 6.10010   1.847   0.083     0.39     0.60 1.8784e+00  -0.534  -0.063
 6.12010   1.854   0.095     0.38     0.60 1.8809e+00  -0.527  -0.067
 6.14010   1.862   0.107     0.37     0.60 1.8833e+00  -0.521  -0.070
 6.16010   1.869   0.119     0.36     0.60 1.8857e+00  -0.515  -0.073
 6.18010   1.876   0.131     0.35     0.60 1.8881e+00  -0.509  -0.076
 6.20010   1.883   0.143     0.34     0.60 1.8904e+00  -0.503  -0.079
 6.22010   1.890   0.155     0.33     0.59 1.8928e+00  -0.497  -0.082
 6.24010   1.897   0.167     0.32     0.59 1.8950e+00  -0.492  -0.084
 6.26010   1.903   0.179     0.31     0.59 1.8973e+00  -0.486  -0.087
 6.28010   1.909   0.191     0.30     0.59 1.8995e+00  -0.481  -0.090
 6.30010   1.915   0.202     0.29     0.59 1.9017e+00  -0.476  -0.092
 6.32010   1.921   0.214     0.28     0.59 1.9039e+00  -0.471  -0.095
 6.34010   1.926   0.226     0.27     0.58 1.9061e+00  -0.466  -0.097
 6.36010   1.932   0.237     0.26     0.58 1.9082e+00  -0.462  -0.099
 6.38010   1.937   0.249     0.25     0.58 1.9103e+00  -0.457  -0.102
 6.40010   1.942   0.261     0.24     0.58 1.9123e+00  -0.453  -0.104
 6.42010   1.947   0.272     0.24     0.58 1.9144e+00  -0.448  -0.106
 6.44010   1.951   0.284     0.23     0.57 1.9164e+00  -0.444  -0.108
 6.46010   1.956   0.295     0.22     0.57 1.9184e+00  -0.440  -0.110
 6.48010   1.960   0.306     0.21     0.57 1.9203e+00  -0.436  -0.112
 6.50010   1.964   0.318     0.20     0.57 1.9223e+00  -0.432  -0.114
 6.52010   1.968   0.329     0.19     0.56 1.9242e+00  -0.428  -0.116
 6.54010   1.972   0.340     0.18     0.56 1.9261e+00  -0.425  -0.118
 6.56010   1.975   0.352     0.18     0.56 1.9280e+00  -0.421  -0.120
 6.58010   1.979   0.363     0.17     0.56 1.9298e+00  -0.417  -0.122
 6.60010   1.982   0.374     0.16     0.55 1.9316e+00  -0.414  -0.123
 6.62010   1.985   0.385     0.15     0.55 1.9334e+00  -0.411  -0.125
 6.64010   1.988   0.396     0.14     0.55 1.9352e+00  -0.407  -0.127
 6.66010   1.991   0.407     0.13     0.55 1.9370e+00  -0.404  -0.129
 6.68010   1.993   0.418     0.13     0.54 1.9387e+00  -0.401  -0.130
 6.70010   1.996   0.429     0.12     0.54 1.9405e+00  -0.398  -0.132
 6.72010   1.998   0.439     0.11     0.54 1.9422e+00  -0.395  -0.134
 6.74010   2.000   0.450     0.10     0.54 1.9438e+00  -0.392  -0.135
 6.76010   2.002   0.461     0.09     0.53 1.9455e+00  -0.389  -0.137
 6.78010   2.004   0.472     0.09     0.53 1.9471e+00  -0.387  -0.139
 6.80010   2.006   0.482     0.08     0.53 1.9488e+00  -0.384  -0.140
 6.82010   2.007   0.493     0.07     0.53 1.9504e+00  -0.381  -0.142
 6.84010   2.008   0.503     0.06     0.52 1.9520e+00  -0.379  -0.143
 6.86010   2.010   0.514     0.06     0.52 1.9535e+00  -0.376  -0.145
 6.88010   2.011   0.524     0.05     0.52 1.9551e+00  -0.374  -0.147
 6.90010   2.012   0.534     0.04     0.51 1.9566e+00  -0.372  -0.148
 6.92010   2.012   0.545     0.03     0.51 1.9581e+00  -0.369  -0.150
 6.94010   2.013   0.555     0.03     0.51 1.9596e+00  -0.367  -0.151
 6.96010   2.013   0.565     0.02     0.50 1.9611e+00  -0.365  -0.153
 6.98010   2.014   0.575     0.01     0.50 1.9626e+00  -0.363  -0.154
 7.00010   2.014   0.585     0.00     0.50 1.9640e+00  -0.361  -0.156
 7.02010   2.014   0.595    -0.00     0.50 1.9655e+00  -0.359  -0.157
 7.04010   2.014   0.605    -0.01     0.49 1.9669e+00  -0.357  -0.159
 7.06010   2.013   0.615    -0.02     0.49 1.9683e+00  -0.355  -0.160
 7.08010   2.013   0.624    -0.02     0.49 1.9697e+00  -0.353  -0.162
 7.10010   2.012   0.634    -0.03     0.48 1.9710e+00  -0.351  -0.163
 7.12010   2.012   0.644    -0.04     0.48 1.9724e+00  -0.349  -0.165
 7.14010   2.011   0.653    -0.05     0.48 1.9737e+00  -0.347  -0.166
 7.16010   2.010   0.663    -0.05     0.47 1.9751e+00  -0.346  -0.168
 7.18010   2.009   0.672    -0.06     0.47 1.9764e+00  -0.344  -0.169
 7.20010   2.008   0.681    -0.07     0.47 1.9777e+00  -0.342  -0.171
 7.22010   2.006   0.691    -0.07     0.46 1.9790e+00  -0.341  -0.173
 7.24010   2.005   0.700    -0.08     0.46 1.9802e+00  -0.339  -0.174
 7.26010   2.003   0.709    -0.09     0.46 1.9815e+00  -0.338  -0.176
 7.28010   2.001   0.718    -0.09     0.45 1.9827e+00  -0.336  -0.177
 7.30010   1.999   0.727    -0.10     0.45 1.9840e+00  -0.335  -0.179
 7.32010   1.997   0.736    -0.11     0.44 1.9852e+00  -0.333  -0.180
 7.34010   1.995   0.745    -0.11     0.44 1.9864e+00  -0.332  -0.182
 7.36010   1.993   0.754    -0.12     0.44 1.9876e+00  -0.331  -0.184
 7.38010   1.990   0.762    -0.13     0.43 1.9888e+00  -0.329  -0.185
 7.40010   1.988   0.771    -0.13     0.43 1.9899e+00  -0.328  -0.187
 7.42010   1.985   0.780    -0.14     0.43 1.9911e+00  -0.327  -0.189
 7.44010   1.982   0.788    -0.15     0.42 1.9923e+00  -0.326  -0.190
 7.46010   1.979   0.797    -0.15     0.42 1.9934e+00  -0.324  -0.192
 7.48010   1.976   0.805    -0.16     0.42 1.9945e+00  -0.323  -0.194
 7.50010   1.973   0.813    -0.17     0.41 1.9956e+00  -0.322  -0.195
 7.52010   1.969   0.821    -0.17     0.41 1.9967e+00  -0.321  -0.197
 7.54010   1.966   0.829    -0.18     0.40 1.9978e+00  -0.320  -0.199
 7.56010   1.962   0.838    -0.18     0.40 1.9989e+00  -0.319  -0.201
 7.58010   1.959   0.845    -0.19     0.40 2.0000e+00  -0.318  -0.203
 7.60010   1.955   0.853    -0.20     0.39 2.0010e+00  -0.317  -0.204
 7.62010   1.951   0.861    -0.20     0.39 2.0021e+00  -0.316  -0.206
 7.64010   1.947   0.869    -0.21     0.38 2.0031e+00  -0.315  -0.208
 7.66010   1.942   0.876    -0.22     0.38 2.0041e+00  -0.315  -0.210
 7.68010   1.938   0.884    -0.22     0.37 2.0052e+00  -0.314  -0.212
 7.70010   1.933   0.891    -0.23     0.37 2.0062e+00  -0.313  -0.214
 7.72010   1.929   0.899    -0.23     0.37 2.0072e+00  -0.312  -0.216
 7.74010   1.924   0.906    -0.24     0.36 2.0082e+00  -0.311  -0.218
 7.76010   1.919   0.913    -0.25     0.36 2.0091e+00  -0.311  -0.220
 7.78010   1.914   0.920    -0.25     0.35 2.0101e+00  -0.310  -0.222
 7.80010   1.909   0.927    -0.26     0.35 2.0111e+00  -0.309  -0.224
 7.82010   1.904   0.934    -0.27     0.34 2.0120e+00  -0.309  -0.226
 7.84010   1.898   0.941    -0.27     0.34 2.0130e+00  -0.308  -0.228
 7.86010   1.893   0.948    -0.28     0.33 2.0139e+00  -0.308  -0.231
 7.88010   1.887   0.954    -0.28     0.33 2.0148e+00  -0.307  -0.233
 7.90010   1.881   0.961    -0.29     0.33 2.0157e+00  -0.306  -0.235
 7.92010   1.876   0.967    -0.30     0.32 2.0166e+00  -0.306  -0.237
 7.94010   1.870   0.974    -0.30     0.32 2.0175e+00  -0.305  -0.240
 7.96010   1.863   0.980    -0.31     0.31 2.0184e+00  -0.305  -0.242
 7.98010   1.857   0.986    -0.32     0.31 2.0193e+00  -0.304  -0.245
 8.00010   1.851   0.992    -0.32     0.30 2.0202e+00  -0.304  -0.247
 8.02010   1.844   0.998    -0.33     0.30 2.0211e+00  -0.304  -0.250
 8.04010   1.838   1.004    -0.33     0.29 2.0219e+00  -0.303  -0.252
 8.06010   1.831   1.010    -0.34     0.29 2.0228e+00  -0.303  -0.255
 8.08010   1.824   1.016    -0.35     0.28 2.0236e+00  -0.303  -0.258
 8.10010   1.817   1.021    -0.35     0.28 2.0245e+00  -0.302  -0.260
 8.12010   1.810   1.027    -0.36     0.27 2.0253e+00  -0.302  -0.263
 8.14010   1.803   1.032    -0.36     0.27 2.0261e+00  -0.302  -0.266
 8.16010   1.796   1.037    -0.37     0.26 2.0269e+00  -0.301  -0.269
 8.18010   1.788   1.042    -0.38     0.25 2.0277e+00  -0.301  -0.272
 8.20010   1.781   1.047    -0.38     0.25 2.0285e+00  -0.301  -0.275
 8.22010   1.773   1.052    -0.39     0.24 2.0293e+00  -0.301  -0.278
 8.24010   1.765   1.057    -0.39     0.24 2.0301e+00  -0.300  -0.281
 8.26010   1.757   1.062    -0.40     0.23 2.0309e+00  -0.300  -0.284
 8.28010   1.749   1.067    -0.41     0.23 2.0317e+00  -0.300  -0.287
 8.30010   1.741   1.071    -0.41     0.22 2.0324e+00  -0.300  -0.291
 8.32010   1.733   1.075    -0.42     0.22 2.0332e+00  -0.300  -0.294
 8.34010   1.724   1.080    -0.42     0.21 2.0339e+00  -0.300  -0.298
 8.36010   1.716   1.084    -0.43     0.20 2.0347e+00  -0.300  -0.301
 8.38010   1.707   1.088    -0.44     0.20 2.0354e+00  -0.300  -0.305
 8.40010   1.698   1.092    -0.44     0.19 2.0362e+00  -0.300  -0.309
 8.42010   1.689   1.095    -0.45     0.18 2.0369e+00  -0.300  -0.313
 8.44010   1.680   1.099    -0.45     0.18 2.0376e+00  -0.300  -0.317
 8.46010   1.671   1.103    -0.46     0.17 2.0383e+00  -0.300  -0.321
 8.48010   1.662   1.106    -0.47     0.17 2.0390e+00  -0.300  -0.325
 8.50010   1.653   1.109    -0.47     0.16 2.0397e+00  -0.300  -0.329
 8.52010   1.643   1.112    -0.48     0.15 2.0404e+00  -0.300  -0.333
 8.54010   1.633   1.115    -0.48     0.15 2.0411e+00  -0.300  -0.338
 8.56010   1.624   1.118    -0.49     0.14 2.0418e+00  -0.300  -0.342
 8.58010   1.614   1.121    -0.50     0.13 2.0425e+00  -0.300  -0.347
 8.60010   1.604   1.123    -0.50     0.13 2.0432e+00  -0.300  -0.352
 8.62010   1.594   1.126    -0.51     0.12 2.0438e+00  -0.300  -0.356
 8.64010   1.584   1.128    -0.51     0.11 2.0445e+00  -0.300  -0.362
 8.66010   1.573   1.130    -0.52     0.10 2.0452e+00  -0.300  -0.367
 8.68010   1.563   1.132    -0.53     0.10 2.0458e+00  -0.300  -0.372
 8.70010   1.552   1.134    -0.53     0.09 2.0465e+00  -0.300  -0.377
 8.72010   1.542   1.136    -0.54     0.08 2.0471e+00  -0.300  -0.383
 8.74010   1.531   1.137    -0.54     0.07 2.0477e+00  -0.301  -0.389
 8.76010   1.520   1.139    -0.55     0.07 2.0484e+00  -0.301  -0.395
 8.78010   1.509   1.140    -0.56     0.06 2.0490e+00  -0.301  -0.401
 8.80010   1.498   1.141    -0.56     0.05 2.0496e+00  -0.301  -0.407
 8.82010   1.486   1.142    -0.57     0.04 2.0502e+00  -0.301  -0.414
 8.84010   1.475   1.143    -0.57     0.03 2.0509e+00  -0.301  -0.420
 8.86010   1.463   1.143    -0.58     0.02 2.0515e+00  -0.301  -0.427
 8.88010   1.452   1.144    -0.59     0.02 2.0521e+00  -0.301  -0.434
 8.90010   1.440   1.144    -0.59     0.01 2.0527e+00  -0.301  -0.441
 8.92010   1.428   1.144    -0.60    -0.00 2.0533e+00  -0.301  -0.449
 8.94010   1.416   1.144    -0.60    -0.01 2.0538e+00  -0.301  -0.457
 8.96010   1.404   1.143    -0.61    -0.02 2.0544e+00  -0.301  -0.465
 8.98010   1.392   1.143    -0.62    -0.03 2.0550e+00  -0.301  -0.473
 9.00010   1.379   1.142    -0.62    -0.04 2.0556e+00  -0.301  -0.481
 9.02010   1.367   1.141    -0.63    -0.05 2.0562e+00  -0.301  -0.490
 9.04010   1.354   1.140    -0.63    -0.06 2.0567e+00  -0.301  -0.499
 9.06010   1.341   1.139    -0.64    -0.07 2.0573e+00  -0.301  -0.509
 9.08010   1.328   1.138    -0.65    -0.08 2.0579e+00  -0.301  -0.519
 9.10010   1.316   1.136    -0.65    -0.09 2.0584e+00  -0.300  -0.529
 9.12010   1.302   1.134    -0.66    -0.10 2.0590e+00  -0.300  -0.539
 9.14010   1.289   1.132    -0.66    -0.11 2.0595e+00  -0.300  -0.550
 9.16010   1.276   1.130    -0.67    -0.12 2.0600e+00  -0.299  -0.561
 9.18010   1.262   1.127    -0.68    -0.13 2.0606e+00  -0.299  -0.573
 9.20010   1.249   1.124    -0.68    -0.15 2.0611e+00  -0.298  -0.585
 9.22010   1.235   1.121    -0.69    -0.16 2.0616e+00  -0.297  -0.597
 9.24010   1.221   1.118    -0.69    -0.17 2.0622e+00  -0.296  -0.610
 9.26010   1.207   1.114    -0.70    -0.18 2.0627e+00  -0.295  -0.624
 9.28010   1.193   1.111    -0.71    -0.19 2.0632e+00  -0.294  -0.638
 9.30010   1.179   1.107    -0.71    -0.21 2.0637e+00  -0.293  -0.653
 9.32010   1.165   1.102    -0.72    -0.22 2.0642e+00  -0.291  -0.668
 9.34010   1.150   1.098    -0.72    -0.23 2.0647e+00  -0.290  -0.684
 9.36010   1.136   1.093    -0.73    -0.25 2.0653e+00  -0.288  -0.700
 9.38010   1.121   1.088    -0.73    -0.26 2.0658e+00  -0.286  -0.718
 9.40010   1.107   1.083    -0.74    -0.28 2.0662e+00  -0.283  -0.736
 9.42010   1.092   1.077    -0.75    -0.29 2.0667e+00  -0.281  -0.755
 9.44010   1.077   1.071    -0.75    -0.31 2.0672e+00  -0.278  -0.774
 9.46010   1.062   1.065    -0.76    -0.32 2.0677e+00  -0.274  -0.795
 9.48010   1.046   1.058    -0.76    -0.34 2.0682e+00  -0.270  -0.817
 9.50010   1.031   1.051    -0.77    -0.35 2.0687e+00  -0.266  -0.839
 9.52010   1.016   1.044    -0.77    -0.37 2.0692e+00  -0.262  -0.863
 9.54010   1.000   1.036    -0.78    -0.39 2.0696e+00  -0.256  -0.888
 9.56010   0.985   1.028    -0.78    -0.41 2.0701e+00  -0.251  -0.914
 9.58010   0.969   1.020    -0.79    -0.43 2.0706e+00  -0.244  -0.941
 9.60010   0.953   1.011    -0.79    -0.44 2.0710e+00  -0.237  -0.970
 9.62010   0.937   1.002    -0.80    -0.46 2.0715e+00  -0.229  -1.000
 9.64010   0.921   0.993    -0.80    -0.48 2.0719e+00  -0.220  -1.032
 9.66010   0.905   0.983    -0.81    -0.51 2.0724e+00  -0.210  -1.066
 9.68010   0.889   0.972    -0.81    -0.53 2.0728e+00  -0.199  -1.101
 9.70010   0.873   0.962    -0.81    -0.55 2.0733e+00  -0.186  -1.139
 9.72010   0.856   0.950    -0.82    -0.57 2.0737e+00  -0.172  -1.179
 9.74010   0.840   0.939    -0.82    -0.60 2.0742e+00  -0.157  -1.221
 9.76010   0.823   0.927    -0.82    -0.62 2.0746e+00  -0.139  -1.265
 9.78010   0.807   0.914    -0.83    -0.65 2.0751e+00  -0.119  -1.312
 9.80010   0.790   0.901    -0.83    -0.67 2.0755e+00  -0.097  -1.362
 9.82010   0.774   0.887    -0.83    -0.70 2.0759e+00  -0.073  -1.415
 9.84010   0.757   0.873    -0.83    -0.73 2.0763e+00  -0.045  -1.472
 9.86010   0.741   0.858    -0.83    -0.76 2.0768e+00  -0.013  -1.532
 9.88010   0.724   0.842    -0.83    -0.79 2.0772e+00   0.022  -1.596
 9.90010   0.707   0.826    -0.83    -0.83 2.0776e+00   0.062  -1.664
 9.92010   0.691   0.809    -0.83    -0.86 2.0780e+00   0.108  -1.736
 9.94010   0.674   0.792    -0.83    -0.89 2.0784e+00   0.159  -1.813
 9.96010   0.658   0.773    -0.82    -0.93 2.0788e+00   0.218  -1.896
 9.98010   0.641   0.754    -0.82    -0.97 2.0792e+00   0.285  -1.983
10.00010   0.625   0.734    -0.81    -1.01 2.0797e+00   0.362  -2.077
10.02010   0.609   0.714    -0.80    -1.05 2.0801e+00   0.450  -2.176
10.04010   0.593   0.692    -0.79    -1.10 2.0805e+00   0.551  -2.281
10.06010   0.577   0.670    -0.78    -1.14 2.0808e+00   0.667  -2.393
10.08010   0.561   0.646    -0.77    -1.19 2.0812e+00   0.801  -2.511
10.10010   0.546   0.622    -0.75    -1.25 2.0816e+00   0.956  -2.635
10.12010   0.531   0.597    -0.73    -1.30 2.0820e+00   1.136  -2.765
10.14010   0.517   0.570    -0.70    -1.36 2.0824e+00   1.345  -2.898
10.16010   0.503   0.542    -0.67    -1.42 2.0828e+00   1.588  -3.034
10.18010   0.490   0.513    -0.64    -1.48 2.0832e+00   1.871  -3.169
10.20010   0.478   0.483    -0.60    -1.54 2.0836e+00   2.202  -3.299
10.22010   0.466   0.452    -0.55    -1.61 2.0839e+00   2.588  -3.417
10.24010   0.456   0.419    -0.50    -1.68 2.0843e+00   3.036  -3.514
10.26010   0.446   0.385    -0.43    -1.75 2.0847e+00   3.556  -3.577
10.28010   0.439   0.349    -0.35    -1.82 2.0850e+00   4.155  -3.588
10.30010   0.432   0.312    -0.26    -1.89 2.0854e+00   4.836  -3.523
10.32010   0.428   0.273    -0.16    -1.96 2.0858e+00   5.599  -3.351
10.34010   0.426   0.233    -0.04    -2.03 2.0861e+00   6.432  -3.035
10.36010   0.427   0.192     0.10    -2.08 2.0865e+00   7.309  -2.534
10.38010   0.430   0.150     0.25    -2.13 2.0869e+00   8.181  -1.808
10.40010   0.437   0.107     0.43    -2.15 2.0872e+00   8.976  -0.827
10.42010   0.447   0.064     0.61    -2.16 2.0876e+00   9.596   0.409
10.44010   0.462   0.021     0.81    -2.13 2.0879e+00   9.932   1.859
10.46010   0.480  -0.021     1.01    -2.08 2.0883e+00   9.889   3.428
10.48010   0.502  -0.062     1.20    -2.00 2.0886e+00   9.414   4.977
10.50010   0.528  -0.101     1.38    -1.88 2.0890e+00   8.526   6.350
10.52010   0.557  -0.137     1.54    -1.75 2.0893e+00   7.313   7.414
10.54010   0.589  -0.170     1.67    -1.59 2.0897e+00   5.912   8.095
10.56010   0.624  -0.200     1.78    -1.42 2.0900e+00   4.471   8.387
10.58010   0.660  -0.227     1.85    -1.26 2.0903e+00   3.110   8.342
10.60010   0.697  -0.251     1.90    -1.09 2.0907e+00   1.907   8.040
10.62010   0.736  -0.271     1.93    -0.94 2.0910e+00   0.899   7.569
10.64010   0.774  -0.288     1.94    -0.79 2.0913e+00   0.089   7.004
10.66010   0.813  -0.303     1.93    -0.66 2.0917e+00  -0.540   6.402
10.68010   0.852  -0.315     1.92    -0.53 2.0920e+00  -1.014   5.804
10.70010   0.890  -0.324     1.89    -0.42 2.0923e+00  -1.361   5.233
10.72010   0.927  -0.332     1.86    -0.32 2.0926e+00  -1.607   4.703
10.74010   0.964  -0.337     1.83    -0.24 2.0930e+00  -1.775   4.220
10.76010   1.001  -0.341     1.79    -0.16 2.0933e+00  -1.883   3.785
10.78010   1.036  -0.343     1.75    -0.08 2.0936e+00  -1.946   3.396
10.80010   1.071  -0.344     1.72    -0.02 2.0939e+00  -1.975   3.049
10.82010   1.105  -0.344     1.68     0.04 2.0942e+00  -1.980   2.742
10.84010   1.138  -0.343     1.64     0.09 2.0945e+00  -1.967   2.470
10.86010   1.170  -0.341     1.60     0.14 2.0948e+00  -1.941   2.228
10.88010   1.202  -0.337     1.56     0.18 2.0952e+00  -1.906   2.014
10.90010   1.232  -0.333     1.52     0.22 2.0955e+00  -1.865   1.823
10.92010   1.262  -0.329     1.48     0.25 2.0958e+00  -1.820   1.654
10.94010   1.292  -0.323     1.45     0.28 2.0961e+00  -1.773   1.503
10.96010   1.320  -0.317     1.41     0.31 2.0964e+00  -1.725   1.368
10.98010   1.348  -0.311     1.38     0.34 2.0967e+00  -1.676   1.247
11.00010   1.376  -0.304     1.35     0.36 2.0970e+00  -1.628   1.138
11.02010   1.402  -0.296     1.31     0.39 2.0973e+00  -1.581   1.040
11.04010   1.428  -0.288     1.28     0.40 2.0976e+00  -1.534   0.952
11.06010   1.453  -0.280     1.25     0.42 2.0979e+00  -1.489   0.872
11.08010   1.478  -0.271     1.22     0.44 2.0981e+00  -1.446   0.800
11.10010   1.502  -0.262     1.19     0.46 2.0984e+00  -1.404   0.735
11.12010   1.526  -0.253     1.17     0.47 2.0987e+00  -1.363   0.675
11.14010   1.549  -0.244     1.14     0.48 2.0990e+00  -1.324   0.621
11.16010   1.572  -0.234     1.11     0.49 2.0993e+00  -1.287   0.571
11.18010   1.594  -0.224     1.09     0.51 2.0996e+00  -1.251   0.526
11.20010   1.615  -0.214     1.06     0.52 2.0999e+00  -1.217   0.484
11.22010   1.636  -0.203     1.04     0.52 2.1001e+00  -1.184   0.446
11.24010   1.657  -0.193     1.02     0.53 2.1004e+00  -1.153   0.410
11.26010   1.677  -0.182     0.99     0.54 2.1007e+00  -1.123   0.378
11.28010   1.697  -0.171     0.97     0.55 2.1010e+00  -1.094   0.348
11.30010   1.716  -0.160     0.95     0.55 2.1012e+00  -1.066   0.320
11.32010   1.735  -0.149     0.93     0.56 2.1015e+00  -1.040   0.294
11.34010   1.753  -0.138     0.91     0.57 2.1018e+00  -1.015   0.270
11.36010   1.771  -0.126     0.89     0.57 2.1021e+00  -0.991   0.248
11.38010   1.788  -0.115     0.87     0.58 2.1023e+00  -0.967   0.227
11.40010   1.806  -0.103     0.85     0.58 2.1026e+00  -0.945   0.208
11.42010   1.822  -0.092     0.83     0.58 2.1029e+00  -0.924   0.190
11.44010   1.839  -0.080     0.81     0.59 2.1031e+00  -0.903   0.173
11.46010   1.855  -0.068     0.79     0.59 2.1034e+00  -0.884   0.157
11.48010   1.871  -0.056     0.78     0.59 2.1036e+00  -0.865   0.143
11.50010   1.886  -0.044     0.76     0.60 2.1039e+00  -0.847   0.129
11.52010   1.901  -0.032     0.74     0.60 2.1042e+00  -0.829   0.116
11.54010   1.916  -0.020     0.73     0.60 2.1044e+00  -0.813   0.104
11.56010   1.930  -0.008     0.71     0.60 2.1047e+00  -0.797   0.092
11.58010   1.944   0.004     0.70     0.61 2.1049e+00  -0.781   0.081
11.60010   1.958   0.016     0.68     0.61 2.1052e+00  -0.766   0.071
11.62010   1.971   0.028     0.66     0.61 2.1054e+00  -0.752   0.061
11.64010   1.985   0.040     0.65     0.61 2.1057e+00  -0.738   0.052
11.66010   1.997   0.053     0.64     0.61 2.1059e+00  -0.725   0.044
11.68010   2.010   0.065     0.62     0.61 2.1062e+00  -0.712   0.036
11.70010   2.022   0.077     0.61     0.61 2.1064e+00  -0.700   0.028
11.72010   2.034   0.089     0.59     0.61 2.1067e+00  -0.688   0.020
11.74010   2.046   0.102     0.58     0.61 2.1069e+00  -0.676   0.013
11.76010   2.057   0.114     0.57     0.61 2.1072e+00  -0.665   0.007
11.78010   2.069   0.126     0.55     0.61 2.1074e+00  -0.654   0.000
11.80010   2.080   0.138     0.54     0.61 2.1076e+00  -0.644  -0.006
11.82010   2.090   0.151     0.53     0.61 2.1079e+00  -0.634  -0.011
11.84010   2.101   0.163     0.51     0.61 2.1081e+00  -0.624  -0.017
11.86010   2.111   0.175     0.50     0.61 2.1084e+00  -0.615  -0.022
11.88010   2.121   0.187     0.49     0.61 2.1086e+00  -0.605  -0.027
11.90010   2.130   0.200     0.48     0.61 2.1088e+00  -0.597  -0.032
11.92010   2.140   0.212     0.47     0.61 2.1091e+00  -0.588  -0.036
11.94010   2.149   0.224     0.45     0.61 2.1093e+00  -0.580  -0.041
11.96010   2.158   0.236     0.44     0.61 2.1095e+00  -0.572  -0.045
11.98010   2.167   0.248     0.43     0.61 2.1098e+00  -0.564  -0.049
12.00010   2.175   0.261     0.42     0.61 2.1100e+00  -0.557  -0.053
12.02010   2.183   0.273     0.41     0.61 2.1102e+00  -0.549  -0.057
12.04010   2.192   0.285     0.40     0.60 2.1104e+00  -0.542  -0.060
12.06010   2.199   0.297     0.39     0.60 2.1107e+00  -0.535  -0.064
12.08010   2.207   0.309     0.38     0.60 2.1109e+00  -0.529  -0.067
12.10010   2.214   0.321     0.37     0.60 2.1111e+00  -0.522  -0.070
12.12010   2.222   0.333     0.36     0.60 2.1113e+00  -0.516  -0.074
12.14010   2.229   0.345     0.35     0.60 2.1116e+00  -0.510  -0.077
12.16010   2.235   0.357     0.34     0.60 2.1118e+00  -0.504  -0.079
12.18010   2.242   0.369     0.33     0.59 2.1120e+00  -0.498  -0.082
12.20010   2.248   0.381     0.32     0.59 2.1122e+00  -0.492  -0.085
12.22010   2.255   0.393     0.31     0.59 2.1124e+00  -0.487  -0.088
12.24010   2.261   0.404     0.30     0.59 2.1126e+00  -0.482  -0.090
12.26010   2.267   0.416     0.29     0.59 2.1129e+00  -0.476  -0.093
12.28010   2.272   0.428     0.28     0.59 2.1131e+00  -0.471  -0.095
12.30010   2.278   0.440     0.27     0.58 2.1133e+00  -0.467  -0.098
12.32010   2.283   0.451     0.26     0.58 2.1135e+00  -0.462  -0.100
12.34010   2.288   0.463     0.25     0.58 2.1137e+00  -0.457  -0.102
12.36010   2.293   0.474     0.24     0.58 2.1139e+00  -0.453  -0.104
12.38010   2.298   0.486     0.23     0.58 2.1141e+00  -0.448  -0.106
12.40010   2.302   0.498     0.22     0.57 2.1143e+00  -0.444  -0.109
12.42010   2.306   0.509     0.21     0.57 2.1145e+00  -0.440  -0.111
12.44010   2.311   0.520     0.20     0.57 2.1147e+00  -0.436  -0.113
12.46010   2.315   0.532     0.20     0.57 2.1149e+00  -0.432  -0.115
12.48010   2.318   0.543     0.19     0.56 2.1151e+00  -0.428  -0.116
12.50010   2.322   0.554     0.18     0.56 2.1153e+00  -0.424  -0.118
12.52010   2.326   0.566     0.17     0.56 2.1155e+00  -0.421  -0.120
12.54010   2.329   0.577     0.16     0.56 2.1157e+00  -0.417  -0.122
12.56010   2.332   0.588     0.15     0.56 2.1159e+00  -0.414  -0.124
12.58010   2.335   0.599     0.15     0.55 2.1161e+00  -0.410  -0.126
12.60010   2.338   0.610     0.14     0.55 2.1163e+00  -0.407  -0.127
12.62010   2.340   0.621     0.13     0.55 2.1165e+00  -0.404  -0.129
12.64010   2.343   0.632     0.12     0.54 2.1167e+00  -0.400  -0.131
12.66010   2.345   0.643     0.11     0.54 2.1169e+00  -0.397  -0.132
12.68010   2.348   0.654     0.10     0.54 2.1171e+00  -0.394  -0.134
12.70010   2.350   0.664     0.10     0.54 2.1173e+00  -0.392  -0.136
12.72010   2.351   0.675     0.09     0.53 2.1175e+00  -0.389  -0.137
12.74010   2.353   0.686     0.08     0.53 2.1177e+00  -0.386  -0.139
12.76010   2.355   0.696     0.07     0.53 2.1179e+00  -0.383  -0.140
12.78010   2.356   0.707     0.07     0.53 2.1181e+00  -0.381  -0.142
12.80010   2.357   0.717     0.06     0.52 2.1183e+00  -0.378  -0.144
12.82010   2.358   0.728     0.05     0.52 2.1185e+00  -0.375  -0.145
12.84010   2.359   0.738     0.04     0.52 2.1186e+00  -0.373  -0.147
12.86010   2.360   0.748     0.04     0.51 2.1188e+00  -0.371  -0.148
12.88010   2.361   0.759     0.03     0.51 2.1190e+00  -0.368  -0.150
12.90010   2.361   0.769     0.02     0.51 2.1192e+00  -0.366  -0.151
12.92010   2.362   0.779     0.01     0.51 2.1194e+00  -0.364  -0.153
12.94010   2.362   0.789     0.01     0.50 2.1196e+00  -0.362  -0.154
12.96010   2.362   0.799    -0.00     0.50 2.1197e+00  -0.360  -0.156
12.98010   2.362   0.809    -0.01     0.50 2.1199e+00  -0.357  -0.157
13.00010   2.362   0.819    -0.01     0.49 2.1201e+00  -0.355  -0.159
13.02010   2.361   0.829    -0.02     0.49 2.1203e+00  -0.354  -0.160
13.04010   2.361   0.838    -0.03     0.49 2.1205e+00  -0.352  -0.162
13.06010   2.360   0.848    -0.04     0.48 2.1206e+00  -0.350  -0.163
13.08010   2.359   0.858    -0.04     0.48 2.1208e+00  -0.348  -0.165
13.10010   2.358   0.867    -0.05     0.48 2.1210e+00  -0.346  -0.166
13.12010   2.357   0.877    -0.06     0.47 2.1212e+00  -0.344  -0.168
13.14010   2.356   0.886    -0.06     0.47 2.1213e+00  -0.343  -0.169
13.16010   2.355   0.896    -0.07     0.47 2.1215e+00  -0.341  -0.171
13.18010   2.353   0.905    -0.08     0.46 2.1217e+00  -0.339  -0.172
13.20010   2.352   0.914    -0.08     0.46 2.1219e+00  -0.338  -0.174
13.22010   2.350   0.923    -0.09     0.46 2.1220e+00  -0.336  -0.175
13.24010   2.348   0.932    -0.10     0.45 2.1222e+00  -0.335  -0.177
13.26010   2.346   0.941    -0.10     0.45 2.1224e+00  -0.333  -0.179
13.28010   2.344   0.950    -0.11     0.45 2.1225e+00  -0.332  -0.180
13.30010   2.342   0.959    -0.12     0.44 2.1227e+00  -0.331  -0.182
13.32010   2.339   0.968    -0.12     0.44 2.1229e+00  -0.329  -0.183
13.34010   2.337   0.977    -0.13     0.43 2.1231e+00  -0.328  -0.185
13.36010   2.334   0.985    -0.14     0.43 2.1232e+00  -0.327  -0.187
13.38010   2.331   0.994    -0.14     0.43 2.1234e+00  -0.326  -0.188
13.40010   2.328   1.002    -0.15     0.42 2.1236e+00  -0.324  -0.190
13.42010   2.325   1.011    -0.16     0.42 2.1237e+00  -0.323  -0.192
13.44010   2.322   1.019    -0.16     0.42 2.1239e+00  -0.322  -0.193
13.46010   2.319   1.027    -0.17     0.41 2.1240e+00  -0.321  -0.195
13.48010   2.315   1.036    -0.18     0.41 2.1242e+00  -0.320  -0.197
13.50010   2.312   1.044    -0.18     0.40 2.1244e+00  -0.319  -0.199
13.52010   2.308   1.052    -0.19     0.40 2.1245e+00  -0.318  -0.200
13.54010   2.304   1.060    -0.19     0.40 2.1247e+00  -0.317  -0.202
13.56010   2.300   1.068    -0.20     0.39 2.1248e+00  -0.316  -0.204
13.58010   2.296   1.075    -0.21     0.39 2.1250e+00  -0.315  -0.206
13.60010   2.292   1.083    -0.21     0.38 2.1252e+00  -0.314  -0.208
13.62010   2.288   1.091    -0.22     0.38 2.1253e+00  -0.313  -0.209
13.64010   2.283   1.098    -0.23     0.37 2.1255e+00  -0.312  -0.211
13.66010   2.278   1.106    -0.23     0.37 2.1256e+00  -0.312  -0.213
13.68010   2.274   1.113    -0.24     0.37 2.1258e+00  -0.311  -0.215
13.70010   2.269   1.120    -0.25     0.36 2.1259e+00  -0.310  -0.217
13.72010   2.264   1.128    -0.25     0.36 2.1261e+00  -0.309  -0.219
13.74010   2.259   1.135    -0.26     0.35 2.1263e+00  -0.309  -0.221
13.76010   2.254   1.142    -0.26     0.35 2.1264e+00  -0.308  -0.223
13.78010   2.248   1.149    -0.27     0.34 2.1266e+00  -0.307  -0.226
13.80010   2.243   1.156    -0.28     0.34 2.1267e+00  -0.307  -0.228
13.82010   2.237   1.162    -0.28     0.34 2.1269e+00  -0.306  -0.230
13.84010   2.232   1.169    -0.29     0.33 2.1270e+00  -0.306  -0.232
13.86010   2.226   1.175    -0.29     0.33 2.1272e+00  -0.305  -0.234
13.88010   2.220   1.182    -0.30     0.32 2.1273e+00  -0.305  -0.237
13.90010   2.214   1.188    -0.31     0.32 2.1275e+00  -0.304  -0.239
13.92010   2.208   1.195    -0.31     0.31 2.1276e+00  -0.304  -0.241
13.94010   2.201   1.201    -0.32     0.31 2.1278e+00  -0.303  -0.244
13.96010   2.195   1.207    -0.32     0.30 2.1279e+00  -0.303  -0.246
13.98010   2.188   1.213    -0.33     0.30 2.1280e+00  -0.302  -0.249
14.00010   2.182   1.219    -0.34     0.29 2.1282e+00  -0.302  -0.251
14.02010   2.175   1.225    -0.34     0.29 2.1283e+00  -0.301  -0.254
14.04010   2.168   1.230    -0.35     0.28 2.1285e+00  -0.301  -0.257
14.06010   2.161   1.236    -0.35     0.28 2.1286e+00  -0.301  -0.259
14.08010   2.154   1.241    -0.36     0.27 2.1288e+00  -0.300  -0.262
14.10010   2.146   1.247    -0.37     0.27 2.1289e+00  -0.300  -0.265
14.12010   2.139   1.252    -0.37     0.26 2.1291e+00  -0.300  -0.268
14.14010   2.132   1.257    -0.38     0.26 2.1292e+00  -0.300  -0.271
14.16010   2.124   1.262    -0.38     0.25 2.1293e+00  -0.299  -0.274
14.18010   2.116   1.267    -0.39     0.24 2.1295e+00  -0.299  -0.277
14.20010   2.108   1.272    -0.40     0.24 2.1296e+00  -0.299  -0.280
14.22010   2.100   1.277    -0.40     0.23 2.1298e+00  -0.299  -0.283
14.24010   2.092   1.281    -0.41     0.23 2.1299e+00  -0.299  -0.286
14.26010   2.084   1.286    -0.41     0.22 2.1300e+00  -0.299  -0.289
14.28010   2.076   1.290    -0.42     0.22 2.1302e+00  -0.299  -0.293
14.30010   2.067   1.294    -0.43     0.21 2.1303e+00  -0.298  -0.296
14.32010   2.058   1.299    -0.43     0.20 2.1304e+00  -0.298  -0.300
14.34010   2.050   1.303    -0.44     0.20 2.1306e+00  -0.298  -0.304
14.36010   2.041   1.307    -0.44     0.19 2.1307e+00  -0.298  -0.307
14.38010   2.032   1.310    -0.45     0.19 2.1309e+00  -0.298  -0.311
14.40010   2.023   1.314    -0.46     0.18 2.1310e+00  -0.298  -0.315
14.42010   2.014   1.317    -0.46     0.17 2.1311e+00  -0.298  -0.319
14.44010   2.004   1.321    -0.47     0.17 2.1313e+00  -0.298  -0.323
14.46010   1.995   1.324    -0.47     0.16 2.1314e+00  -0.298  -0.327
14.48010   1.985   1.327    -0.48     0.15 2.1315e+00  -0.298  -0.331
14.50010   1.976   1.330    -0.49     0.15 2.1317e+00  -0.298  -0.336
14.52010   1.966   1.333    -0.49     0.14 2.1318e+00  -0.298  -0.340
14.54010   1.956   1.336    -0.50     0.13 2.1319e+00  -0.298  -0.345
14.56010   1.946   1.339    -0.50     0.13 2.1320e+00  -0.298  -0.350
14.58010   1.936   1.341    -0.51     0.12 2.1322e+00  -0.299  -0.354
14.60010   1.926   1.343    -0.52     0.11 2.1323e+00  -0.299  -0.359
14.62010   1.915   1.345    -0.52     0.11 2.1324e+00  -0.299  -0.365
14.64010   1.905   1.348    -0.53     0.10 2.1326e+00  -0.299  -0.370
14.66010   1.894   1.349    -0.53     0.09 2.1327e+00  -0.299  -0.375
14.68010   1.883   1.351    -0.54     0.08 2.1328e+00  -0.299  -0.381
14.70010   1.873   1.353    -0.55     0.08 2.1329e+00  -0.299  -0.386
14.72010   1.862   1.354    -0.55     0.07 2.1331e+00  -0.299  -0.392
14.74010   1.850   1.355    -0.56     0.06 2.1332e+00  -0.299  -0.398
14.76010   1.839   1.357    -0.56     0.05 2.1333e+00  -0.299  -0.404
14.78010   1.828   1.357    -0.57     0.04 2.1334e+00  -0.300  -0.411
14.80010   1.816   1.358    -0.58     0.03 2.1336e+00  -0.300  -0.417
14.82010   1.805   1.359    -0.58     0.03 2.1337e+00  -0.300  -0.424
14.84010   1.793   1.359    -0.59     0.02 2.1338e+00  -0.300  -0.431
14.86010   1.781   1.360    -0.59     0.01 2.1339e+00  -0.300  -0.438
14.88010   1.769   1.360    -0.60     0.00 2.1341e+00  -0.300  -0.446
14.90010   1.757   1.360    -0.61    -0.01 2.1342e+00  -0.300  -0.453
14.92010   1.745   1.359    -0.61    -0.02 2.1343e+00  -0.300  -0.461
14.94010   1.733   1.359    -0.62    -0.03 2.1344e+00  -0.300  -0.469
14.96010   1.720   1.358    -0.62    -0.04 2.1346e+00  -0.300  -0.478
14.98010   1.708   1.357    -0.63    -0.05 2.1347e+00  -0.300  -0.487
15.00010   1.695   1.356    -0.64    -0.06 2.1348e+00  -0.300  -0.496
15.02010   1.683   1.355    -0.64    -0.07 2.1349e+00  -0.300  -0.505
15.04010   1.670   1.354    -0.65    -0.08 2.1350e+00  -0.299  -0.514
15.06010   1.657   1.352    -0.65    -0.09 2.1351e+00  -0.299  -0.524
15.08010   1.643   1.350    -0.66    -0.10 2.1353e+00  -0.299  -0.535
15.10010   1.630   1.348    -0.67    -0.11 2.1354e+00  -0.299  -0.545
15.12010   1.617   1.346    -0.67    -0.12 2.1355e+00  -0.298  -0.556
15.14010   1.603   1.344    -0.68    -0.13 2.1356e+00  -0.298  -0.568
15.16010   1.590   1.341    -0.68    -0.14 2.1357e+00  -0.297  -0.580
15.18010   1.576   1.338    -0.69    -0.15 2.1359e+00  -0.296  -0.592
15.20010   1.562   1.335    -0.70    -0.17 2.1360e+00  -0.295  -0.605
15.22010   1.548   1.331    -0.70    -0.18 2.1361e+00  -0.294  -0.618
15.24010   1.534   1.328    -0.71    -0.19 2.1362e+00  -0.293  -0.632
15.26010   1.520   1.324    -0.71    -0.20 2.1363e+00  -0.292  -0.647
15.28010   1.506   1.319    -0.72    -0.22 2.1364e+00  -0.291  -0.662
15.30010   1.491   1.315    -0.72    -0.23 2.1365e+00  -0.289  -0.677
15.32010   1.477   1.310    -0.73    -0.24 2.1367e+00  -0.287  -0.694
15.34010   1.462   1.305    -0.74    -0.26 2.1368e+00  -0.285  -0.711
15.36010   1.447   1.300    -0.74    -0.27 2.1369e+00  -0.283  -0.728
15.38010   1.432   1.294    -0.75    -0.29 2.1370e+00  -0.280  -0.747
15.40010   1.417   1.289    -0.75    -0.30 2.1371e+00  -0.278  -0.766
15.42010   1.402   1.282    -0.76    -0.32 2.1372e+00  -0.274  -0.786
15.44010   1.387   1.276    -0.76    -0.33 2.1373e+00  -0.271  -0.808
15.46010   1.372   1.269    -0.77    -0.35 2.1374e+00  -0.267  -0.830
15.48010   1.356   1.262    -0.77    -0.37 2.1375e+00  -0.262  -0.853
15.50010   1.341   1.254    -0.78    -0.38 2.1377e+00  -0.257  -0.877
15.52010   1.325   1.247    -0.79    -0.40 2.1378e+00  -0.252  -0.903
15.54010   1.309   1.238    -0.79    -0.42 2.1379e+00  -0.246  -0.930
15.56010   1.293   1.230    -0.79    -0.44 2.1380e+00  -0.239  -0.958
15.58010   1.277   1.221    -0.80    -0.46 2.1381e+00  -0.231  -0.988
15.60010   1.261   1.211    -0.80    -0.48 2.1382e+00  -0.222  -1.019
15.62010   1.245   1.202    -0.81    -0.50 2.1383e+00  -0.213  -1.052
15.64010   1.229   1.192    -0.81    -0.52 2.1384e+00  -0.202  -1.087
15.66010   1.213   1.181    -0.82    -0.54 2.1385e+00  -0.190  -1.124
15.68010   1.196   1.170    -0.82    -0.56 2.1386e+00  -0.177  -1.163
15.70010   1.180   1.158    -0.82    -0.59 2.1387e+00  -0.162  -1.204
15.72010   1.163   1.146    -0.83    -0.61 2.1388e+00  -0.145  -1.247
15.74010   1.147   1.134    -0.83    -0.64 2.1389e+00  -0.126  -1.293
15.76010   1.130   1.121    -0.83    -0.66 2.1390e+00  -0.105  -1.342
15.78010   1.114   1.107    -0.83    -0.69 2.1391e+00  -0.082  -1.394
15.80010   1.097   1.093    -0.84    -0.72 2.1393e+00  -0.055  -1.449
15.82010   1.080   1.078    -0.84    -0.75 2.1394e+00  -0.025  -1.508
15.84010   1.063   1.063    -0.84    -0.78 2.1395e+00   0.009  -1.570
15.86010   1.047   1.047    -0.84    -0.81 2.1396e+00   0.047  -1.636
15.88010   1.030   1.030    -0.83    -0.85 2.1397e+00   0.090  -1.707
15.90010   1.013   1.013    -0.83    -0.88 2.1398e+00   0.139  -1.782
15.92010   0.997   0.995    -0.83    -0.92 2.1399e+00   0.195  -1.862
15.94010   0.980   0.976    -0.82    -0.96 2.1400e+00   0.259  -1.948
15.96010   0.964   0.957    -0.82    -1.00 2.1401e+00   0.332  -2.039
15.98010   0.947   0.937    -0.81    -1.04 2.1402e+00   0.415  -2.136
16.00010   0.931   0.915    -0.80    -1.08 2.1403e+00   0.510  -2.239
16.02010   0.915   0.893    -0.79    -1.13 2.1404e+00   0.620  -2.349
16.04010   0.900   0.870    -0.78    -1.18 2.1405e+00   0.747  -2.464
16.06010   0.884   0.846    -0.76    -1.23 2.1406e+00   0.893  -2.586
16.08010   0.869   0.821    -0.74    -1.28 2.1407e+00   1.063  -2.714
16.10010   0.855   0.795    -0.72    -1.33 2.1408e+00   1.260  -2.846
16.12010   0.841   0.768    -0.69    -1.39 2.1409e+00   1.490  -2.981
16.14010   0.827   0.739    -0.66    -1.45 2.1410e+00   1.757  -3.117
16.16010   0.814   0.710    -0.62    -1.52 2.1411e+00   2.068  -3.250
16.18010   0.803   0.679    -0.57    -1.58 2.1412e+00   2.432  -3.374
16.20010   0.792   0.646    -0.52    -1.65 2.1413e+00   2.855  -3.481
16.22010   0.782   0.613    -0.46    -1.72 2.1414e+00   3.347  -3.559
16.24010   0.773   0.577    -0.39    -1.79 2.1415e+00   3.914  -3.593
16.26010   0.766   0.541    -0.30    -1.87 2.1416e+00   4.564  -3.561
16.28010   0.761   0.503    -0.20    -1.94 2.1416e+00   5.297  -3.435
16.30010   0.758   0.463    -0.09    -2.00 2.1417e+00   6.106  -3.180
16.32010   0.758   0.423     0.04    -2.06 2.1418e+00   6.971  -2.755
16.34010   0.760   0.381     0.19    -2.11 2.1419e+00   7.854  -2.120
16.36010   0.765   0.338     0.35    -2.15 2.1420e+00   8.691  -1.239
16.38010   0.774   0.295     0.54    -2.16 2.1421e+00   9.393  -0.098
16.40010   0.787   0.252     0.73    -2.15 2.1422e+00   9.853   1.280
16.42010   0.804   0.210     0.93    -2.11 2.1423e+00   9.967   2.821
16.44010   0.824   0.168     1.12    -2.03 2.1424e+00   9.660   4.399
16.46010   0.848   0.129     1.31    -1.93 2.1425e+00   8.923   5.861
16.48010   0.876   0.091     1.48    -1.80 2.1426e+00   7.817   7.059
16.50010   0.907   0.057     1.62    -1.65 2.1427e+00   6.468   7.893
16.52010   0.941   0.025     1.74    -1.49 2.1428e+00   5.023   8.331
16.54010   0.977  -0.003     1.82    -1.32 2.1429e+00   3.616   8.406
16.56010   1.014  -0.028     1.88    -1.15 2.1430e+00   2.344   8.191
16.58010   1.052  -0.049     1.92    -0.99 2.1430e+00   1.258   7.773
16.60010   1.090  -0.067     1.93    -0.84 2.1431e+00   0.372   7.234
16.62010   1.129  -0.083     1.93    -0.71 2.1432e+00  -0.324   6.639
16.64010   1.168  -0.096     1.92    -0.58 2.1433e+00  -0.855   6.034
16.66010   1.206  -0.106     1.90    -0.46 2.1434e+00  -1.247   5.449
16.68010   1.244  -0.114     1.87    -0.36 2.1435e+00  -1.528   4.901
16.70010   1.281  -0.121     1.84    -0.27 2.1436e+00  -1.723   4.399
16.72010   1.317  -0.125     1.80    -0.18 2.1437e+00  -1.852   3.945
16.74010   1.353  -0.128     1.77    -0.11 2.1438e+00  -1.930   3.538
16.76010   1.388  -0.129     1.73    -0.04 2.1439e+00  -1.970   3.176
16.78010   1.422  -0.130     1.69     0.02 2.1439e+00  -1.983   2.854
16.80010   1.455  -0.129     1.65     0.07 2.1440e+00  -1.976   2.569
16.82010   1.488  -0.127     1.61     0.12 2.1441e+00  -1.954   2.316
16.84010   1.520  -0.124     1.57     0.17 2.1442e+00  -1.922   2.091
16.86010   1.551  -0.120     1.53     0.20 2.1443e+00  -1.883   1.892
16.88010   1.581  -0.116     1.49     0.24 2.1444e+00  -1.839   1.715
16.90010   1.611  -0.111     1.46     0.27 2.1445e+00  -1.792   1.557
16.92010   1.639  -0.105     1.42     0.30 2.1446e+00  -1.744   1.416
16.94010   1.668  -0.099     1.39     0.33 2.1446e+00  -1.696   1.290
16.96010   1.695  -0.092     1.36     0.35 2.1447e+00  -1.647   1.177
16.98010   1.722  -0.084     1.32     0.38 2.1448e+00  -1.599   1.075
17.00010   1.748  -0.077     1.29     0.40 2.1449e+00  -1.552   0.983
17.02010   1.773  -0.068     1.26     0.42 2.1450e+00  -1.507   0.901
17.04010   1.798  -0.060     1.23     0.43 2.1451e+00  -1.462   0.826
17.06010   1.823  -0.051     1.20     0.45 2.1452e+00  -1.420   0.758
17.08010   1.846  -0.042     1.17     0.46 2.1452e+00  -1.379   0.696
17.10010   1.870  -0.033     1.15     0.48 2.1453e+00  -1.339   0.640
17.12010   1.892  -0.023     1.12     0.49 2.1454e+00  -1.301   0.588
17.14010   1.915  -0.013     1.10     0.50 2.1455e+00  -1.265   0.541
17.16010   1.936  -0.003     1.07     0.51 2.1456e+00  -1.230   0.498
17.18010   1.957   0.007     1.05     0.52 2.1457e+00  -1.196   0.459
17.20010   1.978   0.018     1.02     0.53 2.1457e+00  -1.164   0.422
17.22010   1.998   0.029     1.00     0.54 2.1458e+00  -1.134   0.389
17.24010   2.018   0.040     0.98     0.55 2.1459e+00  -1.105   0.358
17.26010   2.037   0.050     0.96     0.55 2.1460e+00  -1.077   0.329
17.28010   2.056   0.062     0.93     0.56 2.1461e+00  -1.050   0.303
17.30010   2.075   0.073     0.91     0.56 2.1462e+00  -1.024   0.278
17.32010   2.093   0.084     0.89     0.57 2.1462e+00  -0.999   0.255
17.34010   2.110   0.096     0.87     0.57 2.1463e+00  -0.976   0.234
17.36010   2.128   0.107     0.85     0.58 2.1464e+00  -0.953   0.214
17.38010   2.145   0.119     0.84     0.58 2.1465e+00  -0.931   0.196
17.40010   2.161   0.131     0.82     0.59 2.1466e+00  -0.911   0.179
17.42010   2.177   0.142     0.80     0.59 2.1466e+00  -0.891   0.163
17.44010   2.193   0.154     0.78     0.59 2.1467e+00  -0.872   0.148
17.46010   2.208   0.166     0.76     0.60 2.1468e+00  -0.853   0.133
17.48010   2.224   0.178     0.75     0.60 2.1469e+00  -0.836   0.120
17.50010   2.238   0.190     0.73     0.60 2.1470e+00  -0.819   0.108
17.52010   2.253   0.202     0.71     0.60 2.1470e+00  -0.802   0.096
17.54010   2.267   0.214     0.70     0.61 2.1471e+00  -0.787   0.085
17.56010   2.281   0.226     0.68     0.61 2.1472e+00  -0.771   0.074
17.58010   2.294   0.238     0.67     0.61 2.1473e+00  -0.757   0.065
17.60010   2.307   0.251     0.65     0.61 2.1473e+00  -0.743   0.055
17.62010   2.320   0.263     0.64     0.61 2.1474e+00  -0.729   0.046
17.64010   2.333   0.275     0.62     0.61 2.1475e+00  -0.716   0.038
17.66010   2.345   0.287     0.61     0.61 2.1476e+00  -0.704   0.030
17.68010   2.357   0.299     0.60     0.61 2.1477e+00  -0.692   0.023
17.70010   2.369   0.312     0.58     0.61 2.1477e+00  -0.680   0.016
17.72010   2.381   0.324     0.57     0.61 2.1478e+00  -0.669   0.009
17.74010   2.392   0.336     0.55     0.61 2.1479e+00  -0.658   0.002
17.76010   2.403   0.348     0.54     0.61 2.1480e+00  -0.647  -0.004
17.78010   2.413   0.361     0.53     0.61 2.1480e+00  -0.637  -0.010
17.80010   2.424   0.373     0.52     0.61 2.1481e+00  -0.627  -0.015
17.82010   2.434   0.385     0.50     0.61 2.1482e+00  -0.618  -0.020
17.84010   2.444   0.397     0.49     0.61 2.1483e+00  -0.608  -0.026
17.86010   2.454   0.410     0.48     0.61 2.1483e+00  -0.599  -0.030
17.88010   2.463   0.422     0.47     0.61 2.1484e+00  -0.591  -0.035
17.90010   2.472   0.434     0.46     0.61 2.1485e+00  -0.582  -0.040
17.92010   2.481   0.446     0.44     0.61 2.1486e+00  -0.574  -0.044
17.94010   2.490   0.458     0.43     0.61 2.1486e+00  -0.566  -0.048
17.96010   2.499   0.471     0.42     0.61 2.1487e+00  -0.559  -0.052
17.98010   2.507   0.483     0.41     0.61 2.1488e+00  -0.551  -0.056
18.00010   2.515   0.495     0.40     0.60 2.1489e+00  -0.544  -0.059
18.02010   2.523   0.507     0.39     0.60 2.1489e+00  -0.537  -0.063
18.04010   2.531   0.519     0.38     0.60 2.1490e+00  -0.531  -0.066
18.06010   2.538   0.531     0.37     0.60 2.1491e+00  -0.524  -0.069
18.08010   2.545   0.543     0.36     0.60 2.1492e+00  -0.518  -0.073
18.10010   2.552   0.555     0.35     0.60 2.1492e+00  -0.512  -0.076
18.12010   2.559   0.567     0.34     0.60 2.1493e+00  -0.506  -0.079
18.14010   2.566   0.579     0.33     0.59 2.1494e+00  -0.500  -0.081
18.16010   2.572   0.591     0.32     0.59 2.1494e+00  -0.494  -0.084
18.18010   2.579   0.603     0.31     0.59 2.1495e+00  -0.489  -0.087
18.20010   2.585   0.614     0.30     0.59 2.1496e+00  -0.483  -0.090
18.22010   2.590   0.626     0.29     0.59 2.1497e+00  -0.478  -0.092
18.24010   2.596   0.638     0.28     0.59 2.1497e+00  -0.473  -0.094
18.26010   2.602   0.650     0.27     0.58 2.1498e+00  -0.468  -0.097
18.28010   2.607   0.661     0.26     0.58 2.1499e+00  -0.463  -0.099
18.30010   2.612   0.673     0.25     0.58 2.1499e+00  -0.458  -0.101
18.32010   2.617   0.685     0.24     0.58 2.1500e+00  -0.454  -0.104
18.34010   2.622   0.696     0.23     0.58 2.1501e+00  -0.449  -0.106
18.36010   2.626   0.708     0.22     0.57 2.1501e+00  -0.445  -0.108
18.38010   2.630   0.719     0.21     0.57 2.1502e+00  -0.441  -0.110
18.40010   2.635   0.730     0.21     0.57 2.1503e+00  -0.437  -0.112
18.42010   2.639   0.742     0.20     0.57 2.1504e+00  -0.433  -0.114
18.44010   2.642   0.753     0.19     0.57 2.1504e+00  -0.429  -0.116
18.46010   2.646   0.764     0.18     0.56 2.1505e+00  -0.425  -0.118
18.48010   2.650   0.776     0.17     0.56 2.1506e+00  -0.422  -0.120
18.50010   2.653   0.787     0.16     0.56 2.1506e+00  -0.418  -0.121
18.52010   2.656   0.798     0.15     0.56 2.1507e+00  -0.414  -0.123
18.54010   2.659   0.809     0.15     0.55 2.1508e+00  -0.411  -0.125
18.56010   2.662   0.820     0.14     0.55 2.1508e+00  -0.408  -0.127
18.58010   2.665   0.831     0.13     0.55 2.1509e+00  -0.404  -0.129
18.60010   2.667   0.842     0.12     0.55 2.1510e+00  -0.401  -0.130
18.62010   2.670   0.853     0.11     0.54 2.1510e+00  -0.398  -0.132
18.64010   2.672   0.864     0.11     0.54 2.1511e+00  -0.395  -0.134
18.66010   2.674   0.875     0.10     0.54 2.1512e+00  -0.392  -0.135
18.68010   2.676   0.885     0.09     0.53 2.1512e+00  -0.389  -0.137
18.70010   2.677   0.896     0.08     0.53 2.1513e+00  -0.387  -0.138
18.72010   2.679   0.907     0.07     0.53 2.1514e+00  -0.384  -0.140
18.74010   2.680   0.917     0.07     0.53 2.1514e+00  -0.381  -0.142
18.76010   2.682   0.928     0.06     0.52 2.1515e+00  -0.379  -0.143
18.78010   2.683   0.938     0.05     0.52 2.1516e+00  -0.376  -0.145
18.80010   2.684   0.948     0.04     0.52 2.1516e+00  -0.374  -0.146
18.82010   2.684   0.959     0.04     0.51 2.1517e+00  -0.371  -0.148
18.84010   2.685   0.969     0.03     0.51 2.1518e+00  -0.369  -0.149
18.86010   2.686   0.979     0.02     0.51 2.1518e+00  -0.367  -0.151
18.88010   2.686   0.989     0.01     0.51 2.1519e+00  -0.364  -0.152
18.90010   2.686   0.999     0.01     0.50 2.1520e+00  -0.362  -0.154
18.92010   2.686   1.009     0.00     0.50 2.1520e+00  -0.360  -0.155
18.94010   2.686   1.019    -0.01     0.50 2.1521e+00  -0.358  -0.157
18.96010   2.686   1.029    -0.01     0.49 2.1522e+00  -0.356  -0.158
18.98010   2.686   1.039    -0.02     0.49 2.1522e+00  -0.354  -0.160
19.00010   2.685   1.049    -0.03     0.49 2.1523e+00  -0.352  -0.161
19.02010   2.684   1.059    -0.04     0.48 2.1523e+00  -0.350  -0.163
19.04010   2.684   1.068    -0.04     0.48 2.1524e+00  -0.348  -0.164
19.06010   2.683   1.078    -0.05     0.48 2.1525e+00  -0.346  -0.166
19.08010   2.682   1.087    -0.06     0.47 2.1525e+00  -0.345  -0.167
19.10010   2.681   1.097    -0.06     0.47 2.1526e+00  -0.343  -0.169
19.12010   2.679   1.106    -0.07     0.47 2.1527e+00  -0.341  -0.170
19.14010   2.678   1.115    -0.08     0.46 2.1527e+00  -0.340  -0.172
19.16010   2.676   1.125    -0.08     0.46 2.1528e+00  -0.338  -0.173
19.18010   2.674   1.134    -0.09     0.46 2.1528e+00  -0.337  -0.175
19.20010   2.673   1.143    -0.10     0.45 2.1529e+00  -0.335  -0.177
19.22010   2.671   1.152    -0.10     0.45 2.1530e+00  -0.334  -0.178
19.24010   2.668   1.161    -0.11     0.45 2.1530e+00  -0.332  -0.180
19.26010   2.666   1.170    -0.12     0.44 2.1531e+00  -0.331  -0.181
19.28010   2.664   1.179    -0.12     0.44 2.1532e+00  -0.329  -0.183
19.30010   2.661   1.187    -0.13     0.44 2.1532e+00  -0.328  -0.184
19.32010   2.659   1.196    -0.14     0.43 2.1533e+00  -0.327  -0.186
19.34010   2.656   1.205    -0.14     0.43 2.1533e+00  -0.326  -0.188
19.36010   2.653   1.213    -0.15     0.42 2.1534e+00  -0.324  -0.189
19.38010   2.650   1.222    -0.16     0.42 2.1535e+00  -0.323  -0.191
19.40010   2.647   1.230    -0.16     0.42 2.1535e+00  -0.322  -0.193
19.42010   2.643   1.238    -0.17     0.41 2.1536e+00  -0.321  -0.194
19.44010   2.640   1.246    -0.18     0.41 2.1536e+00  -0.320  -0.196
19.46010   2.636   1.255    -0.18     0.40 2.1537e+00  -0.319  -0.198
19.48010   2.632   1.263    -0.19     0.40 2.1538e+00  -0.318  -0.200
19.50010   2.629   1.271    -0.19     0.40 2.1538e+00  -0.317  -0.201
19.52010   2.625   1.278    -0.20     0.39 2.1539e+00  -0.316  -0.203
19.54010   2.621   1.286    -0.21     0.39 2.1539e+00  -0.315  -0.205
19.56010   2.616   1.294    -0.21     0.38 2.1540e+00  -0.314  -0.207
19.58010   2.612   1.302    -0.22     0.38 2.1541e+00  -0.313  -0.209
19.60010   2.608   1.309    -0.23     0.38 2.1541e+00  -0.312  -0.211
19.62010   2.603   1.317    -0.23     0.37 2.1542e+00  -0.312  -0.213
19.64010   2.598   1.324    -0.24     0.37 2.1542e+00  -0.311  -0.215
19.66010   2.594   1.331    -0.24     0.36 2.1543e+00  -0.310  -0.217
19.68010   2.589   1.339    -0.25     0.36 2.1544e+00  -0.309  -0.219
19.70010   2.583   1.346    -0.26     0.35 2.1544e+00  -0.309  -0.221
19.72010   2.578   1.353    -0.26     0.35 2.1545e+00  -0.308  -0.223
19.74010   2.573   1.360    -0.27     0.35 2.1545e+00  -0.307  -0.225
19.76010   2.567   1.367    -0.28     0.34 2.1546e+00  -0.307  -0.227
19.78010   2.562   1.373    -0.28     0.34 2.1546e+00  -0.306  -0.229
19.80010   2.556   1.380    -0.29     0.33 2.1547e+00  -0.305  -0.231
19.82010   2.550   1.387    -0.29     0.33 2.1548e+00  -0.305  -0.234
19.84010   2.544   1.393    -0.30     0.32 2.1548e+00  -0.304  -0.236
19.86010   2.538   1.400    -0.31     0.32 2.1549e+00  -0.304  -0.238
19.88010   2.532   1.406    -0.31     0.31 2.1549e+00  -0.303  -0.241
19.90010   2.526   1.412    -0.32     0.31 2.1550e+00  -0.303  -0.243
19.92010   2.519   1.418    -0.32     0.30 2.1550e+00  -0.303  -0.245
19.94010   2.513   1.424    -0.33     0.30 2.1551e+00  -0.302  -0.248
19.96010   2.506   1.430    -0.34     0.29 2.1552e+00  -0.302  -0.250
19.98010   2.499   1.436    -0.34     0.29 2.1552e+00  -0.301  -0.253
20.00010   2.493   1.442    -0.35     0.28 2.1553e+00  -0.301  -0.256
