 0.02010   1.042   0.044    -0.80     2.02 -2.7800e-04 -36.596 -21.834
 0.04000   1.020   0.078    -1.39     1.36 2.7748e-03 -21.067 -44.912
 0.06000   0.990   0.095    -1.45     0.27 3.3733e-02  21.149 -58.600
 0.08000   0.968   0.090    -0.57    -0.55 1.1149e-01  54.456 -14.457
 0.10000   0.966   0.079     0.30    -0.45 1.5673e-01  30.316  15.497
 0.12000   0.977   0.074     0.71    -0.11 1.6732e-01  12.946  17.206
 0.14000   0.993   0.075     0.88     0.21 1.6835e-01   5.125  14.705
 0.16010   1.011   0.082     0.94     0.48 1.6713e-01   1.242  12.415
 0.18010   1.030   0.094     0.94     0.71 1.6544e-01  -0.979  10.724
 0.20010   1.049   0.110     0.90     0.91 1.6374e-01  -2.471   9.491
 0.22010   1.066   0.130     0.84     1.09 1.6217e-01  -3.643   8.569
 0.24010   1.082   0.154     0.76     1.26 1.6079e-01  -4.706   7.846
 0.26010   1.096   0.180     0.65     1.41 1.5963e-01  -5.795   7.228
 0.28010   1.108   0.210     0.52     1.55 1.5877e-01  -7.012   6.624
 0.30010   1.117   0.242     0.37     1.67 1.5829e-01  -8.452   5.916
 0.32010   1.123   0.277     0.18     1.78 1.5827e-01 -10.209   4.931
 0.34010   1.124   0.313    -0.04     1.87 1.5877e-01 -12.354   3.385
 0.36010   1.121   0.351    -0.31     1.91 1.5975e-01 -14.876   0.800
 0.38010   1.111   0.389    -0.64     1.89 1.6094e-01 -17.483  -3.611
 0.40010   1.095   0.426    -1.01     1.75 1.6173e-01 -19.102 -10.999
 0.42010   1.071   0.458    -1.38     1.42 1.6167e-01 -16.672 -22.309
 0.44010   1.041   0.481    -1.60     0.84 1.6348e-01  -3.871 -34.318
 0.46010   1.009   0.491    -1.45     0.15 1.7623e-01  18.677 -31.238
 0.48010   0.985   0.489    -0.97    -0.28 1.9796e-01  25.818 -11.020
 0.50010   0.970   0.482    -0.52    -0.36 2.1279e-01  18.141   1.014
 0.52010   0.963   0.475    -0.24    -0.30 2.1967e-01  11.050   4.245
 0.54010   0.960   0.470    -0.06    -0.21 2.2274e-01   6.794   4.550
 0.56010   0.960   0.467     0.05    -0.12 2.2418e-01   4.319   4.141
 0.58010   0.962   0.465     0.12    -0.04 2.2489e-01   2.818   3.623
 0.60010   0.965   0.465     0.16     0.03 2.2526e-01   1.860   3.149
 0.62010   0.968   0.466     0.19     0.09 2.2545e-01   1.222   2.747
 0.64010   0.972   0.469     0.21     0.14 2.2555e-01   0.779   2.414
 0.66010   0.977   0.472     0.23     0.18 2.2559e-01   0.462   2.139
 0.68010   0.981   0.476     0.23     0.22 2.2560e-01   0.229   1.909
 0.70010   0.986   0.481     0.24     0.26 2.2561e-01   0.054   1.717
 0.72010   0.991   0.486     0.24     0.29 2.2561e-01  -0.079   1.555
 0.74010   0.995   0.492     0.23     0.32 2.2561e-01  -0.182   1.417
 0.76010   1.000   0.499     0.23     0.35 2.2564e-01  -0.263   1.299
 0.78010   1.005   0.506     0.22     0.37 2.2568e-01  -0.327   1.197
 0.80010   1.009   0.514     0.22     0.40 2.2574e-01  -0.378   1.108
 0.82010   1.013   0.522     0.21     0.42 2.2584e-01  -0.419   1.031
 0.84010   1.017   0.531     0.20     0.44 2.2597e-01  -0.452   0.963
 0.86010   1.021   0.540     0.19     0.46 2.2614e-01  -0.478   0.904
 0.88010   1.025   0.549     0.18     0.47 2.2635e-01  -0.500   0.851
 0.90010   1.028   0.559     0.17     0.49 2.2661e-01  -0.518   0.804
 0.92010   1.032   0.568     0.16     0.51 2.2691e-01  -0.532   0.763
 0.94010   1.035   0.579     0.15     0.52 2.2727e-01  -0.544   0.726
 0.96010   1.038   0.589     0.14     0.54 2.2769e-01  -0.554   0.693
 0.98010   1.040   0.600     0.13     0.55 2.2816e-01  -0.561   0.664
 1.00010   1.043   0.611     0.11     0.56 2.2870e-01  -0.568   0.638
 1.02010   1.045   0.623     0.10     0.57 2.2931e-01  -0.573   0.615
 1.04010   1.047   0.634     0.09     0.59 2.2998e-01  -0.578   0.595
 1.06010   1.048   0.646     0.08     0.60 2.3073e-01  -0.581   0.577
 1.08010   1.050   0.658     0.07     0.61 2.3155e-01  -0.584   0.562
 1.10010   1.051   0.670     0.06     0.62 2.3245e-01  -0.587   0.548
 1.12010   1.052   0.683     0.04     0.63 2.3343e-01  -0.589   0.537
 1.14010   1.053   0.696     0.03     0.64 2.3450e-01  -0.592   0.527
 1.16010   1.053   0.709     0.02     0.65 2.3565e-01  -0.594   0.519
 1.18010   1.054   0.722     0.01     0.66 2.3690e-01  -0.596   0.513
 1.20010   1.054   0.735    -0.00     0.67 2.3824e-01  -0.599   0.508
 1.22010   1.054   0.749    -0.01     0.68 2.3967e-01  -0.602   0.505
 1.24010   1.053   0.762    -0.03     0.69 2.4121e-01  -0.605   0.504
 1.26010   1.053   0.776    -0.04     0.70 2.4285e-01  -0.608   0.504
 1.28010   1.052   0.791    -0.05     0.71 2.4461e-01  -0.612   0.505
 1.30010   1.051   0.805    -0.06     0.72 2.4647e-01  -0.617   0.508
 1.32010   1.049   0.820    -0.08     0.73 2.4846e-01  -0.623   0.513
 1.34010   1.048   0.834    -0.09     0.74 2.5056e-01  -0.629   0.519
 1.36010   1.046   0.849    -0.10     0.75 2.5279e-01  -0.637   0.527
 1.38010   1.044   0.864    -0.11     0.77 2.5516e-01  -0.645   0.537
 1.40010   1.041   0.880    -0.13     0.78 2.5767e-01  -0.655   0.548
 1.42010   1.038   0.895    -0.14     0.79 2.6032e-01  -0.667   0.561
 1.44010   1.036   0.911    -0.15     0.80 2.6312e-01  -0.680   0.576
 1.46010   1.032   0.927    -0.17     0.81 2.6609e-01  -0.695   0.593
 1.48010   1.029   0.944    -0.18     0.82 2.6922e-01  -0.713   0.612
 1.50010   1.025   0.960    -0.20     0.83 2.7254e-01  -0.733   0.634
 1.52010   1.021   0.977    -0.21     0.85 2.7604e-01  -0.757   0.658
 1.54010   1.017   0.994    -0.23     0.86 2.7975e-01  -0.784   0.685
 1.56010   1.012   1.012    -0.24     0.87 2.8368e-01  -0.816   0.714
 1.58010   1.007   1.029    -0.26     0.89 2.8784e-01  -0.852   0.747
 1.60010   1.002   1.047    -0.28     0.90 2.9225e-01  -0.894   0.784
 1.62010   0.996   1.065    -0.29     0.92 2.9694e-01  -0.944   0.824
 1.64010   0.990   1.084    -0.31     0.94 3.0192e-01  -1.002   0.869
 1.66010   0.983   1.103    -0.33     0.96 3.0723e-01  -1.070   0.918
 1.68010   0.976   1.122    -0.36     0.97 3.1290e-01  -1.150   0.972
 1.70010   0.969   1.142    -0.38     0.99 3.1897e-01  -1.246   1.032
 1.72010   0.961   1.162    -0.41     1.02 3.2549e-01  -1.361   1.097
 1.74010   0.953   1.183    -0.44     1.04 3.3252e-01  -1.499   1.168
 1.76010   0.944   1.204    -0.47     1.06 3.4012e-01  -1.668   1.245
 1.78010   0.934   1.225    -0.50     1.09 3.4838e-01  -1.876   1.326
 1.80010   0.924   1.247    -0.54     1.12 3.5741e-01  -2.134   1.411
 1.82010   0.912   1.270    -0.59     1.14 3.6734e-01  -2.460   1.494
 1.84010   0.900   1.293    -0.64     1.18 3.7832e-01  -2.874   1.567
 1.86010   0.887   1.317    -0.70     1.21 3.9054e-01  -3.410   1.613
 1.88010   0.872   1.341    -0.78     1.24 4.0424e-01  -4.110   1.602
 1.90010   0.855   1.366    -0.87     1.27 4.1967e-01  -5.035   1.473
 1.92010   0.837   1.392    -0.98     1.30 4.3704e-01  -6.261   1.112
 1.94010   0.816   1.418    -1.12     1.31 4.5642e-01  -7.860   0.300
 1.96010   0.792   1.444    -1.30     1.30 4.7730e-01  -9.832  -1.368
 1.98010   0.764   1.470    -1.52     1.25 4.9780e-01 -11.873  -4.557
 2.00010   0.731   1.494    -1.77     1.11 5.1315e-01 -12.846 -10.011
 2.02010   0.693   1.513    -2.01     0.83 5.1464e-01 -10.235 -17.342
 2.04010   0.651   1.526    -2.14     0.42 4.9383e-01  -1.868 -22.524
 2.06010   0.609   1.530    -2.07    -0.01 4.5499e-01   8.292 -19.841
 2.08010   0.570   1.526    -1.85    -0.33 4.1596e-01  12.687 -11.737
 2.10000   0.535   1.518    -1.60    -0.49 3.8836e-01  11.629  -5.144
 2.12000   0.506   1.507    -1.39    -0.56 3.7168e-01   9.077  -1.614
 2.14000   0.479   1.496    -1.23    -0.57 3.6247e-01   6.834  -0.017
 2.16000   0.456   1.485    -1.11    -0.56 3.5786e-01   5.183   0.651
 2.18000   0.435   1.473    -1.02    -0.55 3.5611e-01   4.011   0.901
 2.20000   0.415   1.463    -0.95    -0.53 3.5620e-01   3.174   0.963
 2.22000   0.397   1.452    -0.89    -0.51 3.5754e-01   2.565   0.941
 2.24000   0.379   1.442    -0.85    -0.49 3.5976e-01   2.112   0.884
 2.26000   0.363   1.433    -0.81    -0.47 3.6263e-01   1.767   0.813
 2.28000   0.347   1.423    -0.78    -0.46 3.6599e-01   1.499   0.740
 2.30000   0.331   1.414    -0.75    -0.44 3.6974e-01   1.288   0.668
 2.32000   0.317   1.405    -0.72    -0.43 3.7381e-01   1.118   0.600
 2.34000   0.302   1.397    -0.70    -0.42 3.7814e-01   0.980   0.537
 2.36000   0.289   1.389    -0.69    -0.41 3.8270e-01   0.866   0.480
 2.38000   0.275   1.381    -0.67    -0.40 3.8747e-01   0.771   0.426
 2.40000   0.262   1.373    -0.65    -0.39 3.9241e-01   0.691   0.378
 2.42000   0.249   1.365    -0.64    -0.39 3.9752e-01   0.624   0.333
 2.44000   0.236   1.357    -0.63    -0.38 4.0278e-01   0.566   0.291
 2.46000   0.224   1.350    -0.62    -0.37 4.0818e-01   0.516   0.253
 2.48000   0.211   1.342    -0.61    -0.37 4.1372e-01   0.473   0.218
 2.50000   0.199   1.335    -0.60    -0.37 4.1938e-01   0.436   0.185
 2.52000   0.187   1.328    -0.59    -0.36 4.2517e-01   0.403   0.155
 2.54000   0.176   1.320    -0.58    -0.36 4.3107e-01   0.374   0.127
 2.56000   0.164   1.313    -0.58    -0.36 4.3709e-01   0.349   0.100
 2.58000   0.153   1.306    -0.57    -0.36 4.4322e-01   0.327   0.075
 2.60000   0.141   1.299    -0.56    -0.35 4.4946e-01   0.307   0.052
 2.62000   0.130   1.292    -0.56    -0.35 4.5580e-01   0.289   0.030
 2.64000   0.119   1.285    -0.55    -0.35 4.6225e-01   0.274   0.009
 2.66000   0.108   1.278    -0.55    -0.35 4.6881e-01   0.260  -0.011
 2.68000   0.097   1.271    -0.54    -0.35 4.7546e-01   0.248  -0.029
 2.70000   0.086   1.264    -0.54    -0.35 4.8222e-01   0.237  -0.047
 2.72000   0.076   1.256    -0.53    -0.36 4.8907e-01   0.228  -0.064
 2.74000   0.065   1.249    -0.53    -0.36 4.9602e-01   0.219  -0.080
 2.76000   0.055   1.242    -0.52    -0.36 5.0307e-01   0.212  -0.096
 2.78000   0.044   1.235    -0.52    -0.36 5.1021e-01   0.205  -0.111
 2.80000   0.034   1.228    -0.51    -0.36 5.1745e-01   0.200  -0.125
 2.82000   0.024   1.220    -0.51    -0.37 5.2479e-01   0.195  -0.139
 2.84000   0.013   1.213    -0.51    -0.37 5.3221e-01   0.191  -0.152
 2.86000   0.003   1.206    -0.50    -0.37 5.3973e-01   0.187  -0.165
 2.88000  -0.007   1.198    -0.50    -0.38 5.4733e-01   0.184  -0.177
 2.90000  -0.017   1.191    -0.50    -0.38 5.5503e-01   0.182  -0.189
 2.92000  -0.027   1.183    -0.49    -0.38 5.6281e-01   0.180  -0.201
 2.94000  -0.036   1.175    -0.49    -0.39 5.7069e-01   0.179  -0.213
 2.96000  -0.046   1.168    -0.49    -0.39 5.7864e-01   0.178  -0.224
 2.98000  -0.056   1.160    -0.48    -0.40 5.8669e-01   0.178  -0.234
 3.00000  -0.065   1.152    -0.48    -0.40 5.9481e-01   0.178  -0.245
 3.02000  -0.075   1.144    -0.47    -0.41 6.0302e-01   0.178  -0.255
 3.04000  -0.084   1.136    -0.47    -0.41 6.1131e-01   0.179  -0.265
 3.06000  -0.094   1.127    -0.47    -0.42 6.1968e-01   0.180  -0.275
 3.08000  -0.103   1.119    -0.46    -0.42 6.2812e-01   0.182  -0.284
 3.10000  -0.112   1.110    -0.46    -0.43 6.3665e-01   0.184  -0.293
 3.12000  -0.121   1.102    -0.46    -0.43 6.4525e-01   0.186  -0.303
 3.14000  -0.131   1.093    -0.45    -0.44 6.5392e-01   0.189  -0.312
 3.16000  -0.140   1.084    -0.45    -0.45 6.6266e-01   0.192  -0.320
 3.18000  -0.148   1.075    -0.44    -0.45 6.7148e-01   0.195  -0.329
 3.20000  -0.157   1.066    -0.44    -0.46 6.8036e-01   0.199  -0.337
 3.22000  -0.166   1.057    -0.44    -0.47 6.8931e-01   0.203  -0.346
 3.24000  -0.175   1.047    -0.43    -0.47 6.9833e-01   0.207  -0.354
 3.26000  -0.183   1.038    -0.43    -0.48 7.0741e-01   0.211  -0.362
 3.28000  -0.192   1.028    -0.42    -0.49 7.1655e-01   0.216  -0.370
 3.30000  -0.200   1.018    -0.42    -0.49 7.2574e-01   0.221  -0.378
 3.32000  -0.209   1.008    -0.42    -0.50 7.3500e-01   0.226  -0.385
 3.34000  -0.217   0.998    -0.41    -0.51 7.4431e-01   0.232  -0.393
 3.36000  -0.225   0.988    -0.41    -0.52 7.5367e-01   0.238  -0.400
 3.38000  -0.233   0.978    -0.40    -0.53 7.6309e-01   0.244  -0.408
 3.40000  -0.241   0.967    -0.40    -0.53 7.7255e-01   0.251  -0.415
 3.42000  -0.249   0.956    -0.39    -0.54 7.8206e-01   0.258  -0.422
 3.44000  -0.257   0.945    -0.39    -0.55 7.9161e-01   0.265  -0.429
 3.46000  -0.265   0.934    -0.38    -0.56 8.0121e-01   0.273  -0.436
 3.48000  -0.272   0.923    -0.38    -0.57 8.1084e-01   0.280  -0.443
 3.50000  -0.280   0.911    -0.37    -0.58 8.2051e-01   0.288  -0.449
 3.52000  -0.287   0.900    -0.36    -0.59 8.3022e-01   0.297  -0.456
 3.54000  -0.294   0.888    -0.36    -0.60 8.3995e-01   0.306  -0.462
 3.56000  -0.301   0.876    -0.35    -0.61 8.4972e-01   0.315  -0.469
 3.58000  -0.308   0.864    -0.34    -0.61 8.5951e-01   0.324  -0.475
 3.60000  -0.315   0.851    -0.34    -0.62 8.6933e-01   0.334  -0.481
 3.62000  -0.322   0.839    -0.33    -0.63 8.7916e-01   0.344  -0.487
 3.64000  -0.328   0.826    -0.32    -0.64 8.8902e-01   0.355  -0.493
 3.66000  -0.335   0.813    -0.32    -0.65 8.9889e-01   0.366  -0.499
 3.68000  -0.341   0.800    -0.31    -0.66 9.0878e-01   0.377  -0.505
 3.70000  -0.347   0.786    -0.30    -0.67 9.1868e-01   0.389  -0.510
 3.72000  -0.353   0.773    -0.29    -0.68 9.2859e-01   0.401  -0.516
 3.74000  -0.359   0.759    -0.29    -0.69 9.3850e-01   0.413  -0.521
 3.76000  -0.364   0.745    -0.28    -0.71 9.4841e-01   0.426  -0.526
 3.78000  -0.370   0.731    -0.27    -0.72 9.5833e-01   0.440  -0.532
 3.80000  -0.375   0.716    -0.26    -0.73 9.6825e-01   0.454  -0.537
 3.82000  -0.380   0.702    -0.25    -0.74 9.7816e-01   0.468  -0.541
 3.84000  -0.385   0.687    -0.24    -0.75 9.8806e-01   0.483  -0.546
 3.86000  -0.390   0.672    -0.23    -0.76 9.9795e-01   0.498  -0.551
 3.88000  -0.395   0.657    -0.22    -0.77 1.0078e+00   0.514  -0.555
 3.90000  -0.399   0.641    -0.21    -0.78 1.0177e+00   0.531  -0.559
 3.92000  -0.403   0.625    -0.20    -0.79 1.0275e+00   0.548  -0.563
 3.94000  -0.407   0.609    -0.19    -0.80 1.0374e+00   0.566  -0.567
 3.96000  -0.411   0.593    -0.18    -0.82 1.0472e+00   0.584  -0.571
 3.98000  -0.414   0.577    -0.17    -0.83 1.0570e+00   0.604  -0.574
 4.00000  -0.417   0.560    -0.15    -0.84 1.0667e+00   0.623  -0.577
 4.02000  -0.420   0.543    -0.14    -0.85 1.0764e+00   0.644  -0.580
 4.04000  -0.423   0.526    -0.13    -0.86 1.0861e+00   0.665  -0.582
 4.06000  -0.425   0.509    -0.11    -0.87 1.0958e+00   0.688  -0.585
 4.08000  -0.427   0.491    -0.10    -0.88 1.1054e+00   0.711  -0.587
 4.10000  -0.429   0.473    -0.09    -0.90 1.1150e+00   0.734  -0.588
 4.12000  -0.431   0.455    -0.07    -0.91 1.1246e+00   0.759  -0.589
 4.14000  -0.432   0.437    -0.06    -0.92 1.1341e+00   0.785  -0.590
 4.16000  -0.433   0.419    -0.04    -0.93 1.1435e+00   0.812  -0.590
 4.18000  -0.434   0.400    -0.02    -0.94 1.1529e+00   0.840  -0.589
 4.20000  -0.434   0.381    -0.01    -0.96 1.1623e+00   0.869  -0.589
 4.22000  -0.434   0.362     0.01    -0.97 1.1716e+00   0.900  -0.587
 4.24000  -0.433   0.342     0.03    -0.98 1.1809e+00   0.931  -0.585
 4.26000  -0.433   0.323     0.05    -0.99 1.1901e+00   0.965  -0.581
 4.28000  -0.431   0.303     0.07    -1.00 1.1993e+00   0.999  -0.577
 4.30000  -0.430   0.282     0.09    -1.01 1.2084e+00   1.035  -0.572
 4.32000  -0.428   0.262     0.11    -1.02 1.2174e+00   1.072  -0.566
 4.34000  -0.426   0.241     0.13    -1.04 1.2264e+00   1.111  -0.559
 4.36000  -0.423   0.221     0.15    -1.05 1.2353e+00   1.152  -0.551
 4.38000  -0.419   0.200     0.18    -1.06 1.2442e+00   1.195  -0.541
 4.40000  -0.416   0.178     0.20    -1.07 1.2530e+00   1.240  -0.529
 4.42000  -0.411   0.157     0.23    -1.08 1.2617e+00   1.286  -0.516
 4.44000  -0.406   0.135     0.25    -1.09 1.2704e+00   1.335  -0.500
 4.46000  -0.401   0.113     0.28    -1.10 1.2790e+00   1.385  -0.483
 4.48000  -0.395   0.091     0.31    -1.11 1.2875e+00   1.439  -0.463
 4.50000  -0.389   0.069     0.34    -1.12 1.2960e+00   1.494  -0.440
 4.52000  -0.382   0.046     0.37    -1.13 1.3044e+00   1.552  -0.415
 4.54000  -0.374   0.024     0.40    -1.13 1.3127e+00   1.612  -0.386
 4.56000  -0.366   0.001     0.43    -1.14 1.3210e+00   1.675  -0.353
 4.58000  -0.357  -0.022     0.47    -1.15 1.3291e+00   1.740  -0.316
 4.60000  -0.347  -0.045     0.50    -1.15 1.3373e+00   1.809  -0.274
 4.62000  -0.336  -0.068     0.54    -1.16 1.3453e+00   1.879  -0.228
 4.64000  -0.325  -0.091     0.58    -1.16 1.3533e+00   1.953  -0.175
 4.66000  -0.313  -0.115     0.62    -1.17 1.3612e+00   2.029  -0.116
 4.68000  -0.300  -0.138     0.66    -1.17 1.3690e+00   2.107  -0.050
 4.70000  -0.287  -0.161     0.70    -1.17 1.3767e+00   2.188   0.024
 4.72000  -0.272  -0.185     0.75    -1.17 1.3844e+00   2.270   0.106
 4.74000  -0.257  -0.208     0.79    -1.16 1.3920e+00   2.354   0.198
 4.76000  -0.241  -0.231     0.84    -1.16 1.3995e+00   2.439   0.301
 4.78000  -0.223  -0.254     0.89    -1.15 1.4070e+00   2.524   0.416
 4.80000  -0.205  -0.277     0.94    -1.14 1.4144e+00   2.608   0.544
 4.82000  -0.186  -0.300     1.00    -1.13 1.4217e+00   2.690   0.685
 4.84000  -0.165  -0.322     1.05    -1.11 1.4289e+00   2.769   0.842
 4.86000  -0.144  -0.344     1.11    -1.10 1.4360e+00   2.843   1.015
 4.88000  -0.121  -0.366     1.16    -1.07 1.4431e+00   2.910   1.205
 4.90000  -0.097  -0.387     1.22    -1.05 1.4501e+00   2.968   1.414
 4.92000  -0.072  -0.408     1.28    -1.02 1.4570e+00   3.013   1.641
 4.94000  -0.046  -0.428     1.34    -0.98 1.4639e+00   3.041   1.887
 4.96000  -0.018  -0.447     1.40    -0.94 1.4707e+00   3.050   2.152
 4.98000   0.010  -0.466     1.46    -0.90 1.4774e+00   3.035   2.434
 5.00000   0.040  -0.483     1.52    -0.84 1.4840e+00   2.992   2.732
 5.02000   0.071  -0.499     1.58    -0.79 1.4906e+00   2.915   3.043
 5.04000   0.104  -0.515     1.64    -0.72 1.4970e+00   2.800   3.361
 5.06000   0.137  -0.528     1.70    -0.65 1.5034e+00   2.644   3.683
 5.08000   0.171  -0.541     1.75    -0.58 1.5098e+00   2.442   4.000
 5.10000   0.207  -0.551     1.79    -0.49 1.5161e+00   2.193   4.304
 5.12000   0.243  -0.560     1.83    -0.40 1.5222e+00   1.896   4.586
 5.14000   0.280  -0.567     1.87    -0.31 1.5284e+00   1.554   4.837
 5.16000   0.318  -0.572     1.90    -0.21 1.5344e+00   1.170   5.045
 5.18000   0.356  -0.576     1.92    -0.11 1.5404e+00   0.752   5.203
 5.20000   0.394  -0.577     1.93    -0.00 1.5463e+00   0.308   5.302
 5.22000   0.433  -0.576     1.93     0.10 1.5522e+00  -0.150   5.337
 5.24000   0.471  -0.573     1.92     0.21 1.5580e+00  -0.610   5.306
 5.26000   0.510  -0.567     1.90     0.32 1.5637e+00  -1.059   5.210
 5.28000   0.547  -0.560     1.88     0.42 1.5693e+00  -1.487   5.051
 5.30000   0.585  -0.551     1.84     0.52 1.5749e+00  -1.881   4.838
 5.32000   0.621  -0.539     1.80     0.61 1.5804e+00  -2.234   4.579
 5.34000   0.657  -0.526     1.75     0.70 1.5858e+00  -2.541   4.283
 5.36000   0.691  -0.511     1.70     0.78 1.5912e+00  -2.798   3.961
 5.38000   0.725  -0.495     1.64     0.86 1.5965e+00  -3.004   3.624
 5.40000   0.757  -0.477     1.58     0.93 1.6018e+00  -3.161   3.280
 5.42000   0.788  -0.458     1.52     0.99 1.6070e+00  -3.273   2.937
 5.44000   0.818  -0.437     1.45     1.05 1.6121e+00  -3.343   2.603
 5.46000   0.846  -0.416     1.38     1.09 1.6172e+00  -3.376   2.282
 5.48000   0.873  -0.394     1.32     1.14 1.6222e+00  -3.378   1.979
 5.50000   0.899  -0.371     1.25     1.17 1.6271e+00  -3.353   1.694
 5.52000   0.923  -0.347     1.18     1.20 1.6320e+00  -3.307   1.431
 5.54000   0.946  -0.322     1.12     1.23 1.6368e+00  -3.243   1.189
 5.56000   0.968  -0.298     1.05     1.25 1.6416e+00  -3.166   0.968
 5.58000   0.988  -0.272     0.99     1.27 1.6463e+00  -3.079   0.768
 5.60000   1.007  -0.247     0.93     1.28 1.6510e+00  -2.985   0.587
 5.62000   1.025  -0.221     0.87     1.29 1.6555e+00  -2.886   0.425
 5.64000   1.042  -0.195     0.81     1.30 1.6601e+00  -2.785   0.280
 5.66000   1.058  -0.169     0.76     1.30 1.6646e+00  -2.682   0.150
 5.68000   1.072  -0.143     0.71     1.31 1.6690e+00  -2.580   0.034
 5.70000   1.086  -0.117     0.66     1.31 1.6734e+00  -2.479  -0.068
 5.72000   1.099  -0.091     0.61     1.30 1.6777e+00  -2.379  -0.159
 5.74010   1.110  -0.064     0.56     1.30 1.6820e+00  -2.282  -0.240
 5.76010   1.121  -0.039     0.52     1.29 1.6862e+00  -2.188  -0.310
 5.78010   1.131  -0.013     0.47     1.29 1.6903e+00  -2.098  -0.373
 5.80010   1.140   0.013     0.43     1.28 1.6945e+00  -2.010  -0.428
 5.82010   1.148   0.038     0.39     1.27 1.6985e+00  -1.926  -0.476
 5.84010   1.156   0.064     0.35     1.26 1.7025e+00  -1.846  -0.518
 5.86010   1.163   0.089     0.32     1.25 1.7065e+00  -1.769  -0.555
 5.88010   1.169   0.114     0.28     1.24 1.7104e+00  -1.695  -0.587
 5.90010   1.174   0.138     0.25     1.23 1.7143e+00  -1.625  -0.615
 5.92010   1.179   0.163     0.22     1.21 1.7181e+00  -1.558  -0.639
 5.94010   1.183   0.187     0.19     1.20 1.7219e+00  -1.494  -0.660
 5.96010   1.186   0.211     0.16     1.19 1.7256e+00  -1.433  -0.678
 5.98010   1.189   0.234     0.13     1.17 1.7293e+00  -1.375  -0.694
 6.00010   1.191   0.258     0.10     1.16 1.7329e+00  -1.320  -0.707
 6.02010   1.193   0.281     0.08     1.15 1.7365e+00  -1.267  -0.718
 6.04010   1.195   0.304     0.05     1.13 1.7400e+00  -1.217  -0.727
 6.06010   1.195   0.326     0.03     1.12 1.7435e+00  -1.169  -0.735
 6.08010   1.196   0.348     0.01     1.10 1.7470e+00  -1.124  -0.741
 6.10010   1.196   0.370    -0.02     1.09 1.7504e+00  -1.080  -0.746
 6.12010   1.195   0.392    -0.04     1.07 1.7538e+00  -1.039  -0.750
 6.14010   1.194   0.413    -0.06     1.06 1.7572e+00  -0.999  -0.753
 6.16010   1.193   0.434    -0.08     1.04 1.7604e+00  -0.961  -0.755
 6.18010   1.191   0.455    -0.10     1.03 1.7637e+00  -0.925  -0.756
 6.20010   1.189   0.475    -0.11     1.01 1.7669e+00  -0.891  -0.756
 6.22010   1.187   0.495    -0.13     1.00 1.7701e+00  -0.858  -0.756
 6.24010   1.184   0.515    -0.15     0.98 1.7733e+00  -0.826  -0.756
 6.26010   1.181   0.534    -0.16     0.97 1.7764e+00  -0.796  -0.755
 6.28010   1.177   0.554    -0.18     0.95 1.7794e+00  -0.768  -0.753
 6.30010   1.173   0.572    -0.19     0.94 1.7825e+00  -0.740  -0.752
 6.32010   1.169   0.591    -0.21     0.92 1.7855e+00  -0.714  -0.749
 6.34010   1.165   0.609    -0.22     0.91 1.7884e+00  -0.688  -0.747
 6.36010   1.161   0.627    -0.24     0.89 1.7914e+00  -0.664  -0.745
 6.38010   1.156   0.645    -0.25     0.88 1.7943e+00  -0.640  -0.742
 6.40010   1.151   0.662    -0.26     0.86 1.7971e+00  -0.618  -0.739
 6.42010   1.145   0.679    -0.27     0.85 1.7999e+00  -0.597  -0.736
 6.44010   1.140   0.696    -0.29     0.83 1.8027e+00  -0.576  -0.733
 6.46010   1.134   0.713    -0.30     0.82 1.8055e+00  -0.556  -0.729
 6.48010   1.128   0.729    -0.31     0.80 1.8082e+00  -0.537  -0.726
 6.50010   1.121   0.745    -0.32     0.79 1.8109e+00  -0.518  -0.722
 6.52010   1.115   0.760    -0.33     0.77 1.8136e+00  -0.500  -0.719
 6.54010   1.108   0.776    -0.34     0.76 1.8162e+00  -0.483  -0.715
 6.56010   1.101   0.791    -0.35     0.75 1.8188e+00  -0.467  -0.712
 6.58010   1.094   0.806    -0.36     0.73 1.8214e+00  -0.451  -0.708
 6.60010   1.087   0.820    -0.37     0.72 1.8240e+00  -0.435  -0.705
 6.62010   1.080   0.834    -0.38     0.70 1.8265e+00  -0.420  -0.701
 6.64010   1.072   0.848    -0.38     0.69 1.8290e+00  -0.406  -0.698
 6.66010   1.064   0.862    -0.39     0.67 1.8314e+00  -0.392  -0.694
 6.68010   1.056   0.875    -0.40     0.66 1.8339e+00  -0.379  -0.691
 6.70010   1.048   0.888    -0.41     0.65 1.8363e+00  -0.365  -0.687
 6.72010   1.040   0.901    -0.41     0.63 1.8386e+00  -0.353  -0.684
 6.74010   1.032   0.914    -0.42     0.62 1.8410e+00  -0.340  -0.680
 6.76010   1.023   0.926    -0.43     0.61 1.8433e+00  -0.329  -0.677
 6.78010   1.015   0.938    -0.43     0.59 1.8456e+00  -0.317  -0.674
 6.80010   1.006   0.950    -0.44     0.58 1.8479e+00  -0.306  -0.670
 6.82010   0.997   0.961    -0.45     0.57 1.8501e+00  -0.295  -0.667
 6.84010   0.988   0.972    -0.45     0.55 1.8524e+00  -0.284  -0.664
 6.86010   0.979   0.983    -0.46     0.54 1.8546e+00  -0.274  -0.661
 6.88010   0.970   0.994    -0.46     0.53 1.8567e+00  -0.264  -0.658
 6.90010   0.960   1.004    -0.47     0.51 1.8589e+00  -0.254  -0.655
 6.92010   0.951   1.014    -0.47     0.50 1.8610e+00  -0.245  -0.652
 6.94010   0.942   1.024    -0.48     0.49 1.8631e+00  -0.235  -0.649
 6.96010   0.932   1.034    -0.48     0.47 1.8652e+00  -0.226  -0.646
 6.98010   0.922   1.043    -0.49     0.46 1.8673e+00  -0.217  -0.644
 7.00010   0.912   1.052    -0.49     0.45 1.8693e+00  -0.209  -0.641
 7.02010   0.903   1.061    -0.50     0.44 1.8713e+00  -0.200  -0.638
 7.04010   0.893   1.070    -0.50     0.42 1.8733e+00  -0.192  -0.636
 7.06010   0.883   1.078    -0.50     0.41 1.8753e+00  -0.184  -0.633
 7.08010   0.873   1.086    -0.51     0.40 1.8773e+00  -0.176  -0.631
 7.10010   0.862   1.094    -0.51     0.38 1.8792e+00  -0.168  -0.629
 7.12010   0.852   1.101    -0.51     0.37 1.8811e+00  -0.160  -0.626
 7.14010   0.842   1.109    -0.52     0.36 1.8830e+00  -0.153  -0.624
 7.16010   0.831   1.116    -0.52     0.35 1.8849e+00  -0.146  -0.622
 7.18010   0.821   1.123    -0.52     0.34 1.8867e+00  -0.139  -0.620
 7.20010   0.811   1.129    -0.52     0.32 1.8886e+00  -0.131  -0.618
 7.22010   0.800   1.136    -0.53     0.31 1.8904e+00  -0.124  -0.616
 7.24010   0.790   1.142    -0.53     0.30 1.8922e+00  -0.118  -0.614
 7.26010   0.779   1.148    -0.53     0.29 1.8939e+00  -0.111  -0.612
 7.28010   0.768   1.153    -0.53     0.27 1.8957e+00  -0.104  -0.610
 7.30010   0.758   1.158    -0.54     0.26 1.8974e+00  -0.098  -0.608
 7.32010   0.747   1.164    -0.54     0.25 1.8992e+00  -0.091  -0.607
 7.34010   0.736   1.168    -0.54     0.24 1.9009e+00  -0.085  -0.605
 7.36010   0.725   1.173    -0.54     0.23 1.9026e+00  -0.079  -0.604
 7.38010   0.714   1.177    -0.54     0.21 1.9042e+00  -0.073  -0.602
 7.40010   0.703   1.182    -0.54     0.20 1.9059e+00  -0.066  -0.601
 7.42010   0.693   1.185    -0.55     0.19 1.9075e+00  -0.060  -0.599
 7.44010   0.682   1.189    -0.55     0.18 1.9092e+00  -0.054  -0.598
 7.46010   0.671   1.193    -0.55     0.17 1.9108e+00  -0.048  -0.597
 7.48010   0.660   1.196    -0.55     0.15 1.9123e+00  -0.042  -0.596
 7.50010   0.649   1.199    -0.55     0.14 1.9139e+00  -0.037  -0.595
 7.52010   0.638   1.201    -0.55     0.13 1.9155e+00  -0.031  -0.593
 7.54010   0.627   1.204    -0.55     0.12 1.9170e+00  -0.025  -0.592
 7.56010   0.616   1.206    -0.55     0.11 1.9186e+00  -0.019  -0.591
 7.58010   0.605   1.208    -0.55     0.09 1.9201e+00  -0.014  -0.591
 7.60010   0.594   1.210    -0.55     0.08 1.9216e+00  -0.008  -0.590
 7.62010   0.583   1.211    -0.55     0.07 1.9230e+00  -0.002  -0.589
 7.64010   0.572   1.213    -0.55     0.06 1.9245e+00   0.003  -0.588
 7.66010   0.561   1.214    -0.55     0.05 1.9260e+00   0.009  -0.588
 7.68010   0.549   1.215    -0.55     0.03 1.9274e+00   0.014  -0.587
 7.70010   0.538   1.215    -0.55     0.02 1.9288e+00   0.020  -0.586
 7.72010   0.527   1.215    -0.55     0.01 1.9303e+00   0.025  -0.586
 7.74010   0.516   1.216    -0.55    -0.00 1.9317e+00   0.031  -0.585
 7.76010   0.505   1.215    -0.55    -0.01 1.9330e+00   0.037  -0.585
 7.78010   0.494   1.215    -0.55    -0.02 1.9344e+00   0.042  -0.585
 7.80010   0.483   1.214    -0.55    -0.04 1.9358e+00   0.048  -0.584
 7.82010   0.473   1.214    -0.55    -0.05 1.9371e+00   0.053  -0.584
 7.84010   0.462   1.213    -0.55    -0.06 1.9385e+00   0.059  -0.584
 7.86010   0.451   1.211    -0.54    -0.07 1.9398e+00   0.065  -0.584
 7.88010   0.440   1.210    -0.54    -0.08 1.9411e+00   0.070  -0.584
 7.90010   0.429   1.208    -0.54    -0.09 1.9424e+00   0.076  -0.584
 7.92010   0.418   1.206    -0.54    -0.11 1.9437e+00   0.082  -0.584
 7.94010   0.407   1.204    -0.54    -0.12 1.9450e+00   0.087  -0.584
 7.96010   0.397   1.201    -0.54    -0.13 1.9462e+00   0.093  -0.584
 7.98010   0.386   1.199    -0.53    -0.14 1.9475e+00   0.099  -0.584
 8.00010   0.375   1.196    -0.53    -0.15 1.9487e+00   0.105  -0.584
 8.02010   0.365   1.193    -0.53    -0.16 1.9499e+00   0.111  -0.585
 8.04010   0.354   1.189    -0.53    -0.18 1.9512e+00   0.116  -0.585
 8.06010   0.343   1.186    -0.53    -0.19 1.9524e+00   0.122  -0.586
 8.08010   0.333   1.182    -0.52    -0.20 1.9536e+00   0.129  -0.586
 8.10010   0.323   1.178    -0.52    -0.21 1.9548e+00   0.135  -0.586
 8.12010   0.312   1.173    -0.52    -0.22 1.9559e+00   0.141  -0.587
 8.14010   0.302   1.169    -0.52    -0.23 1.9571e+00   0.147  -0.588
 8.16010   0.292   1.164    -0.51    -0.25 1.9582e+00   0.153  -0.588
 8.18010   0.281   1.159    -0.51    -0.26 1.9594e+00   0.160  -0.589
 8.20010   0.271   1.154    -0.51    -0.27 1.9605e+00   0.166  -0.590
 8.22010   0.261   1.148    -0.50    -0.28 1.9617e+00   0.173  -0.591
 8.24010   0.251   1.142    -0.50    -0.29 1.9628e+00   0.180  -0.591
 8.26010   0.241   1.136    -0.50    -0.30 1.9639e+00   0.187  -0.592
 8.28010   0.231   1.130    -0.49    -0.32 1.9650e+00   0.193  -0.593
 8.30010   0.222   1.124    -0.49    -0.33 1.9661e+00   0.201  -0.594
 8.32010   0.212   1.117    -0.48    -0.34 1.9671e+00   0.208  -0.595
 8.34010   0.202   1.110    -0.48    -0.35 1.9682e+00   0.215  -0.596
 8.36010   0.193   1.103    -0.47    -0.36 1.9693e+00   0.222  -0.597
 8.38010   0.183   1.096    -0.47    -0.38 1.9703e+00   0.230  -0.599
 8.40010   0.174   1.088    -0.47    -0.39 1.9713e+00   0.238  -0.600
 8.42010   0.165   1.080    -0.46    -0.40 1.9724e+00   0.246  -0.601
 8.44010   0.155   1.072    -0.46    -0.41 1.9734e+00   0.254  -0.602
 8.46010   0.146   1.063    -0.45    -0.42 1.9744e+00   0.262  -0.604
 8.48010   0.137   1.055    -0.45    -0.44 1.9754e+00   0.270  -0.605
 8.50010   0.129   1.046    -0.44    -0.45 1.9764e+00   0.279  -0.607
 8.52010   0.120   1.037    -0.43    -0.46 1.9774e+00   0.287  -0.608
 8.54010   0.111   1.028    -0.43    -0.47 1.9784e+00   0.296  -0.610
 8.56010   0.103   1.018    -0.42    -0.49 1.9794e+00   0.306  -0.611
 8.58010   0.094   1.008    -0.42    -0.50 1.9803e+00   0.315  -0.613
 8.60010   0.086   0.998    -0.41    -0.51 1.9813e+00   0.325  -0.614
 8.62010   0.078   0.988    -0.40    -0.52 1.9822e+00   0.334  -0.616
 8.64010   0.070   0.977    -0.40    -0.53 1.9832e+00   0.345  -0.617
 8.66010   0.062   0.966    -0.39    -0.55 1.9841e+00   0.355  -0.619
 8.68010   0.054   0.955    -0.38    -0.56 1.9850e+00   0.366  -0.621
 8.70010   0.047   0.944    -0.37    -0.57 1.9859e+00   0.377  -0.623
 8.72010   0.039   0.933    -0.37    -0.58 1.9869e+00   0.388  -0.624
 8.74010   0.032   0.921    -0.36    -0.60 1.9878e+00   0.399  -0.626
 8.76010   0.025   0.909    -0.35    -0.61 1.9887e+00   0.411  -0.628
 8.78010   0.018   0.896    -0.34    -0.62 1.9895e+00   0.424  -0.629
 8.80010   0.011   0.884    -0.33    -0.63 1.9904e+00   0.436  -0.631
 8.82010   0.005   0.871    -0.33    -0.65 1.9913e+00   0.449  -0.633
 8.84010  -0.002   0.858    -0.32    -0.66 1.9922e+00   0.463  -0.635
 8.86010  -0.008   0.845    -0.31    -0.67 1.9930e+00   0.477  -0.636
 8.88010  -0.014   0.831    -0.30    -0.68 1.9939e+00   0.491  -0.638
 8.90010  -0.020   0.817    -0.29    -0.70 1.9947e+00   0.506  -0.639
 8.92010  -0.025   0.803    -0.28    -0.71 1.9956e+00   0.521  -0.641
 8.94010  -0.031   0.789    -0.27    -0.72 1.9964e+00   0.537  -0.642
 8.96010  -0.036   0.774    -0.26    -0.74 1.9972e+00   0.553  -0.644
 8.98010  -0.041   0.759    -0.24    -0.75 1.9981e+00   0.570  -0.645
 9.00010  -0.046   0.744    -0.23    -0.76 1.9989e+00   0.588  -0.646
 9.02010  -0.050   0.729    -0.22    -0.77 1.9997e+00   0.606  -0.647
 9.04010  -0.055   0.713    -0.21    -0.79 2.0005e+00   0.625  -0.648
 9.06010  -0.059   0.697    -0.20    -0.80 2.0013e+00   0.644  -0.649
 9.08010  -0.062   0.681    -0.18    -0.81 2.0021e+00   0.664  -0.650
 9.10010  -0.066   0.665    -0.17    -0.83 2.0029e+00   0.685  -0.650
 9.12010  -0.069   0.648    -0.15    -0.84 2.0036e+00   0.707  -0.650
 9.14010  -0.072   0.631    -0.14    -0.85 2.0044e+00   0.730  -0.650
 9.16010  -0.075   0.614    -0.13    -0.87 2.0052e+00   0.753  -0.650
 9.18010  -0.077   0.597    -0.11    -0.88 2.0059e+00   0.778  -0.649
 9.20010  -0.079   0.579    -0.09    -0.89 2.0067e+00   0.803  -0.648
 9.22010  -0.081   0.561    -0.08    -0.90 2.0074e+00   0.830  -0.646
 9.24010  -0.082   0.543    -0.06    -0.92 2.0082e+00   0.858  -0.644
 9.26010  -0.083   0.524    -0.04    -0.93 2.0089e+00   0.886  -0.642
 9.28010  -0.084   0.505    -0.03    -0.94 2.0097e+00   0.916  -0.639
 9.30010  -0.084   0.486    -0.01    -0.96 2.0104e+00   0.948  -0.635
 9.32010  -0.084   0.467     0.01    -0.97 2.0111e+00   0.980  -0.631
 9.34010  -0.084   0.448     0.03    -0.98 2.0118e+00   1.015  -0.625
 9.36010  -0.083   0.428     0.05    -0.99 2.0125e+00   1.050  -0.619
 9.38010  -0.082   0.408     0.07    -1.01 2.0132e+00   1.087  -0.612
 9.40010  -0.080   0.388     0.10    -1.02 2.0139e+00   1.126  -0.604
 9.42010  -0.078   0.367     0.12    -1.03 2.0146e+00   1.167  -0.594
 9.44010  -0.075   0.346     0.14    -1.04 2.0153e+00   1.209  -0.584
 9.46010  -0.072   0.326     0.17    -1.05 2.0160e+00   1.254  -0.571
 9.48010  -0.069   0.304     0.19    -1.06 2.0167e+00   1.300  -0.557
 9.50010  -0.065   0.283     0.22    -1.08 2.0174e+00   1.349  -0.541
 9.52010  -0.060   0.261     0.25    -1.09 2.0181e+00   1.400  -0.523
 9.54010  -0.055   0.239     0.28    -1.10 2.0187e+00   1.453  -0.502
 9.56010  -0.049   0.217     0.31    -1.11 2.0194e+00   1.509  -0.479
 9.58010  -0.042   0.195     0.34    -1.12 2.0200e+00   1.567  -0.453
 9.60010  -0.035   0.173     0.37    -1.12 2.0207e+00   1.627  -0.424
 9.62010  -0.028   0.150     0.40    -1.13 2.0213e+00   1.691  -0.390
 9.64010  -0.019   0.128     0.44    -1.14 2.0220e+00   1.757  -0.353
 9.66010  -0.010   0.105     0.47    -1.15 2.0226e+00   1.825  -0.311
 9.68010  -0.000   0.082     0.51    -1.15 2.0233e+00   1.897  -0.264
 9.70010   0.010   0.059     0.55    -1.16 2.0239e+00   1.971  -0.211
 9.72010   0.021   0.035     0.59    -1.16 2.0245e+00   2.048  -0.151
 9.74010   0.034   0.012     0.63    -1.16 2.0251e+00   2.127  -0.085
 9.76010   0.047  -0.011     0.67    -1.16 2.0258e+00   2.209  -0.011
 9.78010   0.060  -0.034     0.72    -1.16 2.0264e+00   2.293   0.073
 9.80010   0.075  -0.058     0.76    -1.16 2.0270e+00   2.378   0.166
 9.82010   0.091  -0.081     0.81    -1.16 2.0276e+00   2.464   0.270
 9.84010   0.108  -0.104     0.86    -1.15 2.0282e+00   2.551   0.386
 9.86010   0.126  -0.127     0.91    -1.14 2.0288e+00   2.637   0.515
 9.88010   0.144  -0.150     0.97    -1.13 2.0294e+00   2.721   0.658
 9.90010   0.164  -0.172     1.02    -1.12 2.0300e+00   2.802   0.817
 9.92010   0.185  -0.194     1.08    -1.10 2.0306e+00   2.879   0.992
 9.94010   0.208  -0.216     1.14    -1.08 2.0311e+00   2.948   1.185
 9.96010   0.231  -0.237     1.20    -1.05 2.0317e+00   3.007   1.396
 9.98010   0.255  -0.258     1.26    -1.02 2.0323e+00   3.053   1.627
10.00010   0.281  -0.278     1.32    -0.98 2.0329e+00   3.083   1.877
10.02010   0.308  -0.297     1.38    -0.94 2.0334e+00   3.093   2.147
10.04010   0.337  -0.316     1.44    -0.90 2.0340e+00   3.079   2.434
10.06010   0.366  -0.333     1.50    -0.85 2.0345e+00   3.035   2.737
10.08010   0.397  -0.349     1.56    -0.79 2.0351e+00   2.957   3.052
10.10010   0.429  -0.365     1.62    -0.72 2.0357e+00   2.840   3.377
10.12010   0.462  -0.378     1.68    -0.65 2.0362e+00   2.681   3.703
10.14010   0.496  -0.391     1.73    -0.58 2.0367e+00   2.475   4.025
10.16010   0.531  -0.401     1.78    -0.49 2.0373e+00   2.221   4.333
10.18010   0.567  -0.410     1.82    -0.40 2.0378e+00   1.919   4.619
10.20010   0.603  -0.417     1.85    -0.31 2.0384e+00   1.570   4.871
10.22010   0.641  -0.423     1.88    -0.21 2.0389e+00   1.179   5.080
10.24010   0.679  -0.426     1.90    -0.11 2.0394e+00   0.754   5.236
10.26010   0.717  -0.427     1.91     0.00 2.0399e+00   0.304   5.332
10.28010   0.755  -0.426     1.91     0.11 2.0405e+00  -0.160   5.363
10.30010   0.793  -0.423     1.90     0.21 2.0410e+00  -0.624   5.327
10.32010   0.831  -0.417     1.89     0.32 2.0415e+00  -1.077   5.224
10.34010   0.869  -0.410     1.86     0.42 2.0420e+00  -1.505   5.060
10.36010   0.906  -0.400     1.83     0.52 2.0425e+00  -1.900   4.840
10.38010   0.942  -0.389     1.79     0.62 2.0430e+00  -2.252   4.575
10.40010   0.977  -0.376     1.74     0.71 2.0435e+00  -2.556   4.274
10.42010   1.011  -0.361     1.68     0.79 2.0440e+00  -2.810   3.948
10.44010   1.044  -0.344     1.63     0.86 2.0445e+00  -3.013   3.607
10.46010   1.076  -0.326     1.56     0.93 2.0450e+00  -3.167   3.261
10.48010   1.107  -0.307     1.50     0.99 2.0455e+00  -3.274   2.918
10.50010   1.136  -0.287     1.43     1.05 2.0460e+00  -3.341   2.583
10.52010   1.164  -0.265     1.37     1.10 2.0464e+00  -3.371   2.263
10.54010   1.191  -0.243     1.30     1.14 2.0469e+00  -3.370   1.960
10.56010   1.216  -0.220     1.23     1.18 2.0474e+00  -3.343   1.677
10.58010   1.240  -0.196     1.16     1.21 2.0479e+00  -3.294   1.415
10.60010   1.263  -0.171     1.10     1.23 2.0483e+00  -3.229   1.175
10.62010   1.284  -0.146     1.04     1.25 2.0488e+00  -3.151   0.956
10.64010   1.304  -0.121     0.97     1.27 2.0493e+00  -3.063   0.757
10.66010   1.323  -0.096     0.91     1.28 2.0497e+00  -2.969   0.578
10.68010   1.341  -0.070     0.85     1.29 2.0502e+00  -2.870   0.417
10.70010   1.357  -0.044     0.80     1.30 2.0506e+00  -2.769   0.273
10.72010   1.372  -0.018     0.74     1.30 2.0511e+00  -2.666   0.145
10.74010   1.387   0.008     0.69     1.31 2.0516e+00  -2.564   0.031
10.76010   1.400   0.034     0.64     1.31 2.0520e+00  -2.464  -0.071
10.78010   1.413   0.060     0.59     1.30 2.0524e+00  -2.365  -0.161
10.80010   1.424   0.086     0.55     1.30 2.0529e+00  -2.269  -0.240
10.82010   1.434   0.112     0.50     1.29 2.0533e+00  -2.175  -0.310
10.84010   1.444   0.138     0.46     1.29 2.0538e+00  -2.085  -0.372
10.86010   1.453   0.164     0.42     1.28 2.0542e+00  -1.998  -0.426
10.88010   1.461   0.189     0.38     1.27 2.0546e+00  -1.915  -0.474
10.90010   1.468   0.215     0.34     1.26 2.0551e+00  -1.835  -0.516
10.92010   1.474   0.240     0.31     1.25 2.0555e+00  -1.759  -0.553
10.94010   1.480   0.265     0.27     1.24 2.0559e+00  -1.686  -0.584
10.96010   1.485   0.289     0.24     1.23 2.0563e+00  -1.616  -0.612
10.98010   1.490   0.314     0.21     1.21 2.0568e+00  -1.550  -0.636
11.00010   1.494   0.338     0.18     1.20 2.0572e+00  -1.486  -0.657
11.02010   1.497   0.362     0.15     1.19 2.0576e+00  -1.426  -0.675
11.04010   1.500   0.385     0.12     1.17 2.0580e+00  -1.368  -0.690
11.06010   1.502   0.409     0.09     1.16 2.0584e+00  -1.313  -0.703
11.08010   1.503   0.432     0.07     1.15 2.0588e+00  -1.261  -0.714
11.10010   1.504   0.454     0.04     1.13 2.0592e+00  -1.211  -0.724
11.12010   1.505   0.477     0.02     1.12 2.0596e+00  -1.164  -0.731
11.14010   1.505   0.499    -0.00     1.10 2.0600e+00  -1.118  -0.738
11.16010   1.505   0.521    -0.03     1.09 2.0604e+00  -1.075  -0.743
11.18010   1.504   0.543    -0.05     1.07 2.0608e+00  -1.034  -0.747
11.20010   1.503   0.564    -0.07     1.06 2.0612e+00  -0.995  -0.749
11.22010   1.501   0.585    -0.09     1.04 2.0616e+00  -0.957  -0.751
11.24010   1.500   0.606    -0.11     1.03 2.0620e+00  -0.921  -0.753
11.26010   1.497   0.626    -0.12     1.01 2.0624e+00  -0.887  -0.753
11.28010   1.495   0.646    -0.14     1.00 2.0628e+00  -0.854  -0.753
11.30010   1.492   0.666    -0.16     0.98 2.0632e+00  -0.823  -0.753
11.32010   1.488   0.685    -0.17     0.97 2.0635e+00  -0.793  -0.752
11.34010   1.485   0.705    -0.19     0.95 2.0639e+00  -0.764  -0.751
11.36010   1.481   0.723    -0.20     0.94 2.0643e+00  -0.737  -0.749
11.38010   1.476   0.742    -0.22     0.92 2.0647e+00  -0.711  -0.747
11.40010   1.472   0.760    -0.23     0.91 2.0650e+00  -0.685  -0.745
11.42010   1.467   0.778    -0.25     0.89 2.0654e+00  -0.661  -0.742
11.44010   1.462   0.796    -0.26     0.88 2.0658e+00  -0.638  -0.739
11.46010   1.457   0.813    -0.27     0.86 2.0661e+00  -0.616  -0.737
11.48010   1.451   0.830    -0.28     0.85 2.0665e+00  -0.594  -0.734
11.50010   1.445   0.847    -0.30     0.83 2.0669e+00  -0.574  -0.730
11.52010   1.439   0.864    -0.31     0.82 2.0672e+00  -0.554  -0.727
11.54010   1.433   0.880    -0.32     0.80 2.0676e+00  -0.535  -0.724
11.56010   1.427   0.896    -0.33     0.79 2.0679e+00  -0.516  -0.720
11.58010   1.420   0.912    -0.34     0.78 2.0683e+00  -0.499  -0.717
11.60010   1.413   0.927    -0.35     0.76 2.0687e+00  -0.481  -0.714
11.62010   1.406   0.942    -0.36     0.75 2.0690e+00  -0.465  -0.710
11.64010   1.399   0.957    -0.37     0.73 2.0694e+00  -0.449  -0.707
11.66010   1.391   0.971    -0.38     0.72 2.0697e+00  -0.434  -0.703
11.68010   1.384   0.986    -0.38     0.70 2.0700e+00  -0.419  -0.700
11.70010   1.376   1.000    -0.39     0.69 2.0704e+00  -0.404  -0.696
11.72010   1.368   1.013    -0.40     0.68 2.0707e+00  -0.390  -0.693
11.74010   1.360   1.027    -0.41     0.66 2.0711e+00  -0.377  -0.689
11.76010   1.352   1.040    -0.42     0.65 2.0714e+00  -0.364  -0.686
11.78010   1.343   1.053    -0.42     0.64 2.0717e+00  -0.351  -0.682
11.80010   1.335   1.065    -0.43     0.62 2.0721e+00  -0.339  -0.679
11.82010   1.326   1.077    -0.44     0.61 2.0724e+00  -0.327  -0.676
11.84010   1.317   1.089    -0.44     0.59 2.0727e+00  -0.316  -0.673
11.86010   1.308   1.101    -0.45     0.58 2.0731e+00  -0.304  -0.669
11.88010   1.299   1.113    -0.45     0.57 2.0734e+00  -0.294  -0.666
11.90010   1.290   1.124    -0.46     0.55 2.0737e+00  -0.283  -0.663
11.92010   1.281   1.135    -0.47     0.54 2.0741e+00  -0.273  -0.660
11.94010   1.272   1.146    -0.47     0.53 2.0744e+00  -0.263  -0.657
11.96010   1.262   1.156    -0.48     0.52 2.0747e+00  -0.253  -0.654
11.98010   1.253   1.166    -0.48     0.50 2.0750e+00  -0.243  -0.651
12.00010   1.243   1.176    -0.49     0.49 2.0753e+00  -0.234  -0.648
12.02010   1.233   1.186    -0.49     0.48 2.0757e+00  -0.225  -0.646
12.04010   1.223   1.195    -0.50     0.46 2.0760e+00  -0.216  -0.643
12.06010   1.213   1.204    -0.50     0.45 2.0763e+00  -0.207  -0.640
12.08010   1.203   1.213    -0.50     0.44 2.0766e+00  -0.199  -0.638
12.10010   1.193   1.222    -0.51     0.42 2.0769e+00  -0.191  -0.635
12.12010   1.183   1.230    -0.51     0.41 2.0772e+00  -0.183  -0.633
12.14010   1.173   1.238    -0.51     0.40 2.0775e+00  -0.175  -0.630
12.16010   1.162   1.246    -0.52     0.39 2.0778e+00  -0.167  -0.628
12.18010   1.152   1.254    -0.52     0.37 2.0781e+00  -0.159  -0.626
12.20010   1.141   1.261    -0.52     0.36 2.0784e+00  -0.152  -0.623
12.22010   1.131   1.268    -0.53     0.35 2.0787e+00  -0.145  -0.621
12.24010   1.120   1.275    -0.53     0.34 2.0790e+00  -0.137  -0.619
12.26010   1.110   1.282    -0.53     0.32 2.0793e+00  -0.130  -0.617
12.28010   1.099   1.288    -0.54     0.31 2.0796e+00  -0.123  -0.615
12.30010   1.088   1.294    -0.54     0.30 2.0799e+00  -0.117  -0.613
12.32010   1.078   1.300    -0.54     0.29 2.0802e+00  -0.110  -0.612
12.34010   1.067   1.306    -0.54     0.28 2.0805e+00  -0.103  -0.610
12.36010   1.056   1.311    -0.54     0.26 2.0808e+00  -0.097  -0.608
12.38010   1.045   1.316    -0.55     0.25 2.0811e+00  -0.090  -0.606
12.40010   1.034   1.321    -0.55     0.24 2.0814e+00  -0.084  -0.605
12.42010   1.023   1.326    -0.55     0.23 2.0816e+00  -0.078  -0.603
12.44010   1.012   1.330    -0.55     0.22 2.0819e+00  -0.072  -0.602
12.46010   1.001   1.335    -0.55     0.20 2.0822e+00  -0.065  -0.600
12.48010   0.990   1.338    -0.55     0.19 2.0825e+00  -0.059  -0.599
12.50010   0.979   1.342    -0.56     0.18 2.0828e+00  -0.053  -0.598
12.52010   0.968   1.346    -0.56     0.17 2.0831e+00  -0.047  -0.597
12.54010   0.957   1.349    -0.56     0.16 2.0833e+00  -0.042  -0.595
12.56010   0.945   1.352    -0.56     0.14 2.0836e+00  -0.036  -0.594
12.58010   0.934   1.355    -0.56     0.13 2.0839e+00  -0.030  -0.593
12.60010   0.923   1.357    -0.56     0.12 2.0842e+00  -0.024  -0.592
12.62010   0.912   1.359    -0.56     0.11 2.0844e+00  -0.018  -0.591
12.64010   0.901   1.361    -0.56     0.10 2.0847e+00  -0.013  -0.590
12.66010   0.889   1.363    -0.56     0.08 2.0850e+00  -0.007  -0.590
12.68010   0.878   1.365    -0.56     0.07 2.0852e+00  -0.002  -0.589
12.70010   0.867   1.366    -0.56     0.06 2.0855e+00   0.004  -0.588
12.72010   0.856   1.367    -0.56     0.05 2.0858e+00   0.010  -0.587
12.74010   0.845   1.368    -0.56     0.04 2.0860e+00   0.015  -0.587
12.76010   0.834   1.369    -0.56     0.03 2.0863e+00   0.021  -0.586
12.78010   0.822   1.369    -0.56     0.01 2.0866e+00   0.026  -0.586
12.80010   0.811   1.369    -0.56     0.00 2.0868e+00   0.032  -0.585
12.82010   0.800   1.369    -0.56    -0.01 2.0871e+00   0.037  -0.585
12.84010   0.789   1.369    -0.56    -0.02 2.0873e+00   0.043  -0.585
12.86010   0.778   1.368    -0.56    -0.03 2.0876e+00   0.049  -0.584
12.88010   0.767   1.368    -0.55    -0.04 2.0879e+00   0.054  -0.584
12.90010   0.756   1.367    -0.55    -0.06 2.0881e+00   0.060  -0.584
12.92010   0.745   1.365    -0.55    -0.07 2.0884e+00   0.065  -0.584
12.94010   0.733   1.364    -0.55    -0.08 2.0886e+00   0.071  -0.584
12.96010   0.722   1.362    -0.55    -0.09 2.0889e+00   0.077  -0.584
12.98010   0.712   1.360    -0.55    -0.10 2.0891e+00   0.082  -0.584
13.00010   0.701   1.358    -0.55    -0.11 2.0894e+00   0.088  -0.584
13.02010   0.690   1.356    -0.54    -0.13 2.0896e+00   0.094  -0.584
13.04010   0.679   1.353    -0.54    -0.14 2.0899e+00   0.099  -0.584
13.06010   0.668   1.350    -0.54    -0.15 2.0901e+00   0.105  -0.584
13.08010   0.657   1.347    -0.54    -0.16 2.0904e+00   0.111  -0.585
13.10010   0.646   1.344    -0.54    -0.17 2.0906e+00   0.117  -0.585
13.12010   0.636   1.340    -0.53    -0.18 2.0908e+00   0.123  -0.585
13.14010   0.625   1.336    -0.53    -0.20 2.0911e+00   0.129  -0.586
13.16010   0.615   1.332    -0.53    -0.21 2.0913e+00   0.135  -0.586
13.18010   0.604   1.328    -0.53    -0.22 2.0916e+00   0.141  -0.587
13.20010   0.593   1.323    -0.52    -0.23 2.0918e+00   0.148  -0.588
13.22010   0.583   1.319    -0.52    -0.24 2.0920e+00   0.154  -0.588
13.24010   0.573   1.314    -0.52    -0.26 2.0923e+00   0.160  -0.589
13.26010   0.562   1.308    -0.51    -0.27 2.0925e+00   0.167  -0.590
13.28010   0.552   1.303    -0.51    -0.28 2.0927e+00   0.174  -0.591
13.30010   0.542   1.297    -0.51    -0.29 2.0930e+00   0.180  -0.591
13.32010   0.532   1.291    -0.50    -0.30 2.0932e+00   0.187  -0.592
13.34010   0.522   1.285    -0.50    -0.31 2.0934e+00   0.194  -0.593
13.36010   0.512   1.279    -0.49    -0.33 2.0937e+00   0.201  -0.594
13.38010   0.502   1.272    -0.49    -0.34 2.0939e+00   0.208  -0.595
13.40010   0.492   1.265    -0.49    -0.35 2.0941e+00   0.215  -0.596
13.42010   0.483   1.258    -0.48    -0.36 2.0943e+00   0.223  -0.597
13.44010   0.473   1.251    -0.48    -0.37 2.0946e+00   0.230  -0.599
13.46010   0.464   1.243    -0.47    -0.39 2.0948e+00   0.238  -0.600
13.48010   0.454   1.235    -0.47    -0.40 2.0950e+00   0.246  -0.601
13.50010   0.445   1.227    -0.46    -0.41 2.0952e+00   0.254  -0.602
13.52010   0.436   1.219    -0.46    -0.42 2.0955e+00   0.262  -0.604
13.54010   0.427   1.210    -0.45    -0.43 2.0957e+00   0.270  -0.605
13.56010   0.418   1.202    -0.45    -0.45 2.0959e+00   0.279  -0.607
13.58010   0.409   1.192    -0.44    -0.46 2.0961e+00   0.287  -0.608
13.60010   0.400   1.183    -0.44    -0.47 2.0963e+00   0.296  -0.610
13.62010   0.391   1.174    -0.43    -0.48 2.0966e+00   0.306  -0.611
13.64010   0.383   1.164    -0.42    -0.50 2.0968e+00   0.315  -0.613
13.66010   0.374   1.154    -0.42    -0.51 2.0970e+00   0.324  -0.614
13.68010   0.366   1.144    -0.41    -0.52 2.0972e+00   0.334  -0.616
13.70010   0.358   1.133    -0.40    -0.53 2.0974e+00   0.344  -0.618
13.72010   0.350   1.122    -0.40    -0.54 2.0976e+00   0.355  -0.619
13.74010   0.342   1.111    -0.39    -0.56 2.0978e+00   0.365  -0.621
13.76010   0.334   1.100    -0.38    -0.57 2.0981e+00   0.376  -0.623
13.78010   0.327   1.088    -0.37    -0.58 2.0983e+00   0.387  -0.624
13.80010   0.319   1.077    -0.37    -0.59 2.0985e+00   0.399  -0.626
13.82010   0.312   1.065    -0.36    -0.61 2.0987e+00   0.411  -0.628
13.84010   0.305   1.052    -0.35    -0.62 2.0989e+00   0.423  -0.630
13.86010   0.298   1.040    -0.34    -0.63 2.0991e+00   0.436  -0.631
13.88010   0.291   1.027    -0.33    -0.64 2.0993e+00   0.449  -0.633
13.90010   0.285   1.014    -0.32    -0.66 2.0995e+00   0.462  -0.635
13.92010   0.278   1.001    -0.31    -0.67 2.0997e+00   0.476  -0.636
13.94010   0.272   0.987    -0.30    -0.68 2.0999e+00   0.490  -0.638
13.96010   0.266   0.974    -0.29    -0.70 2.1001e+00   0.505  -0.640
13.98010   0.260   0.960    -0.28    -0.71 2.1003e+00   0.520  -0.641
14.00010   0.255   0.945    -0.27    -0.72 2.1005e+00   0.536  -0.643
14.02010   0.249   0.931    -0.26    -0.73 2.1007e+00   0.552  -0.644
14.04010   0.244   0.916    -0.25    -0.75 2.1009e+00   0.569  -0.645
14.06010   0.239   0.901    -0.24    -0.76 2.1011e+00   0.586  -0.647
14.08010   0.235   0.886    -0.23    -0.77 2.1013e+00   0.604  -0.648
14.10010   0.230   0.870    -0.22    -0.79 2.1015e+00   0.623  -0.649
14.12010   0.226   0.854    -0.20    -0.80 2.1017e+00   0.642  -0.649
14.14010   0.222   0.838    -0.19    -0.81 2.1019e+00   0.662  -0.650
14.16010   0.218   0.822    -0.18    -0.82 2.1021e+00   0.683  -0.650
14.18010   0.215   0.805    -0.16    -0.84 2.1023e+00   0.705  -0.651
14.20010   0.212   0.788    -0.15    -0.85 2.1025e+00   0.727  -0.651
14.22010   0.209   0.771    -0.13    -0.86 2.1027e+00   0.751  -0.650
14.24010   0.207   0.754    -0.12    -0.88 2.1029e+00   0.775  -0.650
14.26010   0.204   0.736    -0.10    -0.89 2.1030e+00   0.800  -0.649
14.28010   0.202   0.718    -0.09    -0.90 2.1032e+00   0.827  -0.647
14.30010   0.201   0.700    -0.07    -0.92 2.1034e+00   0.854  -0.645
14.32010   0.200   0.681    -0.05    -0.93 2.1036e+00   0.883  -0.643
14.34010   0.199   0.663    -0.03    -0.94 2.1038e+00   0.913  -0.640
14.36010   0.198   0.644    -0.02    -0.95 2.1040e+00   0.944  -0.636
14.38010   0.198   0.624     0.00    -0.97 2.1042e+00   0.976  -0.632
14.40010   0.198   0.605     0.02    -0.98 2.1044e+00   1.010  -0.627
14.42010   0.199   0.585     0.04    -0.99 2.1045e+00   1.045  -0.621
14.44010   0.200   0.565     0.07    -1.00 2.1047e+00   1.082  -0.614
14.46010   0.202   0.545     0.09    -1.02 2.1049e+00   1.121  -0.606
14.48010   0.204   0.525     0.11    -1.03 2.1051e+00   1.161  -0.597
14.50010   0.206   0.504     0.13    -1.04 2.1053e+00   1.204  -0.587
14.52010   0.209   0.483     0.16    -1.05 2.1054e+00   1.248  -0.574
14.54010   0.212   0.462     0.18    -1.06 2.1056e+00   1.294  -0.561
14.56010   0.216   0.441     0.21    -1.07 2.1058e+00   1.342  -0.545
14.58010   0.221   0.419     0.24    -1.09 2.1060e+00   1.393  -0.527
14.60010   0.226   0.397     0.27    -1.10 2.1062e+00   1.445  -0.507
14.62010   0.231   0.375     0.29    -1.11 2.1063e+00   1.501  -0.485
14.64010   0.238   0.353     0.33    -1.11 2.1065e+00   1.558  -0.459
14.66010   0.244   0.331     0.36    -1.12 2.1067e+00   1.619  -0.430
14.68010   0.252   0.308     0.39    -1.13 2.1069e+00   1.681  -0.397
14.70010   0.260   0.285     0.42    -1.14 2.1070e+00   1.747  -0.361
14.72010   0.269   0.262     0.46    -1.15 2.1072e+00   1.815  -0.320
14.74010   0.279   0.239     0.50    -1.15 2.1074e+00   1.887  -0.273
14.76010   0.289   0.216     0.54    -1.16 2.1076e+00   1.960  -0.222
14.78010   0.300   0.193     0.58    -1.16 2.1077e+00   2.037  -0.163
14.80010   0.312   0.170     0.62    -1.16 2.1079e+00   2.116  -0.098
14.82010   0.325   0.147     0.66    -1.16 2.1081e+00   2.197  -0.025
14.84010   0.338   0.123     0.71    -1.16 2.1082e+00   2.281   0.057
14.86010   0.353   0.100     0.75    -1.16 2.1084e+00   2.366   0.148
14.88010   0.368   0.077     0.80    -1.16 2.1086e+00   2.452   0.250
14.90010   0.385   0.054     0.85    -1.15 2.1087e+00   2.539   0.364
14.92010   0.402   0.031     0.90    -1.14 2.1089e+00   2.626   0.491
14.94010   0.421   0.008     0.95    -1.13 2.1091e+00   2.711   0.632
14.96010   0.441  -0.015     1.01    -1.12 2.1092e+00   2.792   0.788
14.98010   0.461  -0.037     1.07    -1.10 2.1094e+00   2.870   0.961
15.00010   0.483  -0.059     1.12    -1.08 2.1096e+00   2.940   1.151
15.02010   0.506  -0.080     1.18    -1.05 2.1097e+00   3.001   1.359
15.04010   0.531  -0.101     1.24    -1.03 2.1099e+00   3.050   1.587
15.06010   0.556  -0.121     1.31    -0.99 2.1101e+00   3.084   1.835
15.08010   0.583  -0.140     1.37    -0.95 2.1102e+00   3.097   2.101
15.10010   0.611  -0.159     1.43    -0.91 2.1104e+00   3.087   2.386
15.12010   0.640  -0.177     1.49    -0.86 2.1105e+00   3.048   2.687
15.14010   0.670  -0.193     1.55    -0.80 2.1107e+00   2.976   3.001
15.16010   0.702  -0.209     1.61    -0.74 2.1109e+00   2.866   3.324
15.18010   0.735  -0.223     1.67    -0.67 2.1110e+00   2.714   3.652
15.20010   0.769  -0.235     1.72    -0.59 2.1112e+00   2.516   3.975
15.22010   0.804  -0.246     1.77    -0.51 2.1113e+00   2.269   4.287
15.24010   0.839  -0.255     1.81    -0.42 2.1115e+00   1.974   4.577
15.26010   0.876  -0.263     1.84    -0.32 2.1117e+00   1.632   4.836
15.28010   0.913  -0.268     1.87    -0.23 2.1118e+00   1.248   5.052
15.30010   0.951  -0.272     1.89    -0.12 2.1120e+00   0.827   5.218
15.32010   0.989  -0.273     1.91    -0.02 2.1121e+00   0.380   5.324
15.34010   1.027  -0.273     1.91     0.09 2.1123e+00  -0.083   5.366
15.36010   1.065  -0.270     1.90     0.20 2.1124e+00  -0.549   5.340
15.38010   1.103  -0.265     1.89     0.30 2.1126e+00  -1.005   5.248
15.40010   1.141  -0.258     1.86     0.41 2.1127e+00  -1.439   5.093
15.42010   1.177  -0.248     1.83     0.51 2.1129e+00  -1.839   4.881
15.44010   1.214  -0.237     1.79     0.60 2.1130e+00  -2.199   4.622
15.46010   1.249  -0.224     1.74     0.69 2.1132e+00  -2.511   4.326
15.48010   1.283  -0.210     1.69     0.77 2.1133e+00  -2.773   4.003
15.50010   1.317  -0.193     1.63     0.85 2.1135e+00  -2.984   3.663
15.52010   1.349  -0.176     1.57     0.92 2.1136e+00  -3.146   3.317
15.54010   1.379  -0.157     1.51     0.98 2.1138e+00  -3.260   2.972
15.56010   1.409  -0.136     1.44     1.04 2.1139e+00  -3.333   2.636
15.58010   1.437  -0.115     1.37     1.09 2.1141e+00  -3.368   2.313
15.60010   1.464  -0.093     1.31     1.13 2.1142e+00  -3.372   2.007
15.62010   1.489  -0.070     1.24     1.17 2.1144e+00  -3.348   1.720
15.64010   1.513  -0.046     1.17     1.20 2.1145e+00  -3.303   1.455
15.66010   1.536  -0.022     1.11     1.23 2.1147e+00  -3.240   1.211
15.68010   1.558   0.003     1.04     1.25 2.1148e+00  -3.164   0.989
15.70010   1.578   0.028     0.98     1.27 2.1150e+00  -3.077   0.787
15.72010   1.597   0.054     0.92     1.28 2.1151e+00  -2.984   0.605
15.74010   1.615   0.079     0.86     1.29 2.1152e+00  -2.885   0.441
15.76010   1.631   0.105     0.80     1.30 2.1154e+00  -2.784   0.295
15.78010   1.647   0.131     0.75     1.30 2.1155e+00  -2.682   0.164
15.80010   1.661   0.157     0.70     1.31 2.1157e+00  -2.580   0.048
15.82010   1.675   0.183     0.65     1.31 2.1158e+00  -2.479  -0.055
15.84010   1.687   0.210     0.60     1.30 2.1160e+00  -2.379  -0.147
15.86010   1.698   0.236     0.55     1.30 2.1161e+00  -2.283  -0.228
15.88010   1.709   0.261     0.51     1.29 2.1162e+00  -2.189  -0.300
15.90010   1.719   0.287     0.46     1.29 2.1164e+00  -2.098  -0.363
15.92010   1.728   0.313     0.42     1.28 2.1165e+00  -2.011  -0.418
15.94010   1.736   0.338     0.38     1.27 2.1167e+00  -1.927  -0.467
15.96010   1.743   0.364     0.35     1.26 2.1168e+00  -1.847  -0.509
15.98010   1.749   0.389     0.31     1.25 2.1169e+00  -1.770  -0.547
16.00010   1.755   0.414     0.27     1.24 2.1171e+00  -1.696  -0.579
16.02010   1.760   0.439     0.24     1.23 2.1172e+00  -1.626  -0.608
16.04010   1.765   0.463     0.21     1.22 2.1173e+00  -1.559  -0.632
16.06010   1.769   0.487     0.18     1.20 2.1175e+00  -1.495  -0.654
16.08010   1.772   0.511     0.15     1.19 2.1176e+00  -1.434  -0.672
16.10010   1.775   0.535     0.12     1.18 2.1178e+00  -1.376  -0.688
16.12010   1.777   0.558     0.09     1.16 2.1179e+00  -1.321  -0.701
16.14010   1.779   0.581     0.07     1.15 2.1180e+00  -1.268  -0.712
16.16010   1.780   0.604     0.04     1.13 2.1182e+00  -1.218  -0.722
16.18010   1.780   0.626     0.02     1.12 2.1183e+00  -1.170  -0.730
16.20010   1.781   0.649    -0.00     1.10 2.1184e+00  -1.125  -0.736
16.22010   1.780   0.671    -0.03     1.09 2.1185e+00  -1.081  -0.742
16.24010   1.780   0.692    -0.05     1.07 2.1187e+00  -1.040  -0.746
16.26010   1.778   0.714    -0.07     1.06 2.1188e+00  -1.000  -0.749
16.28010   1.777   0.735    -0.09     1.04 2.1189e+00  -0.962  -0.751
16.30010   1.775   0.755    -0.11     1.03 2.1191e+00  -0.926  -0.752
16.32010   1.773   0.776    -0.12     1.01 2.1192e+00  -0.892  -0.753
16.34010   1.770   0.796    -0.14     1.00 2.1193e+00  -0.859  -0.753
16.36010   1.767   0.816    -0.16     0.98 2.1195e+00  -0.827  -0.753
16.38010   1.764   0.835    -0.17     0.97 2.1196e+00  -0.797  -0.752
16.40010   1.760   0.855    -0.19     0.95 2.1197e+00  -0.768  -0.751
16.42010   1.756   0.873    -0.20     0.94 2.1198e+00  -0.741  -0.749
16.44010   1.752   0.892    -0.22     0.92 2.1200e+00  -0.714  -0.747
16.46010   1.747   0.910    -0.23     0.91 2.1201e+00  -0.689  -0.745
16.48010   1.743   0.928    -0.25     0.89 2.1202e+00  -0.665  -0.742
16.50010   1.737   0.946    -0.26     0.88 2.1204e+00  -0.641  -0.740
16.52010   1.732   0.964    -0.27     0.86 2.1205e+00  -0.619  -0.737
16.54010   1.727   0.981    -0.28     0.85 2.1206e+00  -0.597  -0.734
16.56010   1.721   0.998    -0.30     0.84 2.1207e+00  -0.576  -0.731
16.58010   1.715   1.014    -0.31     0.82 2.1209e+00  -0.557  -0.727
16.60010   1.708   1.030    -0.32     0.81 2.1210e+00  -0.537  -0.724
16.62010   1.702   1.046    -0.33     0.79 2.1211e+00  -0.519  -0.721
16.64010   1.695   1.062    -0.34     0.78 2.1212e+00  -0.501  -0.717
16.66010   1.688   1.078    -0.35     0.76 2.1213e+00  -0.484  -0.714
16.68010   1.681   1.093    -0.36     0.75 2.1215e+00  -0.467  -0.710
16.70010   1.674   1.107    -0.37     0.73 2.1216e+00  -0.451  -0.707
16.72010   1.667   1.122    -0.38     0.72 2.1217e+00  -0.436  -0.703
16.74010   1.659   1.136    -0.39     0.71 2.1218e+00  -0.421  -0.700
16.76010   1.651   1.150    -0.39     0.69 2.1220e+00  -0.406  -0.696
16.78010   1.643   1.164    -0.40     0.68 2.1221e+00  -0.392  -0.693
16.80010   1.635   1.177    -0.41     0.66 2.1222e+00  -0.379  -0.690
16.82010   1.627   1.191    -0.42     0.65 2.1223e+00  -0.366  -0.686
16.84010   1.618   1.203    -0.42     0.64 2.1224e+00  -0.353  -0.683
16.86010   1.610   1.216    -0.43     0.62 2.1226e+00  -0.341  -0.679
16.88010   1.601   1.228    -0.44     0.61 2.1227e+00  -0.329  -0.676
16.90010   1.592   1.241    -0.44     0.60 2.1228e+00  -0.317  -0.673
16.92010   1.583   1.252    -0.45     0.58 2.1229e+00  -0.306  -0.670
16.94010   1.574   1.264    -0.46     0.57 2.1230e+00  -0.295  -0.666
16.96010   1.565   1.275    -0.46     0.56 2.1231e+00  -0.284  -0.663
16.98010   1.556   1.286    -0.47     0.54 2.1233e+00  -0.274  -0.660
17.00010   1.546   1.297    -0.47     0.53 2.1234e+00  -0.264  -0.657
17.02010   1.537   1.307    -0.48     0.52 2.1235e+00  -0.254  -0.654
17.04010   1.527   1.318    -0.48     0.50 2.1236e+00  -0.245  -0.651
17.06010   1.518   1.327    -0.49     0.49 2.1237e+00  -0.235  -0.649
17.08010   1.508   1.337    -0.49     0.48 2.1238e+00  -0.226  -0.646
17.10010   1.498   1.347    -0.50     0.47 2.1240e+00  -0.217  -0.643
17.12010   1.488   1.356    -0.50     0.45 2.1241e+00  -0.209  -0.640
17.14010   1.478   1.365    -0.51     0.44 2.1242e+00  -0.200  -0.638
17.16010   1.468   1.373    -0.51     0.43 2.1243e+00  -0.192  -0.635
17.18010   1.457   1.382    -0.51     0.41 2.1244e+00  -0.184  -0.633
17.20010   1.447   1.390    -0.52     0.40 2.1245e+00  -0.176  -0.631
17.22010   1.437   1.398    -0.52     0.39 2.1246e+00  -0.168  -0.628
17.24010   1.426   1.406    -0.52     0.38 2.1247e+00  -0.160  -0.626
17.26010   1.416   1.413    -0.53     0.36 2.1249e+00  -0.153  -0.624
17.28010   1.405   1.420    -0.53     0.35 2.1250e+00  -0.146  -0.622
17.30010   1.395   1.427    -0.53     0.34 2.1251e+00  -0.138  -0.619
17.32010   1.384   1.434    -0.54     0.33 2.1252e+00  -0.131  -0.617
17.34010   1.373   1.440    -0.54     0.31 2.1253e+00  -0.124  -0.615
17.36010   1.362   1.446    -0.54     0.30 2.1254e+00  -0.118  -0.614
17.38010   1.352   1.452    -0.54     0.29 2.1255e+00  -0.111  -0.612
17.40010   1.341   1.458    -0.54     0.28 2.1256e+00  -0.104  -0.610
17.42010   1.330   1.463    -0.55     0.27 2.1257e+00  -0.098  -0.608
17.44010   1.319   1.468    -0.55     0.25 2.1258e+00  -0.091  -0.607
17.46010   1.308   1.473    -0.55     0.24 2.1260e+00  -0.085  -0.605
17.48010   1.297   1.478    -0.55     0.23 2.1261e+00  -0.079  -0.603
17.50010   1.286   1.483    -0.55     0.22 2.1262e+00  -0.072  -0.602
17.52010   1.275   1.487    -0.55     0.21 2.1263e+00  -0.066  -0.601
17.54010   1.264   1.491    -0.56     0.19 2.1264e+00  -0.060  -0.599
17.56010   1.253   1.494    -0.56     0.18 2.1265e+00  -0.054  -0.598
17.58010   1.241   1.498    -0.56     0.17 2.1266e+00  -0.048  -0.597
17.60010   1.230   1.501    -0.56     0.16 2.1267e+00  -0.042  -0.595
17.62010   1.219   1.504    -0.56     0.15 2.1268e+00  -0.036  -0.594
17.64010   1.208   1.507    -0.56     0.13 2.1269e+00  -0.031  -0.593
17.66010   1.197   1.510    -0.56     0.12 2.1270e+00  -0.025  -0.592
17.68010   1.185   1.512    -0.56     0.11 2.1271e+00  -0.019  -0.591
17.70010   1.174   1.514    -0.56     0.10 2.1272e+00  -0.014  -0.590
17.72010   1.163   1.516    -0.56     0.09 2.1273e+00  -0.008  -0.590
17.74010   1.152   1.517    -0.56     0.07 2.1274e+00  -0.002  -0.589
17.76010   1.140   1.519    -0.56     0.06 2.1275e+00   0.003  -0.588
17.78010   1.129   1.520    -0.56     0.05 2.1276e+00   0.009  -0.587
17.80010   1.118   1.521    -0.56     0.04 2.1277e+00   0.015  -0.587
17.82010   1.107   1.522    -0.56     0.03 2.1278e+00   0.020  -0.586
17.84010   1.095   1.522    -0.56     0.02 2.1279e+00   0.026  -0.586
17.86010   1.084   1.522    -0.56     0.00 2.1280e+00   0.031  -0.585
17.88010   1.073   1.522    -0.56    -0.01 2.1281e+00   0.037  -0.585
17.90010   1.062   1.522    -0.56    -0.02 2.1282e+00   0.042  -0.585
17.92010   1.051   1.521    -0.56    -0.03 2.1283e+00   0.048  -0.584
17.94010   1.040   1.521    -0.56    -0.04 2.1284e+00   0.053  -0.584
17.96010   1.028   1.520    -0.56    -0.05 2.1285e+00   0.059  -0.584
17.98010   1.017   1.518    -0.55    -0.07 2.1286e+00   0.065  -0.584
18.00010   1.006   1.517    -0.55    -0.08 2.1287e+00   0.070  -0.584
18.02010   0.995   1.515    -0.55    -0.09 2.1288e+00   0.076  -0.584
18.04010   0.984   1.513    -0.55    -0.10 2.1289e+00   0.081  -0.584
18.06010   0.973   1.511    -0.55    -0.11 2.1290e+00   0.087  -0.584
18.08010   0.962   1.509    -0.55    -0.12 2.1291e+00   0.093  -0.584
18.10010   0.951   1.506    -0.54    -0.14 2.1292e+00   0.099  -0.584
18.12010   0.940   1.503    -0.54    -0.15 2.1293e+00   0.105  -0.584
18.14010   0.930   1.500    -0.54    -0.16 2.1294e+00   0.110  -0.585
18.16010   0.919   1.497    -0.54    -0.17 2.1295e+00   0.116  -0.585
18.18010   0.908   1.493    -0.54    -0.18 2.1296e+00   0.122  -0.585
18.20010   0.897   1.490    -0.53    -0.19 2.1297e+00   0.128  -0.586
18.22010   0.887   1.486    -0.53    -0.21 2.1298e+00   0.134  -0.586
18.24010   0.876   1.481    -0.53    -0.22 2.1299e+00   0.141  -0.587
18.26010   0.866   1.477    -0.53    -0.23 2.1300e+00   0.147  -0.587
18.28010   0.855   1.472    -0.52    -0.24 2.1301e+00   0.153  -0.588
18.30010   0.845   1.467    -0.52    -0.25 2.1302e+00   0.160  -0.589
18.32010   0.834   1.462    -0.52    -0.27 2.1303e+00   0.166  -0.590
18.34010   0.824   1.457    -0.51    -0.28 2.1304e+00   0.173  -0.590
18.36010   0.814   1.451    -0.51    -0.29 2.1305e+00   0.179  -0.591
18.38010   0.804   1.445    -0.51    -0.30 2.1306e+00   0.186  -0.592
18.40010   0.794   1.439    -0.50    -0.31 2.1307e+00   0.193  -0.593
18.42010   0.784   1.433    -0.50    -0.32 2.1308e+00   0.200  -0.594
18.44010   0.774   1.426    -0.49    -0.34 2.1309e+00   0.207  -0.595
18.46010   0.764   1.419    -0.49    -0.35 2.1310e+00   0.214  -0.596
18.48010   0.754   1.412    -0.49    -0.36 2.1311e+00   0.222  -0.597
18.50010   0.744   1.405    -0.48    -0.37 2.1311e+00   0.229  -0.598
18.52010   0.735   1.397    -0.48    -0.38 2.1312e+00   0.237  -0.600
18.54010   0.725   1.389    -0.47    -0.40 2.1313e+00   0.245  -0.601
18.56010   0.716   1.381    -0.47    -0.41 2.1314e+00   0.253  -0.602
18.58010   0.707   1.373    -0.46    -0.42 2.1315e+00   0.261  -0.604
18.60010   0.698   1.365    -0.46    -0.43 2.1316e+00   0.269  -0.605
18.62010   0.689   1.356    -0.45    -0.44 2.1317e+00   0.277  -0.606
18.64010   0.680   1.347    -0.44    -0.46 2.1318e+00   0.286  -0.608
18.66010   0.671   1.338    -0.44    -0.47 2.1319e+00   0.295  -0.609
18.68010   0.662   1.328    -0.43    -0.48 2.1320e+00   0.304  -0.611
18.70010   0.653   1.318    -0.43    -0.49 2.1321e+00   0.313  -0.612
18.72010   0.645   1.308    -0.42    -0.51 2.1321e+00   0.323  -0.614
18.74010   0.637   1.298    -0.41    -0.52 2.1322e+00   0.333  -0.616
18.76010   0.628   1.288    -0.41    -0.53 2.1323e+00   0.343  -0.617
18.78010   0.620   1.277    -0.40    -0.54 2.1324e+00   0.353  -0.619
18.80010   0.612   1.266    -0.39    -0.55 2.1325e+00   0.364  -0.621
18.82010   0.605   1.255    -0.39    -0.57 2.1326e+00   0.374  -0.622
18.84010   0.597   1.243    -0.38    -0.58 2.1327e+00   0.386  -0.624
18.86010   0.590   1.232    -0.37    -0.59 2.1328e+00   0.397  -0.626
18.88010   0.582   1.220    -0.36    -0.60 2.1329e+00   0.409  -0.628
18.90010   0.575   1.207    -0.35    -0.62 2.1329e+00   0.421  -0.629
18.92010   0.568   1.195    -0.35    -0.63 2.1330e+00   0.434  -0.631
18.94010   0.561   1.182    -0.34    -0.64 2.1331e+00   0.447  -0.633
18.96010   0.555   1.169    -0.33    -0.66 2.1332e+00   0.460  -0.634
18.98010   0.548   1.156    -0.32    -0.67 2.1333e+00   0.474  -0.636
19.00010   0.542   1.142    -0.31    -0.68 2.1334e+00   0.488  -0.638
19.02010   0.536   1.129    -0.30    -0.69 2.1335e+00   0.502  -0.639
19.04010   0.530   1.115    -0.29    -0.71 2.1336e+00   0.517  -0.641
19.06010   0.524   1.100    -0.28    -0.72 2.1336e+00   0.533  -0.642
19.08010   0.519   1.086    -0.27    -0.73 2.1337e+00   0.549  -0.644
19.10010   0.514   1.071    -0.26    -0.74 2.1338e+00   0.566  -0.645
19.12010   0.509   1.056    -0.24    -0.76 2.1339e+00   0.583  -0.646
19.14010   0.504   1.041    -0.23    -0.77 2.1340e+00   0.601  -0.648
19.16010   0.499   1.025    -0.22    -0.78 2.1341e+00   0.620  -0.649
19.18010   0.495   1.010    -0.21    -0.80 2.1341e+00   0.639  -0.649
19.20010   0.491   0.993    -0.19    -0.81 2.1342e+00   0.659  -0.650
19.22010   0.487   0.977    -0.18    -0.82 2.1343e+00   0.680  -0.651
19.24010   0.484   0.961    -0.17    -0.84 2.1344e+00   0.701  -0.651
19.26010   0.481   0.944    -0.15    -0.85 2.1345e+00   0.724  -0.651
19.28010   0.478   0.927    -0.14    -0.86 2.1346e+00   0.747  -0.651
19.30010   0.475   0.909    -0.12    -0.87 2.1346e+00   0.771  -0.650
19.32010   0.473   0.892    -0.11    -0.89 2.1347e+00   0.796  -0.649
19.34010   0.471   0.874    -0.09    -0.90 2.1348e+00   0.822  -0.648
19.36010   0.469   0.856    -0.07    -0.91 2.1349e+00   0.850  -0.646
19.38010   0.468   0.837    -0.06    -0.93 2.1350e+00   0.878  -0.644
19.40010   0.467   0.819    -0.04    -0.94 2.1351e+00   0.908  -0.641
19.42010   0.466   0.800    -0.02    -0.95 2.1351e+00   0.938  -0.637
19.44010   0.466   0.780    -0.00    -0.96 2.1352e+00   0.971  -0.633
19.46010   0.466   0.761     0.02    -0.98 2.1353e+00   1.004  -0.628
19.48010   0.467   0.741     0.04    -0.99 2.1354e+00   1.039  -0.623
19.50010   0.468   0.721     0.06    -1.00 2.1355e+00   1.076  -0.616
19.52010   0.469   0.701     0.08    -1.01 2.1355e+00   1.114  -0.608
19.54010   0.471   0.681     0.10    -1.03 2.1356e+00   1.154  -0.599
19.56010   0.473   0.660     0.13    -1.04 2.1357e+00   1.196  -0.589
19.58010   0.476   0.639     0.15    -1.05 2.1358e+00   1.240  -0.577
19.60010   0.479   0.618     0.18    -1.06 2.1359e+00   1.286  -0.564
19.62010   0.483   0.597     0.20    -1.07 2.1359e+00   1.334  -0.548
19.64010   0.487   0.575     0.23    -1.08 2.1360e+00   1.384  -0.531
19.66010   0.492   0.554     0.26    -1.09 2.1361e+00   1.436  -0.511
19.68010   0.498   0.532     0.29    -1.10 2.1362e+00   1.491  -0.489
19.70010   0.504   0.509     0.32    -1.11 2.1363e+00   1.548  -0.464
19.72010   0.511   0.487     0.35    -1.12 2.1363e+00   1.608  -0.436
19.74010   0.518   0.464     0.38    -1.13 2.1364e+00   1.671  -0.404
19.76010   0.526   0.442     0.42    -1.14 2.1365e+00   1.736  -0.368
19.78010   0.535   0.419     0.45    -1.15 2.1366e+00   1.804  -0.328
19.80010   0.544   0.396     0.49    -1.15 2.1366e+00   1.874  -0.282
19.82010   0.554   0.373     0.53    -1.16 2.1367e+00   1.948  -0.231
19.84010   0.565   0.350     0.57    -1.16 2.1368e+00   2.024  -0.174
19.86010   0.577   0.326     0.61    -1.16 2.1369e+00   2.102  -0.110
19.88010   0.589   0.303     0.65    -1.17 2.1370e+00   2.184  -0.039
19.90010   0.603   0.280     0.70    -1.17 2.1370e+00   2.267   0.042
19.92010   0.617   0.257     0.74    -1.16 2.1371e+00   2.352   0.131
19.94010   0.633   0.233     0.79    -1.16 2.1372e+00   2.438   0.231
19.96010   0.649   0.210     0.84    -1.15 2.1373e+00   2.525   0.343
19.98010   0.666   0.187     0.89    -1.15 2.1373e+00   2.611   0.468
20.00010   0.684   0.164     0.94    -1.14 2.1374e+00   2.697   0.606
