 0.02010   1.199   0.032    -0.06     1.57 -2.8644e-07  -3.193  -0.189
 0.04000   1.197   0.063    -0.13     1.56 -2.2221e-06  -3.190  -0.378
 0.06000   1.194   0.094    -0.19     1.55 -7.3086e-06  -3.183  -0.572
 0.08000   1.190   0.125    -0.26     1.54 -1.6737e-05  -3.173  -0.772
 0.10000   1.184   0.155    -0.32     1.52 -3.1292e-05  -3.157  -0.978
 0.12000   1.177   0.186    -0.38     1.50 -5.1239e-05  -3.134  -1.194
 0.14000   1.169   0.215    -0.44     1.47 -7.6234e-05  -3.102  -1.421
 0.16010   1.159   0.245    -0.51     1.44 -1.0538e-04  -3.057  -1.661
 0.18010   1.149   0.273    -0.57     1.41 -1.3655e-04  -2.997  -1.913
 0.20010   1.137   0.301    -0.63     1.37 -1.6711e-04  -2.917  -2.179
 0.22010   1.124   0.328    -0.68     1.32 -1.9331e-04  -2.811  -2.458
 0.24010   1.109   0.354    -0.74     1.27 -2.1021e-04  -2.672  -2.748
 0.26010   1.094   0.378    -0.79     1.21 -2.1155e-04  -2.496  -3.046
 0.28010   1.078   0.402    -0.84     1.15 -1.8969e-04  -2.273  -3.345
 0.30010   1.061   0.424    -0.88     1.08 -1.3557e-04  -1.997  -3.636
 0.32010   1.043   0.445    -0.92     1.00 -3.9096e-05  -1.662  -3.906
 0.34010   1.024   0.464    -0.95     0.92 1.1010e-04  -1.268  -4.136
 0.36010   1.005   0.482    -0.97     0.83 3.2105e-04  -0.817  -4.305
 0.38010   0.985   0.497    -0.98     0.75 5.9901e-04  -0.324  -4.390
 0.40010   0.966   0.512    -0.98     0.66 9.4242e-04   0.191  -4.372
 0.42010   0.946   0.524    -0.97     0.57 1.3399e-03   0.696  -4.239
 0.44010   0.927   0.535    -0.95     0.49 1.7689e-03   1.155  -3.991
 0.46010   0.908   0.544    -0.92     0.41 2.1970e-03   1.533  -3.646
 0.48010   0.890   0.551    -0.89     0.35 2.5862e-03   1.806  -3.231
 0.50010   0.873   0.557    -0.85     0.29 2.9000e-03   1.964  -2.785
 0.52010   0.856   0.563    -0.81     0.23 3.1092e-03   2.012  -2.344
 0.54010   0.840   0.567    -0.77     0.19 3.1962e-03   1.968  -1.935
 0.56010   0.825   0.570    -0.74     0.16 3.1558e-03   1.855  -1.578
 0.58010   0.811   0.573    -0.70     0.13 2.9927e-03   1.696  -1.279
 0.60010   0.797   0.576    -0.67     0.11 2.7194e-03   1.511  -1.039
 0.62010   0.784   0.577    -0.64     0.09 2.3519e-03   1.318  -0.853
 0.64010   0.771   0.579    -0.61     0.07 1.9083e-03   1.125  -0.713
 0.66010   0.759   0.580    -0.59     0.06 1.4060e-03   0.941  -0.613
 0.68010   0.748   0.581    -0.58     0.05 8.6157e-04   0.770  -0.543
 0.70010   0.736   0.582    -0.56     0.04 2.8987e-04   0.612  -0.498
 0.72010   0.725   0.583    -0.55     0.03 -2.9590e-04   0.469  -0.473
 0.74010   0.714   0.583    -0.54     0.02 -8.8415e-04   0.340  -0.463
 0.76010   0.703   0.583    -0.54     0.01 -1.4647e-03   0.224  -0.464
 0.78010   0.692   0.583    -0.54    -0.00 -2.0287e-03   0.121  -0.475
 0.80010   0.682   0.583    -0.53    -0.01 -2.5683e-03   0.028  -0.492
 0.82010   0.671   0.583    -0.53    -0.02 -3.0765e-03  -0.056  -0.515
 0.84010   0.660   0.582    -0.54    -0.03 -3.5470e-03  -0.131  -0.542
 0.86010   0.650   0.582    -0.54    -0.04 -3.9743e-03  -0.198  -0.572
 0.88010   0.639   0.581    -0.54    -0.06 -4.3534e-03  -0.259  -0.605
 0.90010   0.628   0.580    -0.55    -0.07 -4.6796e-03  -0.315  -0.640
 0.92010   0.617   0.578    -0.56    -0.08 -4.9487e-03  -0.365  -0.678
 0.94010   0.606   0.576    -0.56    -0.09 -5.1567e-03  -0.411  -0.717
 0.96010   0.594   0.574    -0.57    -0.11 -5.3001e-03  -0.454  -0.758
 0.98010   0.583   0.572    -0.58    -0.13 -5.3754e-03  -0.493  -0.801
 1.00010   0.571   0.569    -0.59    -0.14 -5.3795e-03  -0.530  -0.846
 1.02010   0.559   0.566    -0.60    -0.16 -5.3094e-03  -0.564  -0.892
 1.04010   0.547   0.563    -0.62    -0.18 -5.1622e-03  -0.596  -0.941
 1.06010   0.534   0.559    -0.63    -0.20 -4.9353e-03  -0.627  -0.993
 1.08010   0.522   0.555    -0.64    -0.22 -4.6262e-03  -0.656  -1.046
 1.10010   0.509   0.550    -0.65    -0.24 -4.2323e-03  -0.683  -1.103
 1.12010   0.495   0.545    -0.67    -0.26 -3.7513e-03  -0.710  -1.164
 1.14010   0.482   0.540    -0.68    -0.29 -3.1810e-03  -0.736  -1.228
 1.16010   0.468   0.534    -0.70    -0.31 -2.5192e-03  -0.761  -1.296
 1.18010   0.454   0.528    -0.71    -0.34 -1.7638e-03  -0.786  -1.370
 1.20010   0.440   0.521    -0.73    -0.37 -9.1258e-04  -0.811  -1.449
 1.22010   0.425   0.513    -0.75    -0.39 3.6329e-05  -0.835  -1.536
 1.24010   0.410   0.505    -0.76    -0.43 1.0850e-03  -0.858  -1.629
 1.26010   0.394   0.496    -0.78    -0.46 2.2352e-03  -0.882  -1.732
 1.28010   0.379   0.486    -0.80    -0.50 3.4891e-03  -0.905  -1.845
 1.30010   0.362   0.476    -0.82    -0.53 4.8485e-03  -0.928  -1.971
 1.32010   0.346   0.465    -0.83    -0.57 6.3152e-03  -0.951  -2.111
 1.34010   0.329   0.453    -0.85    -0.62 7.8912e-03  -0.973  -2.268
 1.36010   0.312   0.440    -0.87    -0.67 9.5782e-03  -0.993  -2.446
 1.38010   0.294   0.426    -0.89    -0.72 1.1378e-02  -1.011  -2.650
 1.40010   0.276   0.411    -0.91    -0.77 1.3293e-02  -1.027  -2.884
 1.42010   0.258   0.395    -0.93    -0.83 1.5325e-02  -1.037  -3.156
 1.44010   0.239   0.378    -0.96    -0.90 1.7475e-02  -1.040  -3.476
 1.46010   0.219   0.359    -0.98    -0.97 1.9746e-02  -1.032  -3.857
 1.48010   0.200   0.339    -1.00    -1.05 2.2139e-02  -1.007  -4.316
 1.50010   0.180   0.317    -1.02    -1.15 2.4657e-02  -0.954  -4.879
 1.52010   0.159   0.293    -1.03    -1.25 2.7302e-02  -0.857  -5.582
 1.54010   0.138   0.267    -1.05    -1.37 3.0074e-02  -0.687  -6.480
 1.56010   0.117   0.238    -1.06    -1.51 3.2977e-02  -0.392  -7.655
 1.58010   0.096   0.207    -1.06    -1.68 3.6013e-02   0.126  -9.241
 1.60010   0.075   0.171    -1.05    -1.88 3.9184e-02   1.070 -11.460
 1.62010   0.054   0.131    -1.02    -2.14 4.2491e-02   2.894 -14.701
 1.64010   0.034   0.085    -0.92    -2.48 4.5938e-02   6.735 -19.640
 1.66010   0.018   0.031    -0.71    -2.95 4.9526e-02  15.898 -27.269
 1.68010   0.008  -0.034    -0.18    -3.59 5.3257e-02  41.385 -36.343
 1.70010   0.016  -0.113     1.25    -4.22 5.7135e-02 109.612 -11.870
 1.72010   0.066  -0.191     3.66    -3.10 6.1161e-02  83.700 122.358
 1.74010   0.146  -0.229     3.99    -0.88 6.5335e-02 -24.173  78.361
 1.76010   0.220  -0.235     3.39     0.13 6.9660e-02 -29.477  31.038
 1.78010   0.282  -0.228     2.87     0.55 7.4138e-02 -22.262  13.748
 1.80010   0.336  -0.215     2.49     0.75 7.8771e-02 -16.666   6.781
 1.82010   0.383  -0.198     2.20     0.85 8.3562e-02 -12.907   3.536
 1.84010   0.424  -0.181     1.97     0.90 8.8513e-02 -10.344   1.847
 1.86010   0.462  -0.163     1.78     0.93 9.3628e-02  -8.531   0.893
 1.88010   0.496  -0.144     1.62     0.94 9.8908e-02  -7.202   0.321
 1.90010   0.527  -0.125     1.49     0.94 1.0436e-01  -6.198  -0.037
 1.92010   0.555  -0.106     1.37     0.94 1.0997e-01  -5.418  -0.269
 1.94010   0.582  -0.088     1.27     0.93 1.1577e-01  -4.800  -0.423
 1.96010   0.606  -0.069     1.18     0.92 1.2173e-01  -4.299  -0.527
 1.98010   0.629  -0.051     1.10     0.91 1.2788e-01  -3.888  -0.599
 2.00010   0.650  -0.033     1.02     0.90 1.3420e-01  -3.545  -0.647
 2.02010   0.670  -0.015     0.96     0.88 1.4071e-01  -3.256  -0.681
 2.04010   0.688   0.003     0.89     0.87 1.4740e-01  -3.009  -0.703
 2.06010   0.705   0.020     0.83     0.86 1.5428e-01  -2.797  -0.718
 2.08010   0.722   0.037     0.78     0.84 1.6135e-01  -2.613  -0.728
 2.10000   0.737   0.054     0.73     0.83 1.6857e-01  -2.453  -0.734
 2.12000   0.751   0.070     0.68     0.81 1.7603e-01  -2.311  -0.737
 2.14000   0.764   0.086     0.64     0.80 1.8368e-01  -2.185  -0.739
 2.16000   0.776   0.102     0.60     0.78 1.9153e-01  -2.074  -0.739
 2.18000   0.788   0.117     0.55     0.77 1.9958e-01  -1.974  -0.738
 2.20000   0.798   0.133     0.52     0.75 2.0784e-01  -1.884  -0.736
 2.22000   0.808   0.148     0.48     0.74 2.1630e-01  -1.803  -0.734
 2.24000   0.818   0.162     0.44     0.72 2.2496e-01  -1.730  -0.733
 2.26000   0.826   0.177     0.41     0.71 2.3384e-01  -1.664  -0.731
 2.28000   0.834   0.191     0.38     0.70 2.4293e-01  -1.603  -0.729
 2.30000   0.841   0.204     0.35     0.68 2.5223e-01  -1.548  -0.727
 2.32000   0.848   0.218     0.32     0.67 2.6174e-01  -1.498  -0.726
 2.34000   0.854   0.231     0.29     0.65 2.7148e-01  -1.451  -0.725
 2.36000   0.859   0.244     0.26     0.64 2.8143e-01  -1.409  -0.725
 2.38000   0.864   0.257     0.23     0.62 2.9159e-01  -1.369  -0.724
 2.40000   0.869   0.269     0.20     0.61 3.0198e-01  -1.333  -0.725
 2.42000   0.872   0.281     0.18     0.59 3.1260e-01  -1.300  -0.725
 2.44000   0.876   0.293     0.15     0.58 3.2343e-01  -1.269  -0.726
 2.46000   0.878   0.304     0.13     0.56 3.3449e-01  -1.240  -0.728
 2.48000   0.881   0.315     0.10     0.55 3.4577e-01  -1.213  -0.730
 2.50000   0.882   0.326     0.08     0.54 3.5728e-01  -1.189  -0.732
 2.52000   0.884   0.337     0.05     0.52 3.6901e-01  -1.166  -0.736
 2.54000   0.884   0.347     0.03     0.51 3.8097e-01  -1.145  -0.739
 2.56000   0.885   0.357     0.01     0.49 3.9316e-01  -1.125  -0.743
 2.58000   0.885   0.367    -0.01     0.48 4.0557e-01  -1.107  -0.748
 2.60000   0.884   0.376    -0.04     0.46 4.1821e-01  -1.090  -0.753
 2.62000   0.883   0.385    -0.06     0.45 4.3107e-01  -1.074  -0.759
 2.64000   0.882   0.394    -0.08     0.43 4.4415e-01  -1.059  -0.765
 2.66000   0.880   0.402    -0.10     0.42 4.5746e-01  -1.046  -0.772
 2.68000   0.878   0.410    -0.12     0.40 4.7098e-01  -1.033  -0.779
 2.70000   0.875   0.418    -0.14     0.38 4.8473e-01  -1.022  -0.787
 2.72000   0.872   0.426    -0.16     0.37 4.9869e-01  -1.011  -0.796
 2.74000   0.869   0.433    -0.18     0.35 5.1287e-01  -1.001  -0.806
 2.76000   0.865   0.440    -0.20     0.34 5.2726e-01  -0.992  -0.816
 2.78000   0.861   0.446    -0.22     0.32 5.4186e-01  -0.984  -0.827
 2.80000   0.856   0.453    -0.24     0.30 5.5667e-01  -0.977  -0.839
 2.82000   0.851   0.459    -0.26     0.29 5.7167e-01  -0.970  -0.851
 2.84000   0.846   0.464    -0.28     0.27 5.8688e-01  -0.964  -0.865
 2.86000   0.840   0.469    -0.30     0.25 6.0228e-01  -0.959  -0.879
 2.88000   0.834   0.474    -0.32     0.23 6.1787e-01  -0.955  -0.895
 2.90000   0.827   0.479    -0.34     0.22 6.3364e-01  -0.951  -0.911
 2.92000   0.820   0.483    -0.36     0.20 6.4959e-01  -0.947  -0.929
 2.94000   0.813   0.487    -0.38     0.18 6.6572e-01  -0.945  -0.948
 2.96000   0.805   0.490    -0.39     0.16 6.8201e-01  -0.943  -0.968
 2.98000   0.797   0.493    -0.41     0.14 6.9847e-01  -0.941  -0.989
 3.00000   0.789   0.496    -0.43     0.12 7.1507e-01  -0.941  -1.012
 3.02000   0.780   0.498    -0.45     0.10 7.3183e-01  -0.940  -1.037
 3.04000   0.770   0.500    -0.47     0.08 7.4873e-01  -0.941  -1.063
 3.06000   0.761   0.501    -0.49     0.06 7.6575e-01  -0.942  -1.092
 3.08000   0.751   0.502    -0.51     0.03 7.8290e-01  -0.943  -1.122
 3.10000   0.741   0.502    -0.53     0.01 8.0017e-01  -0.946  -1.155
 3.12000   0.730   0.502    -0.55    -0.01 8.1755e-01  -0.948  -1.190
 3.14000   0.719   0.502    -0.56    -0.04 8.3502e-01  -0.952  -1.228
 3.16000   0.707   0.501    -0.58    -0.06 8.5259e-01  -0.956  -1.268
 3.18000   0.695   0.499    -0.60    -0.09 8.7023e-01  -0.960  -1.313
 3.20000   0.683   0.497    -0.62    -0.11 8.8795e-01  -0.965  -1.361
 3.22000   0.671   0.495    -0.64    -0.14 9.0573e-01  -0.971  -1.413
 3.24000   0.657   0.492    -0.66    -0.17 9.2356e-01  -0.977  -1.469
 3.26000   0.644   0.488    -0.68    -0.20 9.4144e-01  -0.984  -1.531
 3.28000   0.630   0.484    -0.70    -0.23 9.5934e-01  -0.991  -1.599
 3.30000   0.616   0.479    -0.72    -0.26 9.7727e-01  -0.998  -1.673
 3.32000   0.601   0.473    -0.74    -0.30 9.9522e-01  -1.006  -1.755
 3.34000   0.586   0.467    -0.76    -0.33 1.0132e+00  -1.014  -1.846
 3.36000   0.571   0.460    -0.78    -0.37 1.0311e+00  -1.022  -1.947
 3.38000   0.555   0.452    -0.80    -0.41 1.0490e+00  -1.030  -2.059
 3.40000   0.539   0.443    -0.82    -0.45 1.0669e+00  -1.037  -2.185
 3.42000   0.522   0.434    -0.84    -0.50 1.0848e+00  -1.043  -2.326
 3.44000   0.505   0.423    -0.86    -0.55 1.1026e+00  -1.047  -2.487
 3.46000   0.488   0.412    -0.88    -0.60 1.1204e+00  -1.049  -2.670
 3.48000   0.470   0.399    -0.91    -0.65 1.1381e+00  -1.047  -2.880
 3.50000   0.452   0.386    -0.93    -0.71 1.1557e+00  -1.039  -3.124
 3.52000   0.433   0.371    -0.95    -0.78 1.1732e+00  -1.023  -3.408
 3.54000   0.414   0.354    -0.97    -0.85 1.1907e+00  -0.995  -3.743
 3.56000   0.394   0.337    -0.99    -0.93 1.2080e+00  -0.948  -4.143
 3.58000   0.374   0.317    -1.01    -1.02 1.2253e+00  -0.875  -4.626
 3.60000   0.354   0.296    -1.02    -1.12 1.2424e+00  -0.759  -5.219
 3.62000   0.333   0.272    -1.04    -1.23 1.2594e+00  -0.579  -5.958
 3.64000   0.313   0.247    -1.04    -1.36 1.2763e+00  -0.294  -6.898
 3.66000   0.292   0.218    -1.05    -1.51 1.2930e+00   0.166  -8.121
 3.68000   0.271   0.186    -1.04    -1.68 1.3096e+00   0.932  -9.754
 3.70000   0.250   0.151    -1.00    -1.90 1.3261e+00   2.266 -11.995
 3.72000   0.231   0.110    -0.94    -2.17 1.3424e+00   4.733 -15.156
 3.74000   0.213   0.063    -0.80    -2.52 1.3585e+00   9.678 -19.650
 3.76000   0.200   0.009    -0.51    -2.97 1.3745e+00  20.610 -25.490
 3.78000   0.195  -0.056     0.13    -3.52 1.3903e+00  46.609 -27.952
 3.80000   0.210  -0.131     1.52    -3.85 1.4059e+00  93.541   5.842
 3.82000   0.260  -0.201     3.34    -2.83 1.4213e+00  63.769  90.529
 3.84000   0.333  -0.239     3.75    -1.08 1.4366e+00 -10.709  70.505
 3.86000   0.405  -0.249     3.35    -0.07 1.4517e+00 -23.432  34.024
 3.88000   0.467  -0.245     2.91     0.41 1.4666e+00 -20.223  16.862
 3.90000   0.522  -0.234     2.55     0.66 1.4813e+00 -16.052   9.047
 3.92000   0.570  -0.220     2.26     0.80 1.4958e+00 -12.819   5.145
 3.94000   0.613  -0.203     2.03     0.88 1.5101e+00 -10.458   3.014
 3.96000   0.651  -0.185     1.84     0.93 1.5242e+00  -8.722   1.764
 3.98000   0.686  -0.166     1.68     0.95 1.5382e+00  -7.418   0.988
 4.00000   0.719  -0.147     1.54     0.97 1.5519e+00  -6.415   0.484
 4.02000   0.748  -0.127     1.42     0.97 1.5654e+00  -5.627   0.145
 4.04000   0.775  -0.108     1.32     0.97 1.5788e+00  -4.996  -0.088
 4.06000   0.801  -0.088     1.22     0.97 1.5919e+00  -4.482  -0.254
 4.08000   0.824  -0.069     1.14     0.96 1.6048e+00  -4.057  -0.373
 4.10000   0.846  -0.050     1.06     0.96 1.6176e+00  -3.701  -0.460
 4.12000   0.867  -0.031     0.99     0.95 1.6301e+00  -3.399  -0.524
 4.14000   0.886  -0.012     0.92     0.93 1.6424e+00  -3.141  -0.572
 4.16000   0.904   0.007     0.86     0.92 1.6546e+00  -2.919  -0.608
 4.18000   0.920   0.025     0.81     0.91 1.6665e+00  -2.725  -0.635
 4.20000   0.936   0.043     0.75     0.90 1.6783e+00  -2.555  -0.656
 4.22000   0.950   0.061     0.70     0.88 1.6899e+00  -2.405  -0.671
 4.24000   0.964   0.078     0.66     0.87 1.7012e+00  -2.272  -0.683
 4.26000   0.977   0.096     0.61     0.86 1.7124e+00  -2.154  -0.693
 4.28000   0.989   0.113     0.57     0.84 1.7234e+00  -2.048  -0.699
 4.30000   1.000   0.129     0.53     0.83 1.7342e+00  -1.952  -0.705
 4.32000   1.010   0.146     0.49     0.81 1.7449e+00  -1.866  -0.709
 4.34000   1.019   0.162     0.46     0.80 1.7553e+00  -1.787  -0.712
 4.36000   1.028   0.178     0.42     0.79 1.7656e+00  -1.716  -0.715
 4.38000   1.036   0.193     0.39     0.77 1.7757e+00  -1.651  -0.717
 4.40000   1.043   0.209     0.35     0.76 1.7856e+00  -1.591  -0.718
 4.42000   1.050   0.224     0.32     0.74 1.7953e+00  -1.537  -0.720
 4.44000   1.056   0.239     0.29     0.73 1.8049e+00  -1.487  -0.721
 4.46000   1.062   0.253     0.26     0.71 1.8143e+00  -1.440  -0.723
 4.48000   1.067   0.267     0.24     0.70 1.8235e+00  -1.398  -0.724
 4.50000   1.071   0.281     0.21     0.69 1.8326e+00  -1.358  -0.726
 4.52000   1.075   0.295     0.18     0.67 1.8415e+00  -1.322  -0.728
 4.54000   1.079   0.308     0.15     0.66 1.8503e+00  -1.288  -0.730
 4.56000   1.081   0.321     0.13     0.64 1.8589e+00  -1.256  -0.732
 4.58000   1.084   0.333     0.10     0.63 1.8673e+00  -1.227  -0.734
 4.60000   1.086   0.346     0.08     0.61 1.8756e+00  -1.200  -0.737
 4.62000   1.087   0.358     0.06     0.60 1.8838e+00  -1.175  -0.740
 4.64000   1.088   0.370     0.03     0.58 1.8918e+00  -1.151  -0.744
 4.66000   1.088   0.381     0.01     0.57 1.8996e+00  -1.129  -0.748
 4.68000   1.088   0.392    -0.01     0.55 1.9073e+00  -1.109  -0.752
 4.70000   1.088   0.403    -0.03     0.54 1.9149e+00  -1.090  -0.756
 4.72000   1.087   0.414    -0.06     0.52 1.9224e+00  -1.072  -0.761
 4.74000   1.086   0.424    -0.08     0.51 1.9297e+00  -1.056  -0.767
 4.76000   1.084   0.434    -0.10     0.49 1.9369e+00  -1.040  -0.773
 4.78000   1.082   0.444    -0.12     0.48 1.9439e+00  -1.026  -0.779
 4.80000   1.079   0.453    -0.14     0.46 1.9509e+00  -1.013  -0.786
 4.82000   1.076   0.462    -0.16     0.44 1.9577e+00  -1.001  -0.794
 4.84000   1.073   0.471    -0.18     0.43 1.9644e+00  -0.990  -0.802
 4.86000   1.069   0.480    -0.20     0.41 1.9709e+00  -0.979  -0.810
 4.88000   1.065   0.488    -0.22     0.40 1.9774e+00  -0.970  -0.820
 4.90000   1.060   0.495    -0.24     0.38 1.9837e+00  -0.961  -0.830
 4.92000   1.055   0.503    -0.26     0.36 1.9900e+00  -0.953  -0.840
 4.94000   1.050   0.510    -0.28     0.35 1.9961e+00  -0.946  -0.852
 4.96000   1.044   0.517    -0.29     0.33 2.0021e+00  -0.939  -0.864
 4.98000   1.038   0.523    -0.31     0.31 2.0080e+00  -0.934  -0.877
 5.00000   1.032   0.529    -0.33     0.29 2.0138e+00  -0.928  -0.891
 5.02000   1.025   0.535    -0.35     0.28 2.0195e+00  -0.924  -0.905
 5.04000   1.018   0.540    -0.37     0.26 2.0251e+00  -0.920  -0.921
 5.06000   1.010   0.545    -0.39     0.24 2.0307e+00  -0.917  -0.938
 5.08000   1.002   0.550    -0.41     0.22 2.0361e+00  -0.915  -0.956
 5.10000   0.994   0.554    -0.42     0.20 2.0414e+00  -0.913  -0.975
 5.12000   0.985   0.558    -0.44     0.18 2.0466e+00  -0.912  -0.995
 5.14000   0.976   0.561    -0.46     0.16 2.0518e+00  -0.911  -1.017
 5.16000   0.967   0.564    -0.48     0.14 2.0568e+00  -0.911  -1.041
 5.18000   0.957   0.567    -0.50     0.12 2.0618e+00  -0.912  -1.066
 5.20000   0.947   0.569    -0.51     0.10 2.0667e+00  -0.913  -1.093
 5.22000   0.937   0.571    -0.53     0.08 2.0715e+00  -0.915  -1.122
 5.24000   0.926   0.572    -0.55     0.05 2.0762e+00  -0.917  -1.152
 5.26000   0.914   0.573    -0.57     0.03 2.0809e+00  -0.920  -1.186
 5.28000   0.903   0.573    -0.59     0.01 2.0855e+00  -0.924  -1.222
 5.30000   0.891   0.573    -0.61    -0.02 2.0899e+00  -0.928  -1.260
 5.32000   0.879   0.572    -0.63    -0.04 2.0944e+00  -0.933  -1.302
 5.34000   0.866   0.571    -0.64    -0.07 2.0987e+00  -0.939  -1.347
 5.36000   0.853   0.570    -0.66    -0.10 2.1030e+00  -0.945  -1.397
 5.38000   0.839   0.567    -0.68    -0.13 2.1072e+00  -0.952  -1.450
 5.40000   0.826   0.565    -0.70    -0.16 2.1113e+00  -0.959  -1.508
 5.42000   0.811   0.561    -0.72    -0.19 2.1154e+00  -0.967  -1.572
 5.44000   0.797   0.557    -0.74    -0.22 2.1194e+00  -0.975  -1.642
 5.46000   0.782   0.552    -0.76    -0.25 2.1234e+00  -0.984  -1.719
 5.48000   0.766   0.547    -0.78    -0.29 2.1273e+00  -0.993  -1.804
 5.50000   0.751   0.541    -0.80    -0.33 2.1311e+00  -1.002  -1.898
 5.52000   0.734   0.534    -0.82    -0.36 2.1348e+00  -1.012  -2.003
 5.54000   0.718   0.526    -0.84    -0.41 2.1385e+00  -1.021  -2.119
 5.56000   0.701   0.518    -0.86    -0.45 2.1422e+00  -1.030  -2.251
 5.58000   0.683   0.508    -0.88    -0.50 2.1458e+00  -1.038  -2.399
 5.60000   0.666   0.498    -0.90    -0.55 2.1493e+00  -1.044  -2.568
 5.62000   0.647   0.486    -0.92    -0.60 2.1528e+00  -1.047  -2.761
 5.64000   0.629   0.474    -0.94    -0.66 2.1562e+00  -1.047  -2.983
 5.66000   0.610   0.460    -0.96    -0.72 2.1596e+00  -1.040  -3.242
 5.68000   0.590   0.445    -0.98    -0.79 2.1629e+00  -1.025  -3.546
 5.70000   0.570   0.429    -1.01    -0.86 2.1662e+00  -0.996  -3.905
 5.72000   0.550   0.411    -1.02    -0.94 2.1694e+00  -0.947  -4.338
 5.74010   0.529   0.391    -1.04    -1.04 2.1726e+00  -0.867  -4.866
 5.76010   0.508   0.369    -1.06    -1.14 2.1757e+00  -0.740  -5.518
 5.78010   0.487   0.345    -1.07    -1.26 2.1788e+00  -0.536  -6.338
 5.80010   0.465   0.319    -1.08    -1.39 2.1818e+00  -0.208  -7.394
 5.82010   0.444   0.289    -1.08    -1.56 2.1848e+00   0.334  -8.788
 5.84010   0.422   0.256    -1.06    -1.75 2.1878e+00   1.262 -10.681
 5.86010   0.401   0.219    -1.02    -1.99 2.1907e+00   2.937 -13.330
 5.88010   0.382   0.176    -0.94    -2.29 2.1935e+00   6.177 -17.139
 5.90010   0.364   0.127    -0.75    -2.68 2.1964e+00  13.059 -22.582
 5.92010   0.353   0.068    -0.35    -3.20 2.1991e+00  29.316 -28.897
 5.94010   0.354  -0.002     0.58    -3.77 2.2019e+00  68.380 -23.316
 5.96010   0.383  -0.079     2.43    -3.66 2.2046e+00 104.186  50.377
 5.98010   0.448  -0.136     3.76    -1.92 2.2072e+00  18.705  95.816
 6.00010   0.522  -0.158     3.59    -0.46 2.2099e+00 -22.583  50.474
 6.02010   0.589  -0.160     3.11     0.24 2.2125e+00 -22.962  23.640
 6.04010   0.647  -0.151     2.70     0.58 2.2150e+00 -18.328  12.013
 6.06010   0.698  -0.137     2.37     0.76 2.2175e+00 -14.424   6.577
 6.08010   0.743  -0.121     2.11     0.86 2.2200e+00 -11.583   3.764
 6.10010   0.783  -0.103     1.90     0.92 2.2225e+00  -9.528   2.181
 6.12010   0.819  -0.084     1.73     0.95 2.2249e+00  -8.010   1.229
 6.14010   0.852  -0.065     1.58     0.97 2.2273e+00  -6.862   0.627
 6.16010   0.882  -0.046     1.45     0.98 2.2296e+00  -5.971   0.231
 6.18010   0.910  -0.026     1.34     0.98 2.2319e+00  -5.266  -0.037
 6.20010   0.936  -0.006     1.24     0.98 2.2342e+00  -4.698  -0.225
 6.22010   0.960   0.013     1.15     0.97 2.2365e+00  -4.232  -0.358
 6.24010   0.982   0.033     1.07     0.97 2.2387e+00  -3.844  -0.454
 6.26010   1.003   0.052     1.00     0.96 2.2409e+00  -3.518  -0.524
 6.28010   1.022   0.071     0.93     0.94 2.2431e+00  -3.241  -0.575
 6.30010   1.040   0.090     0.87     0.93 2.2452e+00  -3.002  -0.614
 6.32010   1.057   0.108     0.81     0.92 2.2474e+00  -2.796  -0.642
 6.34010   1.073   0.126     0.76     0.91 2.2494e+00  -2.616  -0.664
 6.36010   1.088   0.144     0.71     0.89 2.2515e+00  -2.457  -0.680
 6.38010   1.101   0.162     0.66     0.88 2.2535e+00  -2.317  -0.692
 6.40010   1.114   0.179     0.61     0.87 2.2555e+00  -2.192  -0.701
 6.42010   1.126   0.197     0.57     0.85 2.2575e+00  -2.081  -0.708
 6.44010   1.137   0.214     0.53     0.84 2.2595e+00  -1.981  -0.713
 6.46010   1.147   0.230     0.49     0.82 2.2614e+00  -1.891  -0.716
 6.48010   1.157   0.246     0.46     0.81 2.2633e+00  -1.809  -0.719
 6.50010   1.165   0.262     0.42     0.79 2.2652e+00  -1.735  -0.721
 6.52010   1.173   0.278     0.39     0.78 2.2671e+00  -1.667  -0.723
 6.54010   1.181   0.294     0.35     0.77 2.2689e+00  -1.606  -0.724
 6.56010   1.188   0.309     0.32     0.75 2.2707e+00  -1.549  -0.725
 6.58010   1.194   0.324     0.29     0.74 2.2725e+00  -1.497  -0.726
 6.60010   1.199   0.338     0.26     0.72 2.2743e+00  -1.449  -0.727
 6.62010   1.204   0.353     0.23     0.71 2.2760e+00  -1.405  -0.728
 6.64010   1.208   0.367     0.21     0.69 2.2778e+00  -1.365  -0.729
 6.66010   1.212   0.380     0.18     0.68 2.2795e+00  -1.327  -0.731
 6.68010   1.216   0.394     0.15     0.66 2.2812e+00  -1.292  -0.732
 6.70010   1.218   0.407     0.13     0.65 2.2828e+00  -1.260  -0.734
 6.72010   1.221   0.420     0.10     0.63 2.2845e+00  -1.230  -0.736
 6.74010   1.223   0.432     0.08     0.62 2.2861e+00  -1.202  -0.739
 6.76010   1.224   0.444     0.05     0.60 2.2877e+00  -1.176  -0.741
 6.78010   1.225   0.456     0.03     0.59 2.2893e+00  -1.152  -0.745
 6.80010   1.225   0.468     0.01     0.57 2.2909e+00  -1.130  -0.748
 6.82010   1.225   0.479    -0.01     0.56 2.2925e+00  -1.109  -0.752
 6.84010   1.224   0.490    -0.04     0.54 2.2940e+00  -1.089  -0.756
 6.86010   1.224   0.501    -0.06     0.53 2.2955e+00  -1.071  -0.761
 6.88010   1.222   0.512    -0.08     0.51 2.2970e+00  -1.055  -0.766
 6.90010   1.220   0.522    -0.10     0.50 2.2985e+00  -1.039  -0.771
 6.92010   1.218   0.531    -0.12     0.48 2.3000e+00  -1.024  -0.778
 6.94010   1.215   0.541    -0.14     0.47 2.3014e+00  -1.011  -0.784
 6.96010   1.212   0.550    -0.16     0.45 2.3028e+00  -0.998  -0.791
 6.98010   1.209   0.559    -0.18     0.44 2.3043e+00  -0.987  -0.799
 7.00010   1.205   0.568    -0.20     0.42 2.3057e+00  -0.976  -0.807
 7.02010   1.201   0.576    -0.22     0.40 2.3071e+00  -0.966  -0.816
 7.04010   1.196   0.584    -0.24     0.39 2.3084e+00  -0.957  -0.826
 7.06010   1.191   0.591    -0.26     0.37 2.3098e+00  -0.949  -0.836
 7.08010   1.186   0.599    -0.28     0.35 2.3111e+00  -0.942  -0.847
 7.10010   1.180   0.606    -0.30     0.34 2.3125e+00  -0.935  -0.858
 7.12010   1.174   0.612    -0.32     0.32 2.3138e+00  -0.929  -0.871
 7.14010   1.168   0.618    -0.33     0.30 2.3151e+00  -0.924  -0.884
 7.16010   1.161   0.624    -0.35     0.28 2.3164e+00  -0.919  -0.898
 7.18010   1.154   0.630    -0.37     0.27 2.3176e+00  -0.915  -0.914
 7.20010   1.146   0.635    -0.39     0.25 2.3189e+00  -0.912  -0.930
 7.22010   1.138   0.640    -0.41     0.23 2.3201e+00  -0.910  -0.947
 7.24010   1.130   0.644    -0.43     0.21 2.3214e+00  -0.907  -0.966
 7.26010   1.121   0.648    -0.44     0.19 2.3226e+00  -0.906  -0.986
 7.28010   1.112   0.652    -0.46     0.17 2.3238e+00  -0.905  -1.007
 7.30010   1.103   0.655    -0.48     0.15 2.3250e+00  -0.905  -1.029
 7.32010   1.093   0.658    -0.50     0.13 2.3262e+00  -0.906  -1.054
 7.34010   1.083   0.660    -0.52     0.11 2.3273e+00  -0.907  -1.079
 7.36010   1.072   0.662    -0.53     0.09 2.3285e+00  -0.908  -1.107
 7.38010   1.061   0.663    -0.55     0.06 2.3296e+00  -0.910  -1.137
 7.40010   1.050   0.664    -0.57     0.04 2.3308e+00  -0.913  -1.169
 7.42010   1.039   0.665    -0.59     0.02 2.3319e+00  -0.917  -1.204
 7.44010   1.027   0.665    -0.61    -0.01 2.3330e+00  -0.921  -1.241
 7.46010   1.014   0.665    -0.63    -0.03 2.3341e+00  -0.926  -1.281
 7.48010   1.002   0.664    -0.64    -0.06 2.3352e+00  -0.931  -1.325
 7.50010   0.989   0.662    -0.66    -0.09 2.3363e+00  -0.937  -1.372
 7.52010   0.975   0.660    -0.68    -0.11 2.3374e+00  -0.943  -1.424
 7.54010   0.961   0.658    -0.70    -0.14 2.3384e+00  -0.951  -1.479
 7.56010   0.947   0.655    -0.72    -0.17 2.3395e+00  -0.958  -1.540
 7.58010   0.932   0.651    -0.74    -0.20 2.3405e+00  -0.966  -1.607
 7.60010   0.918   0.646    -0.76    -0.24 2.3415e+00  -0.975  -1.681
 7.62010   0.902   0.641    -0.78    -0.27 2.3425e+00  -0.984  -1.762
 7.64010   0.886   0.635    -0.80    -0.31 2.3435e+00  -0.994  -1.851
 7.66010   0.870   0.629    -0.82    -0.35 2.3445e+00  -1.003  -1.951
 7.68010   0.854   0.622    -0.84    -0.39 2.3455e+00  -1.013  -2.061
 7.70010   0.837   0.613    -0.86    -0.43 2.3465e+00  -1.022  -2.186
 7.72010   0.819   0.604    -0.88    -0.47 2.3475e+00  -1.031  -2.326
 7.74010   0.802   0.594    -0.90    -0.52 2.3484e+00  -1.038  -2.484
 7.76010   0.783   0.584    -0.92    -0.57 2.3494e+00  -1.043  -2.665
 7.78010   0.765   0.572    -0.94    -0.63 2.3503e+00  -1.045  -2.873
 7.80010   0.746   0.558    -0.96    -0.69 2.3513e+00  -1.042  -3.114
 7.82010   0.726   0.544    -0.98    -0.75 2.3522e+00  -1.032  -3.395
 7.84010   0.706   0.528    -1.00    -0.82 2.3531e+00  -1.010  -3.726
 7.86010   0.686   0.511    -1.02    -0.90 2.3540e+00  -0.972  -4.122
 7.88010   0.666   0.492    -1.04    -0.99 2.3549e+00  -0.910  -4.601
 7.90010   0.645   0.471    -1.06    -1.09 2.3558e+00  -0.808  -5.188
 7.92010   0.623   0.448    -1.07    -1.20 2.3567e+00  -0.647  -5.922
 7.94010   0.602   0.423    -1.08    -1.33 2.3575e+00  -0.388  -6.857
 7.96010   0.580   0.395    -1.09    -1.47 2.3584e+00   0.035  -8.076
 7.98010   0.558   0.364    -1.08    -1.65 2.3593e+00   0.748  -9.709
 8.00010   0.537   0.329    -1.05    -1.87 2.3601e+00   2.001 -11.964
 8.02010   0.516   0.289    -0.99    -2.14 2.3610e+00   4.342 -15.173
 8.04010   0.498   0.243    -0.86    -2.48 2.3618e+00   9.094 -19.817
 8.06010   0.483   0.189    -0.59    -2.94 2.3626e+00  19.798 -26.119
 8.08010   0.476   0.124     0.03    -3.52 2.3634e+00  46.173 -29.883
 8.10010   0.489   0.049     1.45    -3.91 2.3643e+00  97.434   3.512
 8.12010   0.538  -0.022     3.37    -2.85 2.3651e+00  66.364  95.975
 8.14010   0.613  -0.060     3.76    -1.02 2.3659e+00 -13.073  71.723
 8.16010   0.684  -0.069     3.33    -0.02 2.3667e+00 -24.491  33.403
 8.18010   0.746  -0.064     2.87     0.46 2.3674e+00 -20.549  16.244
 8.20010   0.799  -0.052     2.51     0.69 2.3682e+00 -16.119   8.604
 8.22010   0.846  -0.037     2.22     0.82 2.3690e+00 -12.796   4.834
 8.24010   0.889  -0.019     1.99     0.90 2.3698e+00 -10.405   2.791
 8.26010   0.926  -0.001     1.80     0.94 2.3705e+00  -8.659   1.598
 8.28010   0.961   0.018     1.64     0.97 2.3713e+00  -7.354   0.861
 8.30010   0.992   0.038     1.50     0.98 2.3720e+00  -6.354   0.385
 8.32010   1.021   0.057     1.39     0.98 2.3728e+00  -5.570   0.066
 8.34010   1.048   0.077     1.28     0.98 2.3735e+00  -4.942  -0.153
 8.36010   1.072   0.096     1.19     0.98 2.3742e+00  -4.432  -0.308
 8.38010   1.095   0.116     1.10     0.97 2.3749e+00  -4.011  -0.418
 8.40010   1.117   0.135     1.03     0.96 2.3757e+00  -3.658  -0.498
 8.42010   1.136   0.154     0.96     0.95 2.3764e+00  -3.360  -0.557
 8.44010   1.155   0.173     0.89     0.94 2.3771e+00  -3.104  -0.601
 8.46010   1.172   0.192     0.83     0.93 2.3778e+00  -2.884  -0.633
 8.48010   1.188   0.210     0.78     0.91 2.3785e+00  -2.692  -0.657
 8.50010   1.203   0.228     0.72     0.90 2.3791e+00  -2.524  -0.676
 8.52010   1.217   0.246     0.68     0.89 2.3798e+00  -2.376  -0.689
 8.54010   1.230   0.264     0.63     0.87 2.3805e+00  -2.245  -0.699
 8.56010   1.242   0.281     0.59     0.86 2.3812e+00  -2.127  -0.707
 8.58010   1.254   0.298     0.54     0.84 2.3818e+00  -2.022  -0.712
 8.60010   1.264   0.315     0.50     0.83 2.3825e+00  -1.928  -0.716
 8.62010   1.274   0.331     0.47     0.81 2.3831e+00  -1.843  -0.719
 8.64010   1.283   0.347     0.43     0.80 2.3838e+00  -1.765  -0.722
 8.66010   1.291   0.363     0.40     0.79 2.3844e+00  -1.695  -0.723
 8.68010   1.299   0.379     0.36     0.77 2.3851e+00  -1.631  -0.725
 8.70010   1.306   0.394     0.33     0.76 2.3857e+00  -1.572  -0.726
 8.72010   1.312   0.409     0.30     0.74 2.3863e+00  -1.518  -0.727
 8.74010   1.318   0.424     0.27     0.73 2.3870e+00  -1.468  -0.728
 8.76010   1.323   0.438     0.24     0.71 2.3876e+00  -1.423  -0.729
 8.78010   1.327   0.452     0.21     0.70 2.3882e+00  -1.381  -0.730
 8.80010   1.331   0.466     0.19     0.68 2.3888e+00  -1.342  -0.731
 8.82010   1.335   0.480     0.16     0.67 2.3894e+00  -1.306  -0.732
 8.84010   1.338   0.493     0.13     0.65 2.3900e+00  -1.272  -0.734
 8.86010   1.340   0.506     0.11     0.64 2.3906e+00  -1.241  -0.736
 8.88010   1.342   0.518     0.08     0.63 2.3912e+00  -1.213  -0.738
 8.90010   1.343   0.531     0.06     0.61 2.3918e+00  -1.186  -0.741
 8.92010   1.344   0.543     0.04     0.60 2.3924e+00  -1.161  -0.743
 8.94010   1.345   0.555     0.01     0.58 2.3929e+00  -1.138  -0.747
 8.96010   1.345   0.566    -0.01     0.57 2.3935e+00  -1.116  -0.750
 8.98010   1.344   0.577    -0.03     0.55 2.3941e+00  -1.096  -0.754
 9.00010   1.344   0.588    -0.05     0.54 2.3946e+00  -1.078  -0.759
 9.02010   1.342   0.599    -0.07     0.52 2.3952e+00  -1.060  -0.764
 9.04010   1.341   0.609    -0.10     0.51 2.3958e+00  -1.044  -0.769
 9.06010   1.339   0.619    -0.12     0.49 2.3963e+00  -1.029  -0.775
 9.08010   1.336   0.629    -0.14     0.47 2.3969e+00  -1.015  -0.781
 9.10010   1.333   0.638    -0.16     0.46 2.3974e+00  -1.002  -0.788
 9.12010   1.330   0.647    -0.18     0.44 2.3979e+00  -0.990  -0.795
 9.14010   1.326   0.656    -0.20     0.43 2.3985e+00  -0.979  -0.803
 9.16010   1.322   0.664    -0.22     0.41 2.3990e+00  -0.969  -0.812
 9.18010   1.317   0.672    -0.23     0.39 2.3995e+00  -0.960  -0.821
 9.20010   1.313   0.680    -0.25     0.38 2.4001e+00  -0.951  -0.831
 9.22010   1.307   0.687    -0.27     0.36 2.4006e+00  -0.944  -0.842
 9.24010   1.302   0.694    -0.29     0.34 2.4011e+00  -0.937  -0.853
 9.26010   1.296   0.701    -0.31     0.33 2.4016e+00  -0.930  -0.865
 9.28010   1.289   0.707    -0.33     0.31 2.4021e+00  -0.925  -0.878
 9.30010   1.282   0.713    -0.35     0.29 2.4026e+00  -0.920  -0.892
 9.32010   1.275   0.719    -0.37     0.27 2.4031e+00  -0.916  -0.907
 9.34010   1.268   0.724    -0.38     0.26 2.4036e+00  -0.912  -0.922
 9.36010   1.260   0.729    -0.40     0.24 2.4041e+00  -0.909  -0.939
 9.38010   1.252   0.734    -0.42     0.22 2.4046e+00  -0.907  -0.957
 9.40010   1.243   0.738    -0.44     0.20 2.4051e+00  -0.905  -0.976
 9.42010   1.234   0.742    -0.46     0.18 2.4056e+00  -0.904  -0.997
 9.44010   1.225   0.745    -0.47     0.16 2.4061e+00  -0.904  -1.019
 9.46010   1.215   0.748    -0.49     0.14 2.4066e+00  -0.904  -1.042
 9.48010   1.205   0.750    -0.51     0.12 2.4070e+00  -0.905  -1.067
 9.50010   1.195   0.753    -0.53     0.10 2.4075e+00  -0.906  -1.094
 9.52010   1.184   0.754    -0.55     0.07 2.4080e+00  -0.908  -1.123
 9.54010   1.173   0.755    -0.57     0.05 2.4084e+00  -0.911  -1.154
 9.56010   1.161   0.756    -0.58     0.03 2.4089e+00  -0.914  -1.188
 9.58010   1.150   0.757    -0.60     0.00 2.4094e+00  -0.918  -1.224
 9.60010   1.137   0.756    -0.62    -0.02 2.4098e+00  -0.922  -1.263
 9.62010   1.125   0.756    -0.64    -0.05 2.4103e+00  -0.927  -1.305
 9.64010   1.112   0.754    -0.66    -0.07 2.4107e+00  -0.933  -1.350
 9.66010   1.098   0.753    -0.68    -0.10 2.4112e+00  -0.939  -1.399
 9.68010   1.085   0.750    -0.69    -0.13 2.4116e+00  -0.946  -1.453
 9.70010   1.071   0.747    -0.71    -0.16 2.4120e+00  -0.953  -1.512
 9.72010   1.056   0.744    -0.73    -0.19 2.4125e+00  -0.961  -1.576
 9.74010   1.041   0.740    -0.75    -0.22 2.4129e+00  -0.970  -1.646
 9.76010   1.026   0.735    -0.77    -0.26 2.4133e+00  -0.979  -1.724
 9.78010   1.010   0.730    -0.79    -0.29 2.4138e+00  -0.988  -1.809
 9.80010   0.994   0.723    -0.81    -0.33 2.4142e+00  -0.998  -1.904
 9.82010   0.978   0.716    -0.83    -0.37 2.4146e+00  -1.008  -2.009
 9.84010   0.961   0.709    -0.85    -0.41 2.4150e+00  -1.017  -2.127
 9.86010   0.944   0.700    -0.87    -0.45 2.4155e+00  -1.026  -2.260
 9.88010   0.926   0.690    -0.89    -0.50 2.4159e+00  -1.034  -2.410
 9.90010   0.908   0.680    -0.91    -0.55 2.4163e+00  -1.040  -2.580
 9.92010   0.890   0.668    -0.93    -0.60 2.4167e+00  -1.044  -2.775
 9.94010   0.871   0.656    -0.96    -0.66 2.4171e+00  -1.043  -3.000
 9.96010   0.851   0.642    -0.98    -0.72 2.4175e+00  -1.037  -3.261
 9.98010   0.832   0.627    -1.00    -0.79 2.4179e+00  -1.021  -3.569
10.00010   0.812   0.610    -1.02    -0.87 2.4183e+00  -0.991  -3.934
10.02010   0.791   0.592    -1.04    -0.95 2.4187e+00  -0.941  -4.372
10.04010   0.770   0.572    -1.05    -1.04 2.4191e+00  -0.860  -4.907
10.06010   0.749   0.550    -1.07    -1.15 2.4195e+00  -0.730  -5.569
10.08010   0.727   0.526    -1.08    -1.27 2.4199e+00  -0.521  -6.404
10.10010   0.706   0.499    -1.09    -1.41 2.4203e+00  -0.183  -7.483
10.12010   0.684   0.470    -1.09    -1.57 2.4206e+00   0.377  -8.909
10.14010   0.662   0.437    -1.07    -1.76 2.4210e+00   1.340 -10.851
10.16010   0.641   0.399    -1.03    -2.01 2.4214e+00   3.089 -13.579
10.18010   0.621   0.356    -0.94    -2.32 2.4218e+00   6.500 -17.514
10.20010   0.604   0.306    -0.74    -2.72 2.4222e+00  13.816 -23.128
10.22010   0.593   0.246    -0.32    -3.25 2.4225e+00  31.295 -29.409
10.24010   0.595   0.175     0.67    -3.81 2.4229e+00  72.967 -21.272
10.26010   0.627   0.099     2.59    -3.58 2.4233e+00 102.367  59.529
10.28010   0.694   0.044     3.78    -1.77 2.4236e+00  11.802  93.467
10.30010   0.768   0.024     3.55    -0.37 2.4240e+00 -23.535  47.358
10.32010   0.834   0.024     3.06     0.29 2.4244e+00 -22.703  22.201
10.34010   0.891   0.033     2.66     0.61 2.4247e+00 -17.995  11.334
10.36010   0.941   0.047     2.34     0.78 2.4251e+00 -14.160   6.223
10.38010   0.985   0.064     2.09     0.87 2.4254e+00 -11.385   3.561
10.40010   1.025   0.082     1.88     0.93 2.4258e+00  -9.378   2.056
10.42010   1.061   0.101     1.71     0.96 2.4261e+00  -7.895   1.147
10.44010   1.093   0.120     1.56     0.97 2.4265e+00  -6.771   0.571
10.46010   1.123   0.140     1.43     0.98 2.4268e+00  -5.898   0.191
10.48010   1.151   0.159     1.32     0.98 2.4272e+00  -5.206  -0.067
10.50010   1.176   0.179     1.23     0.98 2.4275e+00  -4.648  -0.247
10.52010   1.200   0.199     1.14     0.97 2.4279e+00  -4.189  -0.375
10.54010   1.222   0.218     1.06     0.96 2.4282e+00  -3.808  -0.467
10.56010   1.242   0.237     0.98     0.95 2.4285e+00  -3.486  -0.534
10.58010   1.261   0.256     0.92     0.94 2.4289e+00  -3.213  -0.584
10.60010   1.279   0.275     0.86     0.93 2.4292e+00  -2.978  -0.621
10.62010   1.295   0.293     0.80     0.92 2.4295e+00  -2.774  -0.648
10.64010   1.311   0.312     0.74     0.90 2.4299e+00  -2.596  -0.669
10.66010   1.325   0.329     0.69     0.89 2.4302e+00  -2.439  -0.684
10.68010   1.339   0.347     0.65     0.88 2.4305e+00  -2.301  -0.696
10.70010   1.351   0.365     0.60     0.86 2.4308e+00  -2.177  -0.704
10.72010   1.363   0.382     0.56     0.85 2.4312e+00  -2.067  -0.710
10.74010   1.374   0.399     0.52     0.84 2.4315e+00  -1.968  -0.715
10.76010   1.384   0.415     0.48     0.82 2.4318e+00  -1.879  -0.719
10.78010   1.393   0.431     0.44     0.81 2.4321e+00  -1.798  -0.721
10.80010   1.401   0.447     0.41     0.79 2.4324e+00  -1.725  -0.723
10.82010   1.409   0.463     0.38     0.78 2.4327e+00  -1.658  -0.724
10.84010   1.416   0.478     0.34     0.76 2.4330e+00  -1.597  -0.725
10.86010   1.423   0.494     0.31     0.75 2.4333e+00  -1.541  -0.726
10.88010   1.429   0.508     0.28     0.73 2.4337e+00  -1.489  -0.727
10.90010   1.434   0.523     0.25     0.72 2.4340e+00  -1.442  -0.728
10.92010   1.439   0.537     0.22     0.70 2.4343e+00  -1.398  -0.729
10.94010   1.443   0.551     0.20     0.69 2.4346e+00  -1.358  -0.730
10.96010   1.447   0.565     0.17     0.68 2.4349e+00  -1.321  -0.732
10.98010   1.450   0.578     0.14     0.66 2.4352e+00  -1.286  -0.733
11.00010   1.452   0.591     0.12     0.65 2.4355e+00  -1.254  -0.735
11.02010   1.455   0.604     0.09     0.63 2.4358e+00  -1.224  -0.737
11.04010   1.456   0.616     0.07     0.62 2.4360e+00  -1.197  -0.739
11.06010   1.457   0.629     0.04     0.60 2.4363e+00  -1.171  -0.742
11.08010   1.458   0.641     0.02     0.59 2.4366e+00  -1.147  -0.745
11.10010   1.458   0.652    -0.00     0.57 2.4369e+00  -1.125  -0.749
11.12010   1.458   0.663    -0.02     0.56 2.4372e+00  -1.104  -0.753
11.14010   1.457   0.674    -0.05     0.54 2.4375e+00  -1.085  -0.757
11.16010   1.456   0.685    -0.07     0.53 2.4378e+00  -1.067  -0.761
11.18010   1.455   0.695    -0.09     0.51 2.4381e+00  -1.050  -0.767
11.20010   1.453   0.706    -0.11     0.50 2.4383e+00  -1.035  -0.772
11.22010   1.450   0.715    -0.13     0.48 2.4386e+00  -1.020  -0.778
11.24010   1.447   0.725    -0.15     0.46 2.4389e+00  -1.007  -0.785
11.26010   1.444   0.734    -0.17     0.45 2.4392e+00  -0.995  -0.792
11.28010   1.441   0.743    -0.19     0.43 2.4394e+00  -0.983  -0.800
11.30010   1.437   0.751    -0.21     0.42 2.4397e+00  -0.973  -0.808
11.32010   1.432   0.759    -0.23     0.40 2.4400e+00  -0.963  -0.817
11.34010   1.428   0.767    -0.25     0.38 2.4403e+00  -0.954  -0.827
11.36010   1.422   0.775    -0.27     0.37 2.4405e+00  -0.946  -0.837
11.38010   1.417   0.782    -0.29     0.35 2.4408e+00  -0.939  -0.848
11.40010   1.411   0.789    -0.30     0.33 2.4411e+00  -0.932  -0.860
11.42010   1.405   0.795    -0.32     0.32 2.4413e+00  -0.927  -0.872
11.44010   1.398   0.801    -0.34     0.30 2.4416e+00  -0.921  -0.885
11.46010   1.391   0.807    -0.36     0.28 2.4418e+00  -0.917  -0.900
11.48010   1.384   0.813    -0.38     0.26 2.4421e+00  -0.913  -0.915
11.50010   1.376   0.818    -0.40     0.24 2.4424e+00  -0.910  -0.931
11.52010   1.368   0.823    -0.41     0.23 2.4426e+00  -0.907  -0.949
11.54010   1.359   0.827    -0.43     0.21 2.4429e+00  -0.905  -0.967
11.56010   1.351   0.831    -0.45     0.19 2.4431e+00  -0.904  -0.987
11.58010   1.341   0.834    -0.47     0.17 2.4434e+00  -0.903  -1.009
11.60010   1.332   0.837    -0.49     0.15 2.4436e+00  -0.903  -1.031
11.62010   1.322   0.840    -0.50     0.13 2.4439e+00  -0.904  -1.056
11.64010   1.312   0.842    -0.52     0.10 2.4441e+00  -0.905  -1.082
11.66010   1.301   0.844    -0.54     0.08 2.4444e+00  -0.907  -1.110
11.68010   1.290   0.846    -0.56     0.06 2.4446e+00  -0.909  -1.140
11.70010   1.279   0.847    -0.58     0.04 2.4449e+00  -0.912  -1.172
11.72010   1.267   0.847    -0.60     0.01 2.4451e+00  -0.915  -1.207
11.74010   1.255   0.847    -0.61    -0.01 2.4454e+00  -0.920  -1.245
11.76010   1.242   0.847    -0.63    -0.04 2.4456e+00  -0.924  -1.285
11.78010   1.230   0.846    -0.65    -0.06 2.4459e+00  -0.930  -1.329
11.80010   1.216   0.844    -0.67    -0.09 2.4461e+00  -0.936  -1.377
11.82010   1.203   0.842    -0.69    -0.12 2.4463e+00  -0.942  -1.429
11.84010   1.189   0.840    -0.71    -0.15 2.4466e+00  -0.950  -1.485
11.86010   1.175   0.836    -0.73    -0.18 2.4468e+00  -0.957  -1.547
11.88010   1.160   0.832    -0.75    -0.21 2.4470e+00  -0.966  -1.614
11.90010   1.145   0.828    -0.76    -0.24 2.4473e+00  -0.974  -1.688
11.92010   1.129   0.823    -0.78    -0.28 2.4475e+00  -0.984  -1.770
11.94010   1.113   0.817    -0.80    -0.31 2.4477e+00  -0.993  -1.860
11.96010   1.097   0.810    -0.82    -0.35 2.4480e+00  -1.003  -1.961
11.98010   1.080   0.803    -0.84    -0.39 2.4482e+00  -1.012  -2.073
12.00010   1.063   0.795    -0.86    -0.43 2.4484e+00  -1.022  -2.198
12.02010   1.046   0.785    -0.89    -0.48 2.4487e+00  -1.030  -2.340
12.04010   1.028   0.775    -0.91    -0.53 2.4489e+00  -1.037  -2.501
12.06010   1.010   0.764    -0.93    -0.58 2.4491e+00  -1.042  -2.684
12.08010   0.991   0.752    -0.95    -0.64 2.4493e+00  -1.044  -2.895
12.10010   0.972   0.739    -0.97    -0.70 2.4496e+00  -1.040  -3.139
12.12010   0.952   0.724    -0.99    -0.76 2.4498e+00  -1.029  -3.425
12.14010   0.932   0.708    -1.01    -0.83 2.4500e+00  -1.006  -3.763
12.16010   0.912   0.691    -1.03    -0.91 2.4502e+00  -0.967  -4.166
12.18010   0.891   0.672    -1.05    -1.00 2.4504e+00  -0.901  -4.654
12.20010   0.870   0.651    -1.06    -1.10 2.4507e+00  -0.795  -5.255
12.22010   0.848   0.628    -1.08    -1.21 2.4509e+00  -0.626  -6.006
12.24010   0.827   0.602    -1.09    -1.34 2.4511e+00  -0.355  -6.966
12.26010   0.805   0.574    -1.09    -1.49 2.4513e+00   0.090  -8.221
12.28010   0.783   0.542    -1.08    -1.67 2.4515e+00   0.842  -9.907
12.30010   0.762   0.507    -1.05    -1.89 2.4517e+00   2.173 -12.243
12.32010   0.741   0.466    -0.99    -2.17 2.4519e+00   4.678 -15.579
12.34010   0.723   0.420    -0.85    -2.53 2.4521e+00   9.816 -20.406
12.36010   0.708   0.364    -0.55    -3.00 2.4524e+00  21.531 -26.832
12.38010   0.703   0.299     0.13    -3.58 2.4526e+00  50.504 -29.403
12.40010   0.719   0.223     1.65    -3.89 2.4528e+00 101.894  12.338
12.42010   0.772   0.154     3.50    -2.65 2.4530e+00  55.179  99.570
12.44010   0.847   0.120     3.73    -0.88 2.4532e+00 -16.437  66.592
12.46010   0.917   0.113     3.27     0.05 2.4534e+00 -24.343  30.825
12.48010   0.978   0.119     2.83     0.49 2.4536e+00 -20.061  15.119
12.50010   1.031   0.131     2.47     0.71 2.4538e+00 -15.724   8.064
12.52010   1.077   0.147     2.19     0.84 2.4540e+00 -12.508   4.548
12.54010   1.119   0.164     1.96     0.90 2.4542e+00 -10.194   2.626
12.56010   1.156   0.183     1.78     0.95 2.4544e+00  -8.502   1.497
12.58010   1.190   0.202     1.62     0.97 2.4546e+00  -7.234   0.795
12.60010   1.221   0.222     1.49     0.98 2.4548e+00  -6.260   0.341
12.62010   1.249   0.241     1.37     0.98 2.4550e+00  -5.495   0.035
12.64010   1.276   0.261     1.27     0.98 2.4552e+00  -4.881  -0.175
12.66010   1.300   0.280     1.17     0.98 2.4554e+00  -4.382  -0.324
12.68010   1.323   0.300     1.09     0.97 2.4556e+00  -3.969  -0.430
12.70010   1.344   0.319     1.01     0.96 2.4558e+00  -3.622  -0.507
12.72010   1.363   0.338     0.95     0.95 2.4560e+00  -3.329  -0.564
12.74010   1.382   0.357     0.88     0.94 2.4562e+00  -3.078  -0.606
12.76010   1.399   0.376     0.82     0.92 2.4563e+00  -2.861  -0.637
12.78010   1.415   0.394     0.77     0.91 2.4565e+00  -2.672  -0.661
12.80010   1.429   0.412     0.71     0.90 2.4567e+00  -2.506  -0.678
12.82010   1.443   0.430     0.67     0.88 2.4569e+00  -2.360  -0.691
12.84010   1.456   0.447     0.62     0.87 2.4571e+00  -2.230  -0.701
12.86010   1.468   0.465     0.58     0.86 2.4573e+00  -2.114  -0.708
12.88010   1.479   0.482     0.54     0.84 2.4575e+00  -2.010  -0.713
12.90010   1.490   0.498     0.50     0.83 2.4577e+00  -1.917  -0.717
12.92010   1.499   0.515     0.46     0.81 2.4578e+00  -1.833  -0.720
12.94010   1.508   0.531     0.42     0.80 2.4580e+00  -1.756  -0.722
12.96010   1.516   0.547     0.39     0.78 2.4582e+00  -1.686  -0.724
12.98010   1.523   0.562     0.36     0.77 2.4584e+00  -1.623  -0.725
13.00010   1.530   0.577     0.32     0.75 2.4586e+00  -1.565  -0.726
13.02010   1.536   0.592     0.29     0.74 2.4588e+00  -1.511  -0.727
13.04010   1.542   0.607     0.26     0.73 2.4589e+00  -1.462  -0.728
13.06010   1.547   0.621     0.23     0.71 2.4591e+00  -1.417  -0.729
13.08010   1.551   0.635     0.21     0.70 2.4593e+00  -1.375  -0.730
13.10010   1.555   0.649     0.18     0.68 2.4595e+00  -1.337  -0.731
13.12010   1.559   0.663     0.15     0.67 2.4596e+00  -1.301  -0.733
13.14010   1.561   0.676     0.13     0.65 2.4598e+00  -1.268  -0.734
13.16010   1.564   0.689     0.10     0.64 2.4600e+00  -1.237  -0.736
13.18010   1.565   0.701     0.08     0.62 2.4602e+00  -1.208  -0.738
13.20010   1.567   0.714     0.05     0.61 2.4603e+00  -1.182  -0.741
13.22010   1.568   0.726     0.03     0.59 2.4605e+00  -1.157  -0.744
13.24010   1.568   0.737     0.01     0.58 2.4607e+00  -1.134  -0.747
13.26010   1.568   0.749    -0.01     0.56 2.4609e+00  -1.113  -0.751
13.28010   1.567   0.760    -0.04     0.55 2.4610e+00  -1.093  -0.755
13.30010   1.566   0.771    -0.06     0.53 2.4612e+00  -1.075  -0.759
13.32010   1.565   0.781    -0.08     0.52 2.4614e+00  -1.057  -0.764
13.34010   1.563   0.791    -0.10     0.50 2.4615e+00  -1.041  -0.770
13.36010   1.561   0.801    -0.12     0.49 2.4617e+00  -1.026  -0.776
13.38010   1.558   0.811    -0.14     0.47 2.4619e+00  -1.013  -0.782
13.40010   1.555   0.820    -0.16     0.46 2.4620e+00  -1.000  -0.789
13.42010   1.552   0.829    -0.18     0.44 2.4622e+00  -0.988  -0.796
13.44010   1.548   0.838    -0.20     0.42 2.4624e+00  -0.977  -0.804
13.46010   1.544   0.846    -0.22     0.41 2.4625e+00  -0.967  -0.813
13.48010   1.539   0.854    -0.24     0.39 2.4627e+00  -0.958  -0.822
13.50010   1.534   0.862    -0.26     0.37 2.4629e+00  -0.949  -0.832
13.52010   1.529   0.869    -0.28     0.36 2.4630e+00  -0.942  -0.843
13.54010   1.523   0.876    -0.30     0.34 2.4632e+00  -0.935  -0.854
13.56010   1.517   0.883    -0.32     0.32 2.4633e+00  -0.929  -0.866
13.58010   1.511   0.889    -0.33     0.31 2.4635e+00  -0.923  -0.879
13.60010   1.504   0.895    -0.35     0.29 2.4637e+00  -0.918  -0.893
13.62010   1.496   0.901    -0.37     0.27 2.4638e+00  -0.914  -0.908
13.64010   1.489   0.906    -0.39     0.25 2.4640e+00  -0.911  -0.924
13.66010   1.481   0.911    -0.41     0.23 2.4641e+00  -0.908  -0.941
13.68010   1.473   0.915    -0.43     0.21 2.4643e+00  -0.906  -0.959
13.70010   1.464   0.919    -0.44     0.20 2.4644e+00  -0.904  -0.978
13.72010   1.455   0.923    -0.46     0.18 2.4646e+00  -0.903  -0.999
13.74010   1.445   0.926    -0.48     0.16 2.4648e+00  -0.903  -1.021
13.76010   1.436   0.929    -0.50     0.13 2.4649e+00  -0.903  -1.045
13.78010   1.425   0.932    -0.52     0.11 2.4651e+00  -0.904  -1.070
13.80010   1.415   0.934    -0.53     0.09 2.4652e+00  -0.905  -1.097
13.82010   1.404   0.935    -0.55     0.07 2.4654e+00  -0.907  -1.126
13.84010   1.393   0.937    -0.57     0.05 2.4655e+00  -0.910  -1.158
13.86010   1.381   0.937    -0.59     0.02 2.4657e+00  -0.913  -1.191
13.88010   1.369   0.938    -0.61    -0.00 2.4658e+00  -0.917  -1.228
13.90010   1.357   0.937    -0.63    -0.03 2.4660e+00  -0.922  -1.267
13.92010   1.344   0.937    -0.64    -0.05 2.4661e+00  -0.927  -1.309
13.94010   1.331   0.935    -0.66    -0.08 2.4663e+00  -0.933  -1.355
13.96010   1.318   0.933    -0.68    -0.11 2.4664e+00  -0.939  -1.405
13.98010   1.304   0.931    -0.70    -0.13 2.4666e+00  -0.946  -1.459
14.00010   1.290   0.928    -0.72    -0.16 2.4667e+00  -0.954  -1.518
14.02010   1.275   0.924    -0.74    -0.19 2.4669e+00  -0.962  -1.583
14.04010   1.260   0.920    -0.76    -0.23 2.4670e+00  -0.970  -1.654
14.06010   1.245   0.915    -0.78    -0.26 2.4671e+00  -0.979  -1.732
14.08010   1.229   0.910    -0.80    -0.30 2.4673e+00  -0.989  -1.819
14.10010   1.213   0.903    -0.82    -0.33 2.4674e+00  -0.998  -1.915
14.12010   1.197   0.896    -0.84    -0.37 2.4676e+00  -1.008  -2.021
14.14010   1.180   0.889    -0.86    -0.41 2.4677e+00  -1.017  -2.141
14.16010   1.162   0.880    -0.88    -0.46 2.4679e+00  -1.026  -2.275
14.18010   1.145   0.870    -0.90    -0.51 2.4680e+00  -1.034  -2.427
14.20010   1.127   0.860    -0.92    -0.56 2.4681e+00  -1.040  -2.600
14.22010   1.108   0.848    -0.94    -0.61 2.4683e+00  -1.043  -2.798
14.24010   1.089   0.835    -0.96    -0.67 2.4684e+00  -1.042  -3.026
14.26010   1.070   0.821    -0.98    -0.73 2.4686e+00  -1.035  -3.292
14.28010   1.050   0.806    -1.00    -0.80 2.4687e+00  -1.018  -3.605
14.30010   1.029   0.789    -1.02    -0.88 2.4688e+00  -0.987  -3.978
14.32010   1.009   0.771    -1.04    -0.96 2.4690e+00  -0.934  -4.425
14.34010   0.988   0.751    -1.06    -1.05 2.4691e+00  -0.848  -4.972
14.36010   0.967   0.728    -1.07    -1.16 2.4693e+00  -0.711  -5.651
14.38010   0.945   0.704    -1.09    -1.28 2.4694e+00  -0.491  -6.510
14.40010   0.923   0.677    -1.09    -1.42 2.4695e+00  -0.135  -7.620
14.42010   0.901   0.647    -1.09    -1.59 2.4697e+00   0.458  -9.094
14.44010   0.880   0.613    -1.07    -1.79 2.4698e+00   1.484 -11.108
14.46010   0.859   0.575    -1.03    -2.04 2.4699e+00   3.358 -13.947
14.48010   0.839   0.531    -0.93    -2.36 2.4701e+00   7.050 -18.049
14.50010   0.822   0.480    -0.71    -2.77 2.4702e+00  15.066 -23.860
14.52010   0.812   0.419    -0.25    -3.32 2.4703e+00  34.418 -29.857
14.54010   0.816   0.347     0.84    -3.86 2.4705e+00  79.323 -17.127
14.56010   0.852   0.271     2.81    -3.43 2.4706e+00  96.642  71.247
14.58010   0.922   0.221     3.80    -1.56 2.4707e+00   3.713  88.708
14.60010   0.995   0.204     3.49    -0.27 2.4709e+00 -24.190  43.402
14.62010   1.060   0.206     3.01     0.33 2.4710e+00 -22.201  20.495
14.64010   1.116   0.216     2.62     0.63 2.4711e+00 -17.513  10.560
14.66010   1.166   0.230     2.31     0.79 2.4713e+00 -13.804   5.832
14.68010   1.209   0.247     2.06     0.88 2.4714e+00 -11.128   3.345
14.70010   1.248   0.265     1.86     0.93 2.4715e+00  -9.190   1.928
14.72010   1.284   0.284     1.69     0.96 2.4716e+00  -7.753   1.067
14.74010   1.316   0.303     1.54     0.97 2.4718e+00  -6.662   0.519
14.76010   1.345   0.323     1.42     0.98 2.4719e+00  -5.812   0.156
14.78010   1.373   0.342     1.31     0.98 2.4720e+00  -5.137  -0.092
14.80010   1.398   0.362     1.21     0.98 2.4721e+00  -4.591  -0.265
14.82010   1.421   0.381     1.13     0.97 2.4723e+00  -4.142  -0.388
14.84010   1.443   0.401     1.05     0.96 2.4724e+00  -3.768  -0.476
14.86010   1.463   0.420     0.97     0.95 2.4725e+00  -3.453  -0.541
14.88010   1.482   0.439     0.91     0.94 2.4726e+00  -3.184  -0.589
14.90010   1.499   0.457     0.85     0.93 2.4728e+00  -2.953  -0.625
14.92010   1.516   0.476     0.79     0.92 2.4729e+00  -2.752  -0.651
14.94010   1.531   0.494     0.74     0.90 2.4730e+00  -2.576  -0.671
14.96010   1.545   0.512     0.69     0.89 2.4731e+00  -2.422  -0.686
14.98010   1.559   0.530     0.64     0.88 2.4733e+00  -2.285  -0.697
15.00010   1.571   0.547     0.60     0.86 2.4734e+00  -2.164  -0.705
15.02010   1.582   0.564     0.55     0.85 2.4735e+00  -2.055  -0.711
15.04010   1.593   0.581     0.51     0.83 2.4736e+00  -1.957  -0.716
15.06010   1.603   0.597     0.47     0.82 2.4737e+00  -1.869  -0.719
15.08010   1.612   0.614     0.44     0.80 2.4739e+00  -1.789  -0.721
15.10010   1.620   0.630     0.40     0.79 2.4740e+00  -1.716  -0.723
15.12010   1.628   0.645     0.37     0.78 2.4741e+00  -1.650  -0.725
15.14010   1.635   0.661     0.34     0.76 2.4742e+00  -1.589  -0.726
15.16010   1.642   0.676     0.31     0.75 2.4743e+00  -1.534  -0.727
15.18010   1.647   0.690     0.28     0.73 2.4745e+00  -1.483  -0.728
15.20010   1.653   0.705     0.25     0.72 2.4746e+00  -1.436  -0.728
15.22010   1.657   0.719     0.22     0.70 2.4747e+00  -1.393  -0.729
15.24010   1.661   0.733     0.19     0.69 2.4748e+00  -1.353  -0.731
15.26010   1.665   0.747     0.16     0.67 2.4749e+00  -1.316  -0.732
15.28010   1.668   0.760     0.14     0.66 2.4750e+00  -1.282  -0.733
15.30010   1.670   0.773     0.11     0.64 2.4752e+00  -1.250  -0.735
15.32010   1.672   0.786     0.09     0.63 2.4753e+00  -1.221  -0.737
15.34010   1.674   0.798     0.06     0.61 2.4754e+00  -1.193  -0.740
15.36010   1.675   0.810     0.04     0.60 2.4755e+00  -1.168  -0.743
15.38010   1.676   0.822     0.02     0.58 2.4756e+00  -1.144  -0.746
15.40010   1.676   0.834    -0.01     0.57 2.4757e+00  -1.122  -0.749
15.42010   1.675   0.845    -0.03     0.55 2.4758e+00  -1.102  -0.753
15.44010   1.675   0.856    -0.05     0.54 2.4759e+00  -1.082  -0.757
15.46010   1.673   0.867    -0.07     0.52 2.4761e+00  -1.065  -0.762
15.48010   1.672   0.877    -0.09     0.51 2.4762e+00  -1.048  -0.767
15.50010   1.670   0.887    -0.11     0.49 2.4763e+00  -1.033  -0.773
15.52010   1.667   0.897    -0.13     0.48 2.4764e+00  -1.018  -0.779
15.54010   1.664   0.906    -0.15     0.46 2.4765e+00  -1.005  -0.786
15.56010   1.661   0.915    -0.17     0.45 2.4766e+00  -0.993  -0.793
15.58010   1.657   0.924    -0.19     0.43 2.4767e+00  -0.982  -0.801
15.60010   1.653   0.932    -0.21     0.41 2.4768e+00  -0.971  -0.809
15.62010   1.649   0.941    -0.23     0.40 2.4769e+00  -0.962  -0.818
15.64010   1.644   0.948    -0.25     0.38 2.4771e+00  -0.953  -0.828
15.66010   1.639   0.956    -0.27     0.37 2.4772e+00  -0.945  -0.838
15.68010   1.633   0.963    -0.29     0.35 2.4773e+00  -0.938  -0.849
15.70010   1.627   0.970    -0.31     0.33 2.4774e+00  -0.931  -0.861
15.72010   1.621   0.976    -0.33     0.31 2.4775e+00  -0.925  -0.873
15.74010   1.614   0.982    -0.35     0.30 2.4776e+00  -0.920  -0.887
15.76010   1.607   0.988    -0.36     0.28 2.4777e+00  -0.916  -0.901
15.78010   1.600   0.993    -0.38     0.26 2.4778e+00  -0.912  -0.917
15.80010   1.592   0.999    -0.40     0.24 2.4779e+00  -0.909  -0.933
15.82010   1.584   1.003    -0.42     0.22 2.4780e+00  -0.907  -0.951
15.84010   1.575   1.007    -0.44     0.20 2.4781e+00  -0.905  -0.970
15.86010   1.566   1.011    -0.45     0.18 2.4782e+00  -0.903  -0.990
15.88010   1.557   1.015    -0.47     0.16 2.4783e+00  -0.903  -1.011
15.90010   1.547   1.018    -0.49     0.14 2.4784e+00  -0.903  -1.034
15.92010   1.537   1.021    -0.51     0.12 2.4785e+00  -0.903  -1.059
15.94010   1.527   1.023    -0.53     0.10 2.4786e+00  -0.905  -1.085
15.96010   1.516   1.025    -0.54     0.08 2.4787e+00  -0.906  -1.113
15.98010   1.505   1.026    -0.56     0.06 2.4788e+00  -0.909  -1.143
16.00010   1.494   1.027    -0.58     0.03 2.4789e+00  -0.912  -1.176
16.02010   1.482   1.027    -0.60     0.01 2.4790e+00  -0.915  -1.211
16.04010   1.470   1.027    -0.62    -0.01 2.4792e+00  -0.920  -1.249
16.06010   1.457   1.027    -0.64    -0.04 2.4793e+00  -0.925  -1.290
16.08010   1.444   1.026    -0.65    -0.07 2.4794e+00  -0.930  -1.334
16.10010   1.431   1.024    -0.67    -0.09 2.4795e+00  -0.936  -1.382
16.12010   1.417   1.022    -0.69    -0.12 2.4796e+00  -0.943  -1.435
16.14010   1.403   1.019    -0.71    -0.15 2.4797e+00  -0.950  -1.492
16.16010   1.389   1.016    -0.73    -0.18 2.4798e+00  -0.958  -1.554
16.18010   1.374   1.012    -0.75    -0.21 2.4799e+00  -0.966  -1.622
16.20010   1.359   1.007    -0.77    -0.25 2.4800e+00  -0.975  -1.697
16.22010   1.343   1.002    -0.79    -0.28 2.4801e+00  -0.984  -1.779
16.24010   1.327   0.996    -0.81    -0.32 2.4801e+00  -0.994  -1.871
16.26010   1.311   0.989    -0.83    -0.36 2.4802e+00  -1.004  -1.973
16.28010   1.294   0.982    -0.85    -0.40 2.4803e+00  -1.013  -2.086
16.30010   1.277   0.974    -0.87    -0.44 2.4804e+00  -1.022  -2.214
16.32010   1.260   0.964    -0.89    -0.49 2.4805e+00  -1.031  -2.357
16.34010   1.242   0.954    -0.91    -0.53 2.4806e+00  -1.038  -2.520
16.36010   1.223   0.943    -0.93    -0.59 2.4807e+00  -1.042  -2.707
16.38010   1.204   0.931    -0.95    -0.64 2.4808e+00  -1.043  -2.921
16.40010   1.185   0.917    -0.97    -0.70 2.4809e+00  -1.039  -3.169
16.42010   1.166   0.902    -0.99    -0.77 2.4810e+00  -1.027  -3.460
16.44010   1.145   0.886    -1.01    -0.84 2.4811e+00  -1.003  -3.805
16.46010   1.125   0.869    -1.03    -0.92 2.4812e+00  -0.961  -4.216
16.48010   1.104   0.849    -1.05    -1.01 2.4813e+00  -0.891  -4.716
16.50010   1.083   0.828    -1.07    -1.11 2.4814e+00  -0.780  -5.332
16.52010   1.061   0.805    -1.08    -1.23 2.4815e+00  -0.602  -6.103
16.54010   1.040   0.779    -1.09    -1.36 2.4816e+00  -0.315  -7.091
16.56010   1.018   0.750    -1.09    -1.51 2.4817e+00   0.157  -8.387
16.58010   0.996   0.718    -1.08    -1.70 2.4818e+00   0.957 -10.135
16.60010   0.975   0.682    -1.05    -1.92 2.4819e+00   2.381 -12.564
16.62010   0.954   0.641    -0.98    -2.21 2.4820e+00   5.086 -16.044
16.64010   0.936   0.594    -0.83    -2.57 2.4820e+00  10.697 -21.072
16.66010   0.922   0.537    -0.50    -3.06 2.4821e+00  23.655 -27.577
16.68010   0.919   0.470     0.25    -3.65 2.4822e+00  55.680 -28.361
16.70010   0.938   0.394     1.89    -3.85 2.4823e+00 105.242  23.370
16.72010   0.995   0.328     3.61    -2.42 2.4824e+00  42.851 100.901
16.74010   1.070   0.298     3.69    -0.73 2.4825e+00 -19.202  61.170
16.76010   1.140   0.293     3.22     0.12 2.4826e+00 -24.031  28.281
16.78010   1.199   0.300     2.78     0.52 2.4827e+00 -19.519  14.013
16.80010   1.251   0.313     2.43     0.73 2.4828e+00 -15.302   7.533
16.82010   1.297   0.329     2.16     0.84 2.4829e+00 -12.204   4.266
16.84010   1.338   0.346     1.94     0.91 2.4830e+00  -9.974   2.464
16.86010   1.375   0.365     1.76     0.95 2.4830e+00  -8.339   1.398
16.88010   1.409   0.384     1.60     0.97 2.4831e+00  -7.109   0.732
16.90010   1.439   0.404     1.47     0.98 2.4832e+00  -6.163   0.298
16.92010   1.468   0.423     1.36     0.98 2.4833e+00  -5.417   0.006
16.94010   1.494   0.443     1.25     0.98 2.4834e+00  -4.819  -0.196
16.96010   1.518   0.462     1.16     0.97 2.4835e+00  -4.330  -0.338
16.98010   1.540   0.482     1.08     0.97 2.4836e+00  -3.925  -0.441
17.00010   1.561   0.501     1.00     0.96 2.4837e+00  -3.586  -0.515
17.02010   1.580   0.520     0.94     0.95 2.4837e+00  -3.298  -0.570
17.04010   1.598   0.539     0.87     0.93 2.4838e+00  -3.051  -0.611
17.06010   1.615   0.557     0.81     0.92 2.4839e+00  -2.837  -0.641
17.08010   1.631   0.576     0.76     0.91 2.4840e+00  -2.651  -0.663
17.10010   1.646   0.594     0.71     0.90 2.4841e+00  -2.488  -0.680
17.12010   1.659   0.612     0.66     0.88 2.4842e+00  -2.344  -0.693
17.14010   1.672   0.629     0.61     0.87 2.4843e+00  -2.216  -0.702
17.16010   1.684   0.646     0.57     0.85 2.4843e+00  -2.101  -0.709
17.18010   1.695   0.663     0.53     0.84 2.4844e+00  -1.999  -0.714
17.20010   1.705   0.680     0.49     0.82 2.4845e+00  -1.907  -0.718
17.22010   1.715   0.696     0.45     0.81 2.4846e+00  -1.823  -0.721
17.24010   1.723   0.712     0.42     0.80 2.4847e+00  -1.747  -0.723
17.26010   1.731   0.728     0.38     0.78 2.4848e+00  -1.678  -0.724
17.28010   1.739   0.744     0.35     0.77 2.4849e+00  -1.615  -0.725
17.30010   1.745   0.759     0.32     0.75 2.4849e+00  -1.558  -0.726
17.32010   1.751   0.774     0.29     0.74 2.4850e+00  -1.505  -0.727
17.34010   1.757   0.788     0.26     0.72 2.4851e+00  -1.456  -0.728
17.36010   1.762   0.803     0.23     0.71 2.4852e+00  -1.412  -0.729
17.38010   1.766   0.817     0.20     0.69 2.4853e+00  -1.370  -0.730
17.40010   1.770   0.830     0.18     0.68 2.4853e+00  -1.332  -0.731
17.42010   1.773   0.844     0.15     0.67 2.4854e+00  -1.297  -0.733
17.44010   1.776   0.857     0.12     0.65 2.4855e+00  -1.264  -0.734
17.46010   1.778   0.870     0.10     0.64 2.4856e+00  -1.233  -0.736
17.48010   1.780   0.882     0.07     0.62 2.4857e+00  -1.205  -0.739
17.50010   1.781   0.895     0.05     0.61 2.4858e+00  -1.179  -0.741
17.52010   1.782   0.907     0.03     0.59 2.4858e+00  -1.154  -0.744
17.54010   1.782   0.918     0.00     0.58 2.4859e+00  -1.132  -0.748
17.56010   1.782   0.930    -0.02     0.56 2.4860e+00  -1.110  -0.751
17.58010   1.781   0.941    -0.04     0.55 2.4861e+00  -1.091  -0.755
17.60010   1.780   0.951    -0.06     0.53 2.4862e+00  -1.072  -0.760
17.62010   1.779   0.962    -0.08     0.52 2.4862e+00  -1.055  -0.765
17.64010   1.777   0.972    -0.10     0.50 2.4863e+00  -1.039  -0.770
17.66010   1.775   0.982    -0.13     0.49 2.4864e+00  -1.025  -0.776
17.68010   1.772   0.992    -0.15     0.47 2.4865e+00  -1.011  -0.783
17.70010   1.769   1.001    -0.17     0.45 2.4866e+00  -0.998  -0.790
17.72010   1.765   1.010    -0.19     0.44 2.4866e+00  -0.986  -0.797
17.74010   1.761   1.018    -0.20     0.42 2.4867e+00  -0.976  -0.805
17.76010   1.757   1.027    -0.22     0.41 2.4868e+00  -0.966  -0.814
17.78010   1.752   1.034    -0.24     0.39 2.4869e+00  -0.957  -0.823
17.80010   1.747   1.042    -0.26     0.37 2.4869e+00  -0.948  -0.833
17.82010   1.742   1.049    -0.28     0.36 2.4870e+00  -0.941  -0.844
17.84010   1.736   1.056    -0.30     0.34 2.4871e+00  -0.934  -0.855
17.86010   1.730   1.063    -0.32     0.32 2.4872e+00  -0.928  -0.868
17.88010   1.723   1.069    -0.34     0.30 2.4872e+00  -0.922  -0.881
17.90010   1.716   1.075    -0.36     0.29 2.4873e+00  -0.918  -0.895
17.92010   1.709   1.081    -0.37     0.27 2.4874e+00  -0.914  -0.910
17.94010   1.701   1.086    -0.39     0.25 2.4875e+00  -0.910  -0.926
17.96010   1.693   1.091    -0.41     0.23 2.4876e+00  -0.907  -0.943
17.98010   1.685   1.095    -0.43     0.21 2.4876e+00  -0.905  -0.961
18.00010   1.676   1.099    -0.45     0.19 2.4877e+00  -0.904  -0.981
18.02010   1.667   1.103    -0.46     0.17 2.4878e+00  -0.903  -1.001
18.04010   1.658   1.106    -0.48     0.15 2.4879e+00  -0.903  -1.024
18.06010   1.648   1.109    -0.50     0.13 2.4879e+00  -0.903  -1.047
18.08010   1.638   1.111    -0.52     0.11 2.4880e+00  -0.904  -1.073
18.10010   1.627   1.113    -0.54     0.09 2.4881e+00  -0.905  -1.100
18.12010   1.616   1.115    -0.56     0.07 2.4881e+00  -0.908  -1.130
18.14010   1.605   1.116    -0.57     0.04 2.4882e+00  -0.910  -1.161
18.16010   1.593   1.117    -0.59     0.02 2.4883e+00  -0.914  -1.195
18.18010   1.581   1.117    -0.61    -0.00 2.4884e+00  -0.918  -1.232
18.20010   1.569   1.117    -0.63    -0.03 2.4884e+00  -0.922  -1.271
18.22010   1.556   1.116    -0.65    -0.05 2.4885e+00  -0.927  -1.314
18.24010   1.543   1.114    -0.67    -0.08 2.4886e+00  -0.933  -1.361
18.26010   1.529   1.112    -0.68    -0.11 2.4887e+00  -0.940  -1.411
18.28010   1.516   1.110    -0.70    -0.14 2.4887e+00  -0.947  -1.466
18.30010   1.501   1.107    -0.72    -0.17 2.4888e+00  -0.954  -1.526
18.32010   1.487   1.103    -0.74    -0.20 2.4889e+00  -0.962  -1.591
18.34010   1.472   1.099    -0.76    -0.23 2.4889e+00  -0.971  -1.663
18.36010   1.456   1.094    -0.78    -0.27 2.4890e+00  -0.980  -1.742
18.38010   1.440   1.088    -0.80    -0.30 2.4891e+00  -0.990  -1.829
18.40010   1.424   1.082    -0.82    -0.34 2.4892e+00  -0.999  -1.926
18.42010   1.408   1.075    -0.84    -0.38 2.4892e+00  -1.009  -2.034
18.44010   1.391   1.067    -0.86    -0.42 2.4893e+00  -1.018  -2.155
18.46010   1.373   1.058    -0.88    -0.46 2.4894e+00  -1.027  -2.291
18.48010   1.355   1.048    -0.90    -0.51 2.4894e+00  -1.035  -2.446
18.50010   1.337   1.037    -0.92    -0.56 2.4895e+00  -1.041  -2.621
18.52010   1.319   1.026    -0.94    -0.62 2.4896e+00  -1.043  -2.822
18.54010   1.300   1.013    -0.96    -0.68 2.4897e+00  -1.042  -3.055
18.56010   1.280   0.999    -0.98    -0.74 2.4897e+00  -1.033  -3.326
18.58010   1.260   0.983    -1.00    -0.81 2.4898e+00  -1.015  -3.645
18.60010   1.240   0.966    -1.02    -0.89 2.4899e+00  -0.982  -4.025
18.62010   1.219   0.948    -1.04    -0.97 2.4899e+00  -0.926  -4.483
18.64010   1.198   0.927    -1.06    -1.07 2.4900e+00  -0.835  -5.043
18.66010   1.177   0.905    -1.08    -1.17 2.4901e+00  -0.691  -5.739
18.68010   1.155   0.880    -1.09    -1.30 2.4901e+00  -0.459  -6.623
18.70010   1.133   0.853    -1.09    -1.44 2.4902e+00  -0.082  -7.769
18.72010   1.111   0.822    -1.09    -1.61 2.4903e+00   0.548  -9.294
18.74010   1.090   0.788    -1.07    -1.82 2.4903e+00   1.644 -11.386
18.76010   1.069   0.749    -1.02    -2.07 2.4904e+00   3.662 -14.346
18.78010   1.049   0.705    -0.91    -2.40 2.4905e+00   7.677 -18.628
18.80010   1.033   0.653    -0.68    -2.83 2.4905e+00  16.505 -24.632
18.82010   1.024   0.591    -0.17    -3.38 2.4906e+00  38.021 -30.143
18.84010   1.031   0.518     1.03    -3.89 2.4907e+00  85.922 -11.550
18.86010   1.071   0.443     3.02    -3.25 2.4907e+00  88.164  81.936
18.88010   1.143   0.397     3.80    -1.36 2.4908e+00  -3.282  83.139
18.90010   1.216   0.383     3.43    -0.18 2.4909e+00 -24.538  39.660
18.92010   1.280   0.385     2.96     0.38 2.4909e+00 -21.654  18.897
18.94010   1.335   0.396     2.58     0.65 2.4910e+00 -17.025   9.828
18.96010   1.383   0.411     2.27     0.80 2.4911e+00 -13.448   5.460
18.98010   1.426   0.428     2.03     0.89 2.4911e+00 -10.872   3.139
19.00010   1.465   0.446     1.83     0.93 2.4912e+00  -9.002   1.805
19.02010   1.500   0.465     1.67     0.96 2.4913e+00  -7.612   0.990
19.04010   1.532   0.484     1.53     0.98 2.4913e+00  -6.552   0.468
19.06010   1.561   0.504     1.40     0.98 2.4914e+00  -5.726   0.122
19.08010   1.588   0.524     1.30     0.98 2.4915e+00  -5.068  -0.115
19.10010   1.613   0.543     1.20     0.98 2.4915e+00  -4.534  -0.281
19.12010   1.636   0.563     1.11     0.97 2.4916e+00  -4.095  -0.400
19.14010   1.657   0.582     1.04     0.96 2.4917e+00  -3.729  -0.485
19.16010   1.677   0.601     0.97     0.95 2.4917e+00  -3.419  -0.548
19.18010   1.696   0.620     0.90     0.94 2.4918e+00  -3.155  -0.594
19.20010   1.713   0.639     0.84     0.93 2.4919e+00  -2.928  -0.628
19.22010   1.730   0.657     0.78     0.91 2.4919e+00  -2.730  -0.654
19.24010   1.745   0.675     0.73     0.90 2.4920e+00  -2.557  -0.673
19.26010   1.759   0.693     0.68     0.89 2.4920e+00  -2.405  -0.687
19.28010   1.772   0.711     0.63     0.87 2.4921e+00  -2.270  -0.698
19.30010   1.784   0.728     0.59     0.86 2.4922e+00  -2.150  -0.706
19.32010   1.796   0.745     0.55     0.85 2.4922e+00  -2.043  -0.712
19.34010   1.806   0.762     0.51     0.83 2.4923e+00  -1.946  -0.716
19.36010   1.816   0.778     0.47     0.82 2.4924e+00  -1.859  -0.719
19.38010   1.825   0.795     0.43     0.80 2.4924e+00  -1.780  -0.722
19.40010   1.833   0.810     0.40     0.79 2.4925e+00  -1.708  -0.723
19.42010   1.841   0.826     0.36     0.77 2.4925e+00  -1.642  -0.725
19.44010   1.848   0.841     0.33     0.76 2.4926e+00  -1.583  -0.726
19.46010   1.854   0.856     0.30     0.74 2.4927e+00  -1.528  -0.727
19.48010   1.860   0.871     0.27     0.73 2.4927e+00  -1.477  -0.728
19.50010   1.865   0.886     0.24     0.72 2.4928e+00  -1.431  -0.729
19.52010   1.870   0.900     0.21     0.70 2.4928e+00  -1.388  -0.730
19.54010   1.874   0.914     0.19     0.69 2.4929e+00  -1.348  -0.731
19.56010   1.877   0.927     0.16     0.67 2.4930e+00  -1.312  -0.732
19.58010   1.880   0.940     0.13     0.66 2.4930e+00  -1.278  -0.734
19.60010   1.882   0.953     0.11     0.64 2.4931e+00  -1.246  -0.736
19.62010   1.884   0.966     0.08     0.63 2.4932e+00  -1.217  -0.738
19.64010   1.886   0.979     0.06     0.61 2.4932e+00  -1.190  -0.740
19.66010   1.887   0.991     0.04     0.60 2.4933e+00  -1.165  -0.743
19.68010   1.887   1.002     0.01     0.58 2.4933e+00  -1.141  -0.746
19.70010   1.887   1.014    -0.01     0.57 2.4934e+00  -1.119  -0.750
19.72010   1.887   1.025    -0.03     0.55 2.4935e+00  -1.099  -0.753
19.74010   1.886   1.036    -0.05     0.54 2.4935e+00  -1.080  -0.758
19.76010   1.885   1.047    -0.07     0.52 2.4936e+00  -1.063  -0.763
19.78010   1.883   1.057    -0.10     0.51 2.4936e+00  -1.046  -0.768
19.80010   1.881   1.067    -0.12     0.49 2.4937e+00  -1.031  -0.774
19.82010   1.878   1.077    -0.14     0.48 2.4937e+00  -1.017  -0.780
19.84010   1.875   1.086    -0.16     0.46 2.4938e+00  -1.004  -0.786
19.86010   1.872   1.095    -0.18     0.44 2.4939e+00  -0.991  -0.794
19.88010   1.868   1.104    -0.20     0.43 2.4939e+00  -0.980  -0.802
19.90010   1.864   1.112    -0.22     0.41 2.4940e+00  -0.970  -0.810
19.92010   1.860   1.120    -0.24     0.40 2.4940e+00  -0.960  -0.819
19.94010   1.855   1.128    -0.25     0.38 2.4941e+00  -0.952  -0.829
19.96010   1.849   1.136    -0.27     0.36 2.4942e+00  -0.944  -0.839
19.98010   1.844   1.143    -0.29     0.35 2.4942e+00  -0.937  -0.850
20.00010   1.838   1.149    -0.31     0.33 2.4943e+00  -0.930  -0.862
