 0.02010   1.098   0.037    -0.22     1.83 2.7984e-06 -10.716  -1.953
 0.04000   1.091   0.073    -0.43     1.77 4.6326e-05 -10.381  -3.929
 0.06000   1.081   0.107    -0.63     1.67 2.5057e-04  -9.775  -6.012
 0.08000   1.066   0.139    -0.82     1.53 8.5755e-04  -8.791  -8.240
 0.10000   1.048   0.168    -0.98     1.34 2.2995e-03  -7.222 -10.615
 0.12000   1.027   0.193    -1.10     1.10 5.2984e-03  -4.752 -12.984
 0.14000   1.005   0.212    -1.16     0.82 1.0928e-02  -1.040 -14.835
 0.16010   0.982   0.225    -1.13     0.52 2.0412e-02   3.857 -15.105
 0.18010   0.960   0.233    -1.00     0.23 3.3875e-02   8.635 -12.705
 0.20010   0.942   0.235    -0.80     0.02 4.9392e-02  11.229  -8.090
 0.22010   0.928   0.234    -0.58    -0.09 6.3751e-02  10.930  -3.416
 0.24010   0.919   0.232    -0.37    -0.12 7.5048e-02   8.988  -0.231
 0.26010   0.913   0.230    -0.22    -0.11 8.3264e-02   6.780   1.437
 0.28010   0.910   0.228    -0.10    -0.07 8.9156e-02   4.918   2.137
 0.30010   0.909   0.227    -0.02    -0.03 9.3465e-02   3.503   2.333
 0.32010   0.909   0.227     0.04     0.02 9.6708e-02   2.466   2.294
 0.34010   0.910   0.228     0.08     0.06 9.9215e-02   1.708   2.156
 0.36010   0.912   0.229     0.11     0.11 1.0119e-01   1.151   1.983
 0.38010   0.915   0.232     0.13     0.14 1.0278e-01   0.737   1.807
 0.40010   0.917   0.235     0.14     0.18 1.0405e-01   0.426   1.640
 0.42010   0.920   0.239     0.15     0.21 1.0507e-01   0.188   1.487
 0.44010   0.923   0.244     0.15     0.24 1.0588e-01   0.004   1.348
 0.46010   0.926   0.249     0.15     0.26 1.0652e-01  -0.140   1.224
 0.48010   0.929   0.254     0.14     0.29 1.0702e-01  -0.253   1.113
 0.50010   0.932   0.260     0.14     0.31 1.0739e-01  -0.342   1.014
 0.52010   0.934   0.266     0.13     0.33 1.0765e-01  -0.414   0.926
 0.54010   0.937   0.273     0.12     0.35 1.0781e-01  -0.471   0.846
 0.56010   0.939   0.280     0.11     0.36 1.0790e-01  -0.517   0.774
 0.58010   0.941   0.288     0.10     0.38 1.0792e-01  -0.554   0.709
 0.60010   0.943   0.295     0.09     0.39 1.0789e-01  -0.584   0.650
 0.62010   0.945   0.303     0.08     0.40 1.0782e-01  -0.608   0.596
 0.64010   0.946   0.311     0.06     0.41 1.0771e-01  -0.628   0.547
 0.66010   0.948   0.320     0.05     0.42 1.0757e-01  -0.643   0.501
 0.68010   0.948   0.328     0.04     0.43 1.0742e-01  -0.655   0.459
 0.70010   0.949   0.337     0.03     0.44 1.0726e-01  -0.664   0.421
 0.72010   0.950   0.346     0.01     0.45 1.0710e-01  -0.671   0.385
 0.74010   0.950   0.355    -0.00     0.46 1.0694e-01  -0.676   0.351
 0.76010   0.949   0.364    -0.01     0.46 1.0679e-01  -0.680   0.320
 0.78010   0.949   0.374    -0.03     0.47 1.0665e-01  -0.682   0.290
 0.80010   0.948   0.383    -0.04     0.48 1.0654e-01  -0.682   0.263
 0.82010   0.947   0.393    -0.06     0.48 1.0646e-01  -0.682   0.237
 0.84010   0.946   0.402    -0.07     0.49 1.0640e-01  -0.681   0.212
 0.86010   0.945   0.412    -0.08     0.49 1.0639e-01  -0.679   0.189
 0.88010   0.943   0.422    -0.10     0.49 1.0641e-01  -0.676   0.167
 0.90010   0.941   0.432    -0.11     0.50 1.0648e-01  -0.673   0.146
 0.92010   0.938   0.442    -0.12     0.50 1.0659e-01  -0.669   0.125
 0.94010   0.936   0.452    -0.14     0.50 1.0676e-01  -0.665   0.106
 0.96010   0.933   0.462    -0.15     0.50 1.0698e-01  -0.660   0.088
 0.98010   0.930   0.472    -0.16     0.51 1.0727e-01  -0.655   0.070
 1.00010   0.926   0.482    -0.18     0.51 1.0761e-01  -0.649   0.053
 1.02010   0.923   0.492    -0.19     0.51 1.0802e-01  -0.643   0.037
 1.04010   0.919   0.502    -0.20     0.51 1.0849e-01  -0.637   0.021
 1.06010   0.915   0.513    -0.21     0.51 1.0903e-01  -0.630   0.006
 1.08010   0.910   0.523    -0.23     0.51 1.0965e-01  -0.624  -0.008
 1.10010   0.906   0.533    -0.24     0.51 1.1034e-01  -0.617  -0.022
 1.12010   0.901   0.543    -0.25     0.51 1.1110e-01  -0.609  -0.036
 1.14010   0.896   0.553    -0.26     0.51 1.1195e-01  -0.602  -0.049
 1.16010   0.890   0.563    -0.28     0.51 1.1287e-01  -0.594  -0.062
 1.18010   0.885   0.573    -0.29     0.50 1.1388e-01  -0.586  -0.075
 1.20010   0.879   0.584    -0.30     0.50 1.1498e-01  -0.578  -0.087
 1.22010   0.873   0.594    -0.31     0.50 1.1616e-01  -0.570  -0.098
 1.24010   0.866   0.604    -0.32     0.50 1.1743e-01  -0.561  -0.110
 1.26010   0.860   0.614    -0.33     0.50 1.1879e-01  -0.553  -0.121
 1.28010   0.853   0.623    -0.34     0.49 1.2024e-01  -0.544  -0.132
 1.30010   0.846   0.633    -0.35     0.49 1.2179e-01  -0.535  -0.142
 1.32010   0.839   0.643    -0.37     0.49 1.2343e-01  -0.526  -0.152
 1.34010   0.831   0.653    -0.38     0.48 1.2517e-01  -0.516  -0.162
 1.36010   0.824   0.662    -0.39     0.48 1.2701e-01  -0.507  -0.172
 1.38010   0.816   0.672    -0.40     0.48 1.2895e-01  -0.497  -0.181
 1.40010   0.808   0.682    -0.41     0.47 1.3100e-01  -0.487  -0.191
 1.42010   0.800   0.691    -0.42     0.47 1.3315e-01  -0.477  -0.199
 1.44010   0.791   0.700    -0.42     0.47 1.3540e-01  -0.467  -0.208
 1.46010   0.783   0.710    -0.43     0.46 1.3777e-01  -0.457  -0.216
 1.48010   0.774   0.719    -0.44     0.46 1.4024e-01  -0.447  -0.224
 1.50010   0.765   0.728    -0.45     0.45 1.4282e-01  -0.436  -0.232
 1.52010   0.756   0.737    -0.46     0.45 1.4552e-01  -0.426  -0.240
 1.54010   0.747   0.746    -0.47     0.44 1.4833e-01  -0.415  -0.247
 1.56010   0.737   0.755    -0.48     0.44 1.5126e-01  -0.404  -0.254
 1.58010   0.728   0.763    -0.49     0.43 1.5431e-01  -0.393  -0.261
 1.60010   0.718   0.772    -0.49     0.43 1.5748e-01  -0.382  -0.268
 1.62010   0.708   0.781    -0.50     0.42 1.6077e-01  -0.371  -0.274
 1.64010   0.698   0.789    -0.51     0.42 1.6418e-01  -0.360  -0.280
 1.66010   0.688   0.797    -0.51     0.41 1.6772e-01  -0.349  -0.286
 1.68010   0.677   0.805    -0.52     0.41 1.7139e-01  -0.337  -0.291
 1.70010   0.667   0.813    -0.53     0.40 1.7518e-01  -0.326  -0.296
 1.72010   0.656   0.821    -0.53     0.39 1.7911e-01  -0.315  -0.301
 1.74010   0.645   0.829    -0.54     0.39 1.8317e-01  -0.303  -0.306
 1.76010   0.634   0.837    -0.55     0.38 1.8737e-01  -0.292  -0.311
 1.78010   0.623   0.844    -0.55     0.38 1.9171e-01  -0.280  -0.315
 1.80010   0.612   0.852    -0.56     0.37 1.9619e-01  -0.268  -0.318
 1.82010   0.601   0.859    -0.56     0.36 2.0080e-01  -0.257  -0.322
 1.84010   0.590   0.866    -0.57     0.36 2.0557e-01  -0.245  -0.325
 1.86010   0.578   0.873    -0.57     0.35 2.1048e-01  -0.234  -0.328
 1.88010   0.567   0.880    -0.58     0.34 2.1554e-01  -0.222  -0.331
 1.90010   0.555   0.887    -0.58     0.34 2.2075e-01  -0.211  -0.333
 1.92010   0.544   0.894    -0.59     0.33 2.2611e-01  -0.199  -0.335
 1.94010   0.532   0.900    -0.59     0.32 2.3163e-01  -0.188  -0.337
 1.96010   0.520   0.907    -0.59     0.32 2.3731e-01  -0.176  -0.338
 1.98010   0.508   0.913    -0.60     0.31 2.4316e-01  -0.165  -0.339
 2.00010   0.496   0.919    -0.60     0.30 2.4916e-01  -0.154  -0.340
 2.02010   0.484   0.925    -0.60     0.30 2.5533e-01  -0.142  -0.341
 2.04010   0.472   0.931    -0.61     0.29 2.6168e-01  -0.131  -0.341
 2.06010   0.460   0.937    -0.61     0.28 2.6819e-01  -0.120  -0.341
 2.08010   0.448   0.942    -0.61     0.28 2.7488e-01  -0.110  -0.340
 2.10000   0.435   0.948    -0.61     0.27 2.8171e-01  -0.099  -0.339
 2.12000   0.423   0.953    -0.61     0.26 2.8876e-01  -0.088  -0.338
 2.14000   0.411   0.958    -0.62     0.25 2.9599e-01  -0.078  -0.336
 2.16000   0.398   0.963    -0.62     0.25 3.0340e-01  -0.068  -0.335
 2.18000   0.386   0.968    -0.62     0.24 3.1101e-01  -0.057  -0.332
 2.20000   0.374   0.973    -0.62     0.23 3.1881e-01  -0.047  -0.330
 2.22000   0.361   0.977    -0.62     0.23 3.2680e-01  -0.038  -0.327
 2.24000   0.349   0.982    -0.62     0.22 3.3499e-01  -0.028  -0.324
 2.26000   0.336   0.986    -0.62     0.22 3.4339e-01  -0.019  -0.320
 2.28000   0.324   0.991    -0.62     0.21 3.5198e-01  -0.010  -0.316
 2.30000   0.312   0.995    -0.62     0.20 3.6079e-01  -0.001  -0.312
 2.32000   0.299   0.999    -0.62     0.20 3.6981e-01   0.008  -0.307
 2.34000   0.287   1.002    -0.62     0.19 3.7904e-01   0.016  -0.302
 2.36000   0.274   1.006    -0.62     0.18 3.8849e-01   0.024  -0.297
 2.38000   0.262   1.010    -0.62     0.18 3.9815e-01   0.032  -0.291
 2.40000   0.249   1.013    -0.62     0.17 4.0805e-01   0.039  -0.285
 2.42000   0.237   1.017    -0.62     0.17 4.1817e-01   0.047  -0.279
 2.44000   0.225   1.020    -0.62     0.16 4.2851e-01   0.054  -0.272
 2.46000   0.212   1.023    -0.62     0.16 4.3910e-01   0.060  -0.265
 2.48000   0.200   1.026    -0.62     0.15 4.4991e-01   0.066  -0.258
 2.50000   0.188   1.029    -0.61     0.15 4.6097e-01   0.072  -0.251
 2.52000   0.175   1.032    -0.61     0.14 4.7227e-01   0.077  -0.243
 2.54000   0.163   1.035    -0.61     0.14 4.8381e-01   0.082  -0.234
 2.56000   0.151   1.038    -0.61     0.13 4.9560e-01   0.087  -0.226
 2.58000   0.139   1.040    -0.61     0.13 5.0764e-01   0.091  -0.217
 2.60000   0.126   1.043    -0.61     0.12 5.1994e-01   0.095  -0.207
 2.62000   0.114   1.045    -0.60     0.12 5.3249e-01   0.098  -0.198
 2.64000   0.102   1.047    -0.60     0.12 5.4529e-01   0.100  -0.188
 2.66000   0.090   1.050    -0.60     0.11 5.5836e-01   0.102  -0.178
 2.68000   0.078   1.052    -0.60     0.11 5.7170e-01   0.104  -0.168
 2.70000   0.066   1.054    -0.60     0.10 5.8529e-01   0.105  -0.157
 2.72000   0.054   1.056    -0.59     0.10 5.9916e-01   0.105  -0.147
 2.74000   0.043   1.058    -0.59     0.10 6.1329e-01   0.105  -0.136
 2.76000   0.031   1.060    -0.59     0.10 6.2770e-01   0.104  -0.125
 2.78000   0.019   1.062    -0.59     0.09 6.4237e-01   0.103  -0.114
 2.80000   0.007   1.064    -0.59     0.09 6.5732e-01   0.100  -0.102
 2.82000  -0.004   1.066    -0.58     0.09 6.7254e-01   0.097  -0.091
 2.84000  -0.016   1.067    -0.58     0.09 6.8804e-01   0.094  -0.080
 2.86000  -0.028   1.069    -0.58     0.09 7.0380e-01   0.089  -0.068
 2.88000  -0.039   1.071    -0.58     0.09 7.1985e-01   0.084  -0.057
 2.90000  -0.051   1.073    -0.58     0.08 7.3616e-01   0.078  -0.046
 2.92000  -0.062   1.074    -0.58     0.08 7.5275e-01   0.071  -0.035
 2.94000  -0.074   1.076    -0.57     0.08 7.6961e-01   0.063  -0.025
 2.96000  -0.085   1.078    -0.57     0.08 7.8673e-01   0.055  -0.015
 2.98000  -0.097   1.079    -0.57     0.08 8.0412e-01   0.046  -0.005
 3.00000  -0.108   1.081    -0.57     0.08 8.2178e-01   0.036   0.004
 3.02000  -0.120   1.083    -0.57     0.08 8.3968e-01   0.025   0.013
 3.04000  -0.131   1.084    -0.57     0.08 8.5784e-01   0.013   0.021
 3.06000  -0.142   1.086    -0.57     0.08 8.7625e-01   0.001   0.028
 3.08000  -0.154   1.088    -0.57     0.08 8.9489e-01  -0.011   0.034
 3.10000  -0.165   1.089    -0.57     0.08 9.1376e-01  -0.025   0.040
 3.12000  -0.177   1.091    -0.57     0.09 9.3286e-01  -0.038   0.044
 3.14000  -0.188   1.093    -0.57     0.09 9.5216e-01  -0.052   0.047
 3.16000  -0.200   1.094    -0.57     0.09 9.7167e-01  -0.066   0.049
 3.18000  -0.211   1.096    -0.57     0.09 9.9136e-01  -0.081   0.050
 3.20000  -0.223   1.098    -0.58     0.09 1.0112e+00  -0.095   0.049
 3.22000  -0.234   1.100    -0.58     0.09 1.0313e+00  -0.109   0.047
 3.24000  -0.246   1.102    -0.58     0.09 1.0514e+00  -0.123   0.044
 3.26000  -0.257   1.103    -0.58     0.09 1.0717e+00  -0.136   0.039
 3.28000  -0.269   1.105    -0.59     0.09 1.0921e+00  -0.149   0.033
 3.30000  -0.281   1.107    -0.59     0.09 1.1126e+00  -0.161   0.026
 3.32000  -0.293   1.109    -0.59     0.09 1.1332e+00  -0.172   0.018
 3.34000  -0.304   1.111    -0.60     0.09 1.1538e+00  -0.183   0.008
 3.36000  -0.316   1.113    -0.60     0.09 1.1745e+00  -0.192  -0.002
 3.38000  -0.328   1.115    -0.60     0.09 1.1952e+00  -0.199  -0.014
 3.40000  -0.341   1.116    -0.61     0.09 1.2158e+00  -0.206  -0.026
 3.42000  -0.353   1.118    -0.61     0.09 1.2365e+00  -0.211  -0.038
 3.44000  -0.365   1.120    -0.62     0.09 1.2571e+00  -0.215  -0.052
 3.46000  -0.377   1.122    -0.62     0.09 1.2776e+00  -0.218  -0.065
 3.48000  -0.390   1.124    -0.63     0.09 1.2980e+00  -0.219  -0.079
 3.50000  -0.402   1.126    -0.63     0.09 1.3184e+00  -0.218  -0.092
 3.52000  -0.415   1.127    -0.63     0.09 1.3386e+00  -0.217  -0.106
 3.54000  -0.428   1.129    -0.64     0.08 1.3587e+00  -0.214  -0.119
 3.56000  -0.441   1.131    -0.64     0.08 1.3787e+00  -0.210  -0.132
 3.58000  -0.454   1.132    -0.65     0.08 1.3985e+00  -0.206  -0.144
 3.60000  -0.466   1.134    -0.65     0.08 1.4181e+00  -0.200  -0.156
 3.62000  -0.480   1.135    -0.65     0.07 1.4375e+00  -0.193  -0.167
 3.64000  -0.493   1.137    -0.66     0.07 1.4567e+00  -0.186  -0.178
 3.66000  -0.506   1.138    -0.66     0.06 1.4758e+00  -0.178  -0.187
 3.68000  -0.519   1.139    -0.67     0.06 1.4946e+00  -0.169  -0.197
 3.70000  -0.532   1.140    -0.67     0.06 1.5132e+00  -0.160  -0.205
 3.72000  -0.546   1.142    -0.67     0.05 1.5316e+00  -0.151  -0.212
 3.74000  -0.559   1.143    -0.67     0.05 1.5497e+00  -0.141  -0.219
 3.76000  -0.573   1.143    -0.68     0.04 1.5676e+00  -0.131  -0.225
 3.78000  -0.586   1.144    -0.68     0.04 1.5853e+00  -0.121  -0.231
 3.80000  -0.600   1.145    -0.68     0.03 1.6027e+00  -0.111  -0.235
 3.82000  -0.614   1.146    -0.68     0.03 1.6199e+00  -0.102  -0.239
 3.84000  -0.627   1.146    -0.69     0.03 1.6369e+00  -0.092  -0.242
 3.86000  -0.641   1.147    -0.69     0.02 1.6535e+00  -0.082  -0.245
 3.88000  -0.655   1.147    -0.69     0.02 1.6700e+00  -0.073  -0.247
 3.90000  -0.669   1.147    -0.69     0.01 1.6861e+00  -0.063  -0.249
 3.92000  -0.683   1.148    -0.69     0.01 1.7021e+00  -0.054  -0.250
 3.94000  -0.696   1.148    -0.69     0.00 1.7178e+00  -0.045  -0.251
 3.96000  -0.710   1.148    -0.69    -0.00 1.7332e+00  -0.037  -0.251
 3.98000  -0.724   1.147    -0.69    -0.01 1.7483e+00  -0.028  -0.251
 4.00000  -0.738   1.147    -0.70    -0.01 1.7633e+00  -0.020  -0.250
 4.02000  -0.752   1.147    -0.70    -0.02 1.7779e+00  -0.012  -0.250
 4.04000  -0.766   1.146    -0.70    -0.02 1.7924e+00  -0.005  -0.249
 4.06000  -0.780   1.146    -0.70    -0.03 1.8066e+00   0.003  -0.247
 4.08000  -0.794   1.145    -0.70    -0.03 1.8205e+00   0.009  -0.246
 4.10000  -0.808   1.144    -0.70    -0.04 1.8342e+00   0.016  -0.244
 4.12000  -0.822   1.144    -0.69    -0.04 1.8476e+00   0.023  -0.242
 4.14000  -0.835   1.143    -0.69    -0.05 1.8609e+00   0.029  -0.240
 4.16000  -0.849   1.142    -0.69    -0.05 1.8739e+00   0.035  -0.238
 4.18000  -0.863   1.141    -0.69    -0.06 1.8866e+00   0.040  -0.235
 4.20000  -0.877   1.139    -0.69    -0.06 1.8991e+00   0.045  -0.233
 4.22000  -0.891   1.138    -0.69    -0.07 1.9114e+00   0.051  -0.230
 4.24000  -0.905   1.137    -0.69    -0.07 1.9235e+00   0.055  -0.228
 4.26000  -0.918   1.135    -0.69    -0.08 1.9354e+00   0.060  -0.225
 4.28000  -0.932   1.134    -0.69    -0.08 1.9470e+00   0.064  -0.222
 4.30000  -0.946   1.132    -0.69    -0.09 1.9584e+00   0.069  -0.219
 4.32000  -0.960   1.130    -0.68    -0.09 1.9696e+00   0.072  -0.216
 4.34000  -0.973   1.128    -0.68    -0.09 1.9806e+00   0.076  -0.213
 4.36000  -0.987   1.126    -0.68    -0.10 1.9914e+00   0.080  -0.210
 4.38000  -1.001   1.124    -0.68    -0.10 2.0020e+00   0.083  -0.207
 4.40000  -1.014   1.122    -0.68    -0.11 2.0124e+00   0.086  -0.204
 4.42000  -1.028   1.120    -0.68    -0.11 2.0226e+00   0.089  -0.201
 4.44000  -1.041   1.118    -0.67    -0.11 2.0326e+00   0.092  -0.198
 4.46000  -1.055   1.116    -0.67    -0.12 2.0424e+00   0.095  -0.195
 4.48000  -1.068   1.113    -0.67    -0.12 2.0521e+00   0.098  -0.193
 4.50000  -1.082   1.111    -0.67    -0.13 2.0615e+00   0.100  -0.190
 4.52000  -1.095   1.108    -0.67    -0.13 2.0708e+00   0.102  -0.187
 4.54000  -1.108   1.105    -0.67    -0.13 2.0799e+00   0.105  -0.184
 4.56000  -1.122   1.103    -0.66    -0.14 2.0888e+00   0.107  -0.181
 4.58000  -1.135   1.100    -0.66    -0.14 2.0976e+00   0.109  -0.178
 4.60000  -1.148   1.097    -0.66    -0.14 2.1062e+00   0.110  -0.175
 4.62000  -1.161   1.094    -0.66    -0.15 2.1146e+00   0.112  -0.172
 4.64000  -1.174   1.091    -0.65    -0.15 2.1229e+00   0.114  -0.170
 4.66000  -1.187   1.088    -0.65    -0.16 2.1310e+00   0.115  -0.167
 4.68000  -1.200   1.085    -0.65    -0.16 2.1390e+00   0.117  -0.164
 4.70000  -1.213   1.082    -0.65    -0.16 2.1468e+00   0.118  -0.161
 4.72000  -1.226   1.078    -0.64    -0.16 2.1545e+00   0.119  -0.159
 4.74000  -1.239   1.075    -0.64    -0.17 2.1620e+00   0.120  -0.156
 4.76000  -1.252   1.072    -0.64    -0.17 2.1694e+00   0.122  -0.154
 4.78000  -1.265   1.068    -0.64    -0.17 2.1766e+00   0.123  -0.151
 4.80000  -1.277   1.065    -0.64    -0.18 2.1837e+00   0.124  -0.149
 4.82000  -1.290   1.061    -0.63    -0.18 2.1907e+00   0.124  -0.146
 4.84000  -1.303   1.058    -0.63    -0.18 2.1976e+00   0.125  -0.144
 4.86000  -1.315   1.054    -0.63    -0.19 2.2043e+00   0.126  -0.141
 4.88000  -1.328   1.050    -0.63    -0.19 2.2109e+00   0.127  -0.139
 4.90000  -1.340   1.046    -0.62    -0.19 2.2173e+00   0.127  -0.137
 4.92000  -1.353   1.042    -0.62    -0.19 2.2237e+00   0.128  -0.134
 4.94000  -1.365   1.039    -0.62    -0.20 2.2299e+00   0.129  -0.132
 4.96000  -1.377   1.035    -0.61    -0.20 2.2361e+00   0.129  -0.130
 4.98000  -1.390   1.031    -0.61    -0.20 2.2421e+00   0.129  -0.128
 5.00000  -1.402   1.027    -0.61    -0.20 2.2480e+00   0.130  -0.125
 5.02000  -1.414   1.022    -0.61    -0.21 2.2538e+00   0.130  -0.123
 5.04000  -1.426   1.018    -0.60    -0.21 2.2595e+00   0.131  -0.121
 5.06000  -1.438   1.014    -0.60    -0.21 2.2651e+00   0.131  -0.119
 5.08000  -1.450   1.010    -0.60    -0.21 2.2706e+00   0.131  -0.117
 5.10000  -1.462   1.005    -0.60    -0.22 2.2760e+00   0.131  -0.115
 5.12000  -1.474   1.001    -0.59    -0.22 2.2813e+00   0.132  -0.113
 5.14000  -1.486   0.997    -0.59    -0.22 2.2865e+00   0.132  -0.111
 5.16000  -1.498   0.992    -0.59    -0.22 2.2916e+00   0.132  -0.109
 5.18000  -1.509   0.988    -0.59    -0.23 2.2966e+00   0.132  -0.107
 5.20000  -1.521   0.983    -0.58    -0.23 2.3015e+00   0.132  -0.106
 5.22000  -1.533   0.979    -0.58    -0.23 2.3064e+00   0.132  -0.104
 5.24000  -1.544   0.974    -0.58    -0.23 2.3112e+00   0.132  -0.102
 5.26000  -1.556   0.969    -0.58    -0.23 2.3158e+00   0.132  -0.100
 5.28000  -1.567   0.965    -0.57    -0.24 2.3204e+00   0.132  -0.099
 5.30000  -1.579   0.960    -0.57    -0.24 2.3250e+00   0.132  -0.097
 5.32000  -1.590   0.955    -0.57    -0.24 2.3294e+00   0.132  -0.095
 5.34000  -1.602   0.950    -0.56    -0.24 2.3338e+00   0.132  -0.094
 5.36000  -1.613   0.946    -0.56    -0.24 2.3381e+00   0.132  -0.092
 5.38000  -1.624   0.941    -0.56    -0.25 2.3423e+00   0.132  -0.090
 5.40000  -1.635   0.936    -0.56    -0.25 2.3465e+00   0.131  -0.089
 5.42000  -1.646   0.931    -0.55    -0.25 2.3505e+00   0.131  -0.087
 5.44000  -1.657   0.926    -0.55    -0.25 2.3546e+00   0.131  -0.086
 5.46000  -1.668   0.921    -0.55    -0.25 2.3585e+00   0.131  -0.084
 5.48000  -1.679   0.916    -0.55    -0.25 2.3624e+00   0.131  -0.083
 5.50000  -1.690   0.911    -0.54    -0.26 2.3662e+00   0.131  -0.082
 5.52000  -1.701   0.906    -0.54    -0.26 2.3700e+00   0.130  -0.080
 5.54000  -1.712   0.900    -0.54    -0.26 2.3737e+00   0.130  -0.079
 5.56000  -1.723   0.895    -0.54    -0.26 2.3773e+00   0.130  -0.077
 5.58000  -1.733   0.890    -0.53    -0.26 2.3809e+00   0.130  -0.076
 5.60000  -1.744   0.885    -0.53    -0.26 2.3844e+00   0.129  -0.075
 5.62000  -1.755   0.879    -0.53    -0.26 2.3879e+00   0.129  -0.074
 5.64000  -1.765   0.874    -0.53    -0.27 2.3913e+00   0.129  -0.072
 5.66000  -1.776   0.869    -0.52    -0.27 2.3947e+00   0.129  -0.071
 5.68000  -1.786   0.863    -0.52    -0.27 2.3980e+00   0.128  -0.070
 5.70000  -1.796   0.858    -0.52    -0.27 2.4012e+00   0.128  -0.069
 5.72000  -1.807   0.853    -0.52    -0.27 2.4044e+00   0.128  -0.067
 5.74010  -1.817   0.847    -0.51    -0.27 2.4076e+00   0.127  -0.066
 5.76010  -1.827   0.842    -0.51    -0.27 2.4107e+00   0.127  -0.065
 5.78010  -1.838   0.836    -0.51    -0.28 2.4138e+00   0.127  -0.064
 5.80010  -1.848   0.831    -0.51    -0.28 2.4168e+00   0.126  -0.063
 5.82010  -1.858   0.825    -0.50    -0.28 2.4198e+00   0.126  -0.062
 5.84010  -1.868   0.819    -0.50    -0.28 2.4227e+00   0.126  -0.061
 5.86010  -1.878   0.814    -0.50    -0.28 2.4256e+00   0.125  -0.060
 5.88010  -1.888   0.808    -0.50    -0.28 2.4284e+00   0.125  -0.059
 5.90010  -1.898   0.803    -0.49    -0.28 2.4312e+00   0.124  -0.058
 5.92010  -1.907   0.797    -0.49    -0.28 2.4340e+00   0.124  -0.057
 5.94010  -1.917   0.791    -0.49    -0.29 2.4367e+00   0.124  -0.056
 5.96010  -1.927   0.786    -0.49    -0.29 2.4393e+00   0.123  -0.055
 5.98010  -1.937   0.780    -0.48    -0.29 2.4420e+00   0.123  -0.054
 6.00010  -1.946   0.774    -0.48    -0.29 2.4446e+00   0.123  -0.053
 6.02010  -1.956   0.768    -0.48    -0.29 2.4471e+00   0.122  -0.052
 6.04010  -1.965   0.762    -0.48    -0.29 2.4497e+00   0.122  -0.051
 6.06010  -1.975   0.757    -0.47    -0.29 2.4521e+00   0.121  -0.050
 6.08010  -1.984   0.751    -0.47    -0.29 2.4546e+00   0.121  -0.049
 6.10010  -1.994   0.745    -0.47    -0.29 2.4570e+00   0.121  -0.048
 6.12010  -2.003   0.739    -0.47    -0.29 2.4594e+00   0.120  -0.047
 6.14010  -2.012   0.733    -0.46    -0.30 2.4617e+00   0.120  -0.046
 6.16010  -2.021   0.727    -0.46    -0.30 2.4641e+00   0.119  -0.046
 6.18010  -2.031   0.721    -0.46    -0.30 2.4663e+00   0.119  -0.045
 6.20010  -2.040   0.715    -0.46    -0.30 2.4686e+00   0.119  -0.044
 6.22010  -2.049   0.709    -0.45    -0.30 2.4708e+00   0.118  -0.043
 6.24010  -2.058   0.703    -0.45    -0.30 2.4730e+00   0.118  -0.042
 6.26010  -2.067   0.697    -0.45    -0.30 2.4752e+00   0.117  -0.042
 6.28010  -2.076   0.691    -0.45    -0.30 2.4773e+00   0.117  -0.041
 6.30010  -2.085   0.685    -0.44    -0.30 2.4794e+00   0.117  -0.040
 6.32010  -2.094   0.679    -0.44    -0.30 2.4815e+00   0.116  -0.039
 6.34010  -2.103   0.673    -0.44    -0.30 2.4835e+00   0.116  -0.039
 6.36010  -2.111   0.667    -0.44    -0.30 2.4856e+00   0.115  -0.038
 6.38010  -2.120   0.661    -0.44    -0.31 2.4876e+00   0.115  -0.037
 6.40010  -2.129   0.655    -0.43    -0.31 2.4895e+00   0.115  -0.036
 6.42010  -2.137   0.649    -0.43    -0.31 2.4915e+00   0.114  -0.036
 6.44010  -2.146   0.643    -0.43    -0.31 2.4934e+00   0.114  -0.035
 6.46010  -2.155   0.636    -0.43    -0.31 2.4953e+00   0.113  -0.034
 6.48010  -2.163   0.630    -0.42    -0.31 2.4972e+00   0.113  -0.034
 6.50010  -2.171   0.624    -0.42    -0.31 2.4990e+00   0.113  -0.033
 6.52010  -2.180   0.618    -0.42    -0.31 2.5008e+00   0.112  -0.033
 6.54010  -2.188   0.612    -0.42    -0.31 2.5026e+00   0.112  -0.032
 6.56010  -2.197   0.605    -0.41    -0.31 2.5044e+00   0.111  -0.031
 6.58010  -2.205   0.599    -0.41    -0.31 2.5062e+00   0.111  -0.031
 6.60010  -2.213   0.593    -0.41    -0.31 2.5079e+00   0.111  -0.030
 6.62010  -2.221   0.587    -0.41    -0.31 2.5096e+00   0.110  -0.029
 6.64010  -2.229   0.580    -0.41    -0.31 2.5113e+00   0.110  -0.029
 6.66010  -2.237   0.574    -0.40    -0.31 2.5130e+00   0.109  -0.028
 6.68010  -2.246   0.568    -0.40    -0.32 2.5146e+00   0.109  -0.028
 6.70010  -2.254   0.562    -0.40    -0.32 2.5162e+00   0.109  -0.027
 6.72010  -2.262   0.555    -0.40    -0.32 2.5178e+00   0.108  -0.027
 6.74010  -2.269   0.549    -0.40    -0.32 2.5194e+00   0.108  -0.026
 6.76010  -2.277   0.543    -0.39    -0.32 2.5210e+00   0.107  -0.026
 6.78010  -2.285   0.536    -0.39    -0.32 2.5226e+00   0.107  -0.025
 6.80010  -2.293   0.530    -0.39    -0.32 2.5241e+00   0.107  -0.025
 6.82010  -2.301   0.523    -0.39    -0.32 2.5256e+00   0.106  -0.024
 6.84010  -2.308   0.517    -0.38    -0.32 2.5271e+00   0.106  -0.024
 6.86010  -2.316   0.511    -0.38    -0.32 2.5286e+00   0.106  -0.023
 6.88010  -2.324   0.504    -0.38    -0.32 2.5300e+00   0.105  -0.023
 6.90010  -2.331   0.498    -0.38    -0.32 2.5315e+00   0.105  -0.022
 6.92010  -2.339   0.492    -0.38    -0.32 2.5329e+00   0.104  -0.022
 6.94010  -2.346   0.485    -0.37    -0.32 2.5343e+00   0.104  -0.021
 6.96010  -2.354   0.479    -0.37    -0.32 2.5357e+00   0.104  -0.021
 6.98010  -2.361   0.472    -0.37    -0.32 2.5371e+00   0.103  -0.020
 7.00010  -2.369   0.466    -0.37    -0.32 2.5385e+00   0.103  -0.020
 7.02010  -2.376   0.459    -0.37    -0.32 2.5398e+00   0.102  -0.019
 7.04010  -2.383   0.453    -0.36    -0.32 2.5412e+00   0.102  -0.019
 7.06010  -2.390   0.446    -0.36    -0.32 2.5425e+00   0.102  -0.018
 7.08010  -2.398   0.440    -0.36    -0.32 2.5438e+00   0.101  -0.018
 7.10010  -2.405   0.433    -0.36    -0.32 2.5451e+00   0.101  -0.018
 7.12010  -2.412   0.427    -0.36    -0.32 2.5463e+00   0.101  -0.017
 7.14010  -2.419   0.420    -0.35    -0.33 2.5476e+00   0.100  -0.017
 7.16010  -2.426   0.414    -0.35    -0.33 2.5489e+00   0.100  -0.016
 7.18010  -2.433   0.407    -0.35    -0.33 2.5501e+00   0.100  -0.016
 7.20010  -2.440   0.401    -0.35    -0.33 2.5513e+00   0.099  -0.015
 7.22010  -2.447   0.394    -0.35    -0.33 2.5525e+00   0.099  -0.015
 7.24010  -2.454   0.388    -0.34    -0.33 2.5537e+00   0.098  -0.015
 7.26010  -2.461   0.381    -0.34    -0.33 2.5549e+00   0.098  -0.014
 7.28010  -2.468   0.375    -0.34    -0.33 2.5561e+00   0.098  -0.014
 7.30010  -2.474   0.368    -0.34    -0.33 2.5572e+00   0.097  -0.014
 7.32010  -2.481   0.362    -0.34    -0.33 2.5584e+00   0.097  -0.013
 7.34010  -2.488   0.355    -0.33    -0.33 2.5595e+00   0.097  -0.013
 7.36010  -2.494   0.348    -0.33    -0.33 2.5606e+00   0.096  -0.013
 7.38010  -2.501   0.342    -0.33    -0.33 2.5617e+00   0.096  -0.012
 7.40010  -2.508   0.335    -0.33    -0.33 2.5628e+00   0.096  -0.012
 7.42010  -2.514   0.329    -0.33    -0.33 2.5639e+00   0.095  -0.011
 7.44010  -2.521   0.322    -0.32    -0.33 2.5650e+00   0.095  -0.011
 7.46010  -2.527   0.316    -0.32    -0.33 2.5661e+00   0.095  -0.011
 7.48010  -2.534   0.309    -0.32    -0.33 2.5671e+00   0.094  -0.010
 7.50010  -2.540   0.302    -0.32    -0.33 2.5682e+00   0.094  -0.010
 7.52010  -2.546   0.296    -0.32    -0.33 2.5692e+00   0.094  -0.010
 7.54010  -2.553   0.289    -0.31    -0.33 2.5702e+00   0.093  -0.010
 7.56010  -2.559   0.283    -0.31    -0.33 2.5712e+00   0.093  -0.009
 7.58010  -2.565   0.276    -0.31    -0.33 2.5722e+00   0.093  -0.009
 7.60010  -2.571   0.269    -0.31    -0.33 2.5732e+00   0.092  -0.009
 7.62010  -2.578   0.263    -0.31    -0.33 2.5742e+00   0.092  -0.008
 7.64010  -2.584   0.256    -0.31    -0.33 2.5752e+00   0.092  -0.008
 7.66010  -2.590   0.249    -0.30    -0.33 2.5761e+00   0.091  -0.008
 7.68010  -2.596   0.243    -0.30    -0.33 2.5771e+00   0.091  -0.007
 7.70010  -2.602   0.236    -0.30    -0.33 2.5780e+00   0.091  -0.007
 7.72010  -2.608   0.230    -0.30    -0.33 2.5790e+00   0.090  -0.007
 7.74010  -2.614   0.223    -0.30    -0.33 2.5799e+00   0.090  -0.007
 7.76010  -2.620   0.216    -0.29    -0.33 2.5808e+00   0.090  -0.006
 7.78010  -2.626   0.210    -0.29    -0.33 2.5817e+00   0.089  -0.006
 7.80010  -2.631   0.203    -0.29    -0.33 2.5826e+00   0.089  -0.006
 7.82010  -2.637   0.196    -0.29    -0.33 2.5835e+00   0.089  -0.005
 7.84010  -2.643   0.190    -0.29    -0.33 2.5844e+00   0.089  -0.005
 7.86010  -2.649   0.183    -0.29    -0.33 2.5853e+00   0.088  -0.005
 7.88010  -2.654   0.176    -0.28    -0.33 2.5861e+00   0.088  -0.005
 7.90010  -2.660   0.170    -0.28    -0.33 2.5870e+00   0.088  -0.004
 7.92010  -2.666   0.163    -0.28    -0.33 2.5878e+00   0.087  -0.004
 7.94010  -2.671   0.156    -0.28    -0.33 2.5887e+00   0.087  -0.004
 7.96010  -2.677   0.150    -0.28    -0.33 2.5895e+00   0.087  -0.004
 7.98010  -2.682   0.143    -0.28    -0.33 2.5903e+00   0.086  -0.003
 8.00010  -2.688   0.136    -0.27    -0.33 2.5912e+00   0.086  -0.003
 8.02010  -2.693   0.130    -0.27    -0.33 2.5920e+00   0.086  -0.003
 8.04010  -2.699   0.123    -0.27    -0.33 2.5928e+00   0.086  -0.003
 8.06010  -2.704   0.116    -0.27    -0.33 2.5936e+00   0.085  -0.002
 8.08010  -2.709   0.110    -0.27    -0.33 2.5944e+00   0.085  -0.002
 8.10010  -2.715   0.103    -0.27    -0.33 2.5951e+00   0.085  -0.002
 8.12010  -2.720   0.096    -0.26    -0.33 2.5959e+00   0.084  -0.002
 8.14010  -2.725   0.090    -0.26    -0.33 2.5967e+00   0.084  -0.002
 8.16010  -2.731   0.083    -0.26    -0.33 2.5975e+00   0.084  -0.001
 8.18010  -2.736   0.076    -0.26    -0.33 2.5982e+00   0.084  -0.001
 8.20010  -2.741   0.070    -0.26    -0.33 2.5990e+00   0.083  -0.001
 8.22010  -2.746   0.063    -0.25    -0.33 2.5997e+00   0.083  -0.001
 8.24010  -2.751   0.056    -0.25    -0.33 2.6004e+00   0.083  -0.001
 8.26010  -2.756   0.050    -0.25    -0.33 2.6012e+00   0.082  -0.000
 8.28010  -2.761   0.043    -0.25    -0.33 2.6019e+00   0.082  -0.000
 8.30010  -2.766   0.036    -0.25    -0.33 2.6026e+00   0.082   0.000
 8.32010  -2.771   0.030    -0.25    -0.33 2.6033e+00   0.082   0.000
 8.34010  -2.776   0.023    -0.25    -0.33 2.6040e+00   0.081   0.001
 8.36010  -2.781   0.016    -0.24    -0.33 2.6047e+00   0.081   0.001
 8.38010  -2.786   0.010    -0.24    -0.33 2.6054e+00   0.081   0.001
 8.40010  -2.791   0.003    -0.24    -0.33 2.6061e+00   0.081   0.001
 8.42010  -2.795  -0.004    -0.24    -0.33 2.6068e+00   0.080   0.001
 8.44010  -2.800  -0.010    -0.24    -0.33 2.6075e+00   0.080   0.001
 8.46010  -2.805  -0.017    -0.24    -0.33 2.6081e+00   0.080   0.002
 8.48010  -2.810  -0.024    -0.23    -0.33 2.6088e+00   0.080   0.002
 8.50010  -2.814  -0.030    -0.23    -0.33 2.6094e+00   0.079   0.002
 8.52010  -2.819  -0.037    -0.23    -0.33 2.6101e+00   0.079   0.002
 8.54010  -2.823  -0.044    -0.23    -0.33 2.6107e+00   0.079   0.002
 8.56010  -2.828  -0.050    -0.23    -0.33 2.6114e+00   0.079   0.003
 8.58010  -2.832  -0.057    -0.23    -0.33 2.6120e+00   0.078   0.003
 8.60010  -2.837  -0.064    -0.22    -0.33 2.6127e+00   0.078   0.003
 8.62010  -2.841  -0.070    -0.22    -0.33 2.6133e+00   0.078   0.003
 8.64010  -2.846  -0.077    -0.22    -0.33 2.6139e+00   0.078   0.003
 8.66010  -2.850  -0.084    -0.22    -0.33 2.6145e+00   0.077   0.003
 8.68010  -2.855  -0.090    -0.22    -0.33 2.6151e+00   0.077   0.004
 8.70010  -2.859  -0.097    -0.22    -0.33 2.6157e+00   0.077   0.004
 8.72010  -2.863  -0.104    -0.22    -0.33 2.6163e+00   0.077   0.004
 8.74010  -2.868  -0.110    -0.21    -0.33 2.6169e+00   0.076   0.004
 8.76010  -2.872  -0.117    -0.21    -0.33 2.6175e+00   0.076   0.004
 8.78010  -2.876  -0.124    -0.21    -0.33 2.6181e+00   0.076   0.004
 8.80010  -2.880  -0.130    -0.21    -0.33 2.6187e+00   0.076   0.005
 8.82010  -2.885  -0.137    -0.21    -0.33 2.6193e+00   0.075   0.005
 8.84010  -2.889  -0.144    -0.21    -0.33 2.6199e+00   0.075   0.005
 8.86010  -2.893  -0.150    -0.20    -0.33 2.6204e+00   0.075   0.005
 8.88010  -2.897  -0.157    -0.20    -0.33 2.6210e+00   0.075   0.005
 8.90010  -2.901  -0.163    -0.20    -0.33 2.6216e+00   0.074   0.005
 8.92010  -2.905  -0.170    -0.20    -0.33 2.6221e+00   0.074   0.005
 8.94010  -2.909  -0.177    -0.20    -0.33 2.6227e+00   0.074   0.006
 8.96010  -2.913  -0.183    -0.20    -0.33 2.6232e+00   0.074   0.006
 8.98010  -2.917  -0.190    -0.20    -0.33 2.6238e+00   0.074   0.006
 9.00010  -2.921  -0.197    -0.19    -0.33 2.6243e+00   0.073   0.006
 9.02010  -2.925  -0.203    -0.19    -0.33 2.6248e+00   0.073   0.006
 9.04010  -2.928  -0.210    -0.19    -0.33 2.6254e+00   0.073   0.006
 9.06010  -2.932  -0.216    -0.19    -0.33 2.6259e+00   0.073   0.006
 9.08010  -2.936  -0.223    -0.19    -0.33 2.6264e+00   0.072   0.007
 9.10010  -2.940  -0.230    -0.19    -0.33 2.6269e+00   0.072   0.007
 9.12010  -2.943  -0.236    -0.19    -0.33 2.6274e+00   0.072   0.007
 9.14010  -2.947  -0.243    -0.18    -0.33 2.6280e+00   0.072   0.007
 9.16010  -2.951  -0.250    -0.18    -0.33 2.6285e+00   0.072   0.007
 9.18010  -2.954  -0.256    -0.18    -0.33 2.6290e+00   0.071   0.007
 9.20010  -2.958  -0.263    -0.18    -0.33 2.6295e+00   0.071   0.007
 9.22010  -2.962  -0.269    -0.18    -0.33 2.6300e+00   0.071   0.007
 9.24010  -2.965  -0.276    -0.18    -0.33 2.6305e+00   0.071   0.008
 9.26010  -2.969  -0.283    -0.18    -0.33 2.6309e+00   0.071   0.008
 9.28010  -2.972  -0.289    -0.17    -0.33 2.6314e+00   0.070   0.008
 9.30010  -2.976  -0.296    -0.17    -0.33 2.6319e+00   0.070   0.008
 9.32010  -2.979  -0.302    -0.17    -0.33 2.6324e+00   0.070   0.008
 9.34010  -2.982  -0.309    -0.17    -0.33 2.6329e+00   0.070   0.008
 9.36010  -2.986  -0.315    -0.17    -0.33 2.6333e+00   0.070   0.008
 9.38010  -2.989  -0.322    -0.17    -0.33 2.6338e+00   0.069   0.008
 9.40010  -2.993  -0.329    -0.17    -0.33 2.6343e+00   0.069   0.009
 9.42010  -2.996  -0.335    -0.16    -0.33 2.6347e+00   0.069   0.009
 9.44010  -2.999  -0.342    -0.16    -0.33 2.6352e+00   0.069   0.009
 9.46010  -3.002  -0.348    -0.16    -0.33 2.6357e+00   0.069   0.009
 9.48010  -3.006  -0.355    -0.16    -0.33 2.6361e+00   0.068   0.009
 9.50010  -3.009  -0.361    -0.16    -0.33 2.6366e+00   0.068   0.009
 9.52010  -3.012  -0.368    -0.16    -0.33 2.6370e+00   0.068   0.009
 9.54010  -3.015  -0.375    -0.16    -0.33 2.6374e+00   0.068   0.009
 9.56010  -3.018  -0.381    -0.15    -0.33 2.6379e+00   0.068   0.009
 9.58010  -3.021  -0.388    -0.15    -0.33 2.6383e+00   0.067   0.009
 9.60010  -3.024  -0.394    -0.15    -0.33 2.6388e+00   0.067   0.010
 9.62010  -3.027  -0.401    -0.15    -0.33 2.6392e+00   0.067   0.010
 9.64010  -3.030  -0.407    -0.15    -0.33 2.6396e+00   0.067   0.010
 9.66010  -3.033  -0.414    -0.15    -0.33 2.6400e+00   0.067   0.010
 9.68010  -3.036  -0.420    -0.15    -0.33 2.6405e+00   0.067   0.010
 9.70010  -3.039  -0.427    -0.15    -0.33 2.6409e+00   0.066   0.010
 9.72010  -3.042  -0.433    -0.14    -0.33 2.6413e+00   0.066   0.010
 9.74010  -3.045  -0.440    -0.14    -0.33 2.6417e+00   0.066   0.010
 9.76010  -3.048  -0.446    -0.14    -0.33 2.6421e+00   0.066   0.010
 9.78010  -3.051  -0.453    -0.14    -0.32 2.6425e+00   0.066   0.011
 9.80010  -3.053  -0.459    -0.14    -0.32 2.6429e+00   0.065   0.011
 9.82010  -3.056  -0.466    -0.14    -0.32 2.6433e+00   0.065   0.011
 9.84010  -3.059  -0.472    -0.14    -0.32 2.6437e+00   0.065   0.011
 9.86010  -3.062  -0.479    -0.13    -0.32 2.6441e+00   0.065   0.011
 9.88010  -3.064  -0.485    -0.13    -0.32 2.6445e+00   0.065   0.011
 9.90010  -3.067  -0.492    -0.13    -0.32 2.6449e+00   0.065   0.011
 9.92010  -3.070  -0.498    -0.13    -0.32 2.6453e+00   0.064   0.011
 9.94010  -3.072  -0.505    -0.13    -0.32 2.6457e+00   0.064   0.011
 9.96010  -3.075  -0.511    -0.13    -0.32 2.6461e+00   0.064   0.011
 9.98010  -3.077  -0.518    -0.13    -0.32 2.6465e+00   0.064   0.011
10.00010  -3.080  -0.524    -0.13    -0.32 2.6468e+00   0.064   0.012
10.02010  -3.082  -0.530    -0.12    -0.32 2.6472e+00   0.064   0.012
10.04010  -3.085  -0.537    -0.12    -0.32 2.6476e+00   0.063   0.012
10.06010  -3.087  -0.543    -0.12    -0.32 2.6480e+00   0.063   0.012
10.08010  -3.090  -0.550    -0.12    -0.32 2.6483e+00   0.063   0.012
10.10010  -3.092  -0.556    -0.12    -0.32 2.6487e+00   0.063   0.012
10.12010  -3.094  -0.563    -0.12    -0.32 2.6491e+00   0.063   0.012
10.14010  -3.097  -0.569    -0.12    -0.32 2.6494e+00   0.063   0.012
10.16010  -3.099  -0.575    -0.12    -0.32 2.6498e+00   0.062   0.012
10.18010  -3.101  -0.582    -0.11    -0.32 2.6502e+00   0.062   0.012
10.20010  -3.104  -0.588    -0.11    -0.32 2.6505e+00   0.062   0.012
10.22010  -3.106  -0.595    -0.11    -0.32 2.6509e+00   0.062   0.012
10.24010  -3.108  -0.601    -0.11    -0.32 2.6512e+00   0.062   0.013
10.26010  -3.110  -0.607    -0.11    -0.32 2.6516e+00   0.062   0.013
10.28010  -3.113  -0.614    -0.11    -0.32 2.6519e+00   0.061   0.013
10.30010  -3.115  -0.620    -0.11    -0.32 2.6523e+00   0.061   0.013
10.32010  -3.117  -0.627    -0.11    -0.32 2.6526e+00   0.061   0.013
10.34010  -3.119  -0.633    -0.10    -0.32 2.6529e+00   0.061   0.013
10.36010  -3.121  -0.639    -0.10    -0.32 2.6533e+00   0.061   0.013
10.38010  -3.123  -0.646    -0.10    -0.32 2.6536e+00   0.061   0.013
10.40010  -3.125  -0.652    -0.10    -0.32 2.6540e+00   0.061   0.013
10.42010  -3.127  -0.658    -0.10    -0.32 2.6543e+00   0.060   0.013
10.44010  -3.129  -0.665    -0.10    -0.32 2.6546e+00   0.060   0.013
10.46010  -3.131  -0.671    -0.10    -0.32 2.6549e+00   0.060   0.013
10.48010  -3.133  -0.677    -0.10    -0.32 2.6553e+00   0.060   0.013
10.50010  -3.135  -0.684    -0.09    -0.32 2.6556e+00   0.060   0.014
10.52010  -3.137  -0.690    -0.09    -0.32 2.6559e+00   0.060   0.014
10.54010  -3.139  -0.696    -0.09    -0.32 2.6562e+00   0.059   0.014
10.56010  -3.141  -0.703    -0.09    -0.32 2.6566e+00   0.059   0.014
10.58010  -3.142  -0.709    -0.09    -0.32 2.6569e+00   0.059   0.014
10.60010  -3.144  -0.715    -0.09    -0.31 2.6572e+00   0.059   0.014
10.62010  -3.146  -0.722    -0.09    -0.31 2.6575e+00   0.059   0.014
10.64010  -3.148  -0.728    -0.09    -0.31 2.6578e+00   0.059   0.014
10.66010  -3.149  -0.734    -0.09    -0.31 2.6581e+00   0.059   0.014
10.68010  -3.151  -0.740    -0.08    -0.31 2.6584e+00   0.058   0.014
10.70010  -3.153  -0.747    -0.08    -0.31 2.6587e+00   0.058   0.014
10.72010  -3.154  -0.753    -0.08    -0.31 2.6590e+00   0.058   0.014
10.74010  -3.156  -0.759    -0.08    -0.31 2.6593e+00   0.058   0.014
10.76010  -3.158  -0.765    -0.08    -0.31 2.6597e+00   0.058   0.014
10.78010  -3.159  -0.772    -0.08    -0.31 2.6599e+00   0.058   0.014
10.80010  -3.161  -0.778    -0.08    -0.31 2.6602e+00   0.058   0.015
10.82010  -3.162  -0.784    -0.08    -0.31 2.6605e+00   0.058   0.015
10.84010  -3.164  -0.790    -0.08    -0.31 2.6608e+00   0.057   0.015
10.86010  -3.165  -0.797    -0.07    -0.31 2.6611e+00   0.057   0.015
10.88010  -3.167  -0.803    -0.07    -0.31 2.6614e+00   0.057   0.015
10.90010  -3.168  -0.809    -0.07    -0.31 2.6617e+00   0.057   0.015
10.92010  -3.170  -0.815    -0.07    -0.31 2.6620e+00   0.057   0.015
10.94010  -3.171  -0.821    -0.07    -0.31 2.6623e+00   0.057   0.015
10.96010  -3.172  -0.828    -0.07    -0.31 2.6626e+00   0.057   0.015
10.98010  -3.174  -0.834    -0.07    -0.31 2.6628e+00   0.056   0.015
11.00010  -3.175  -0.840    -0.07    -0.31 2.6631e+00   0.056   0.015
11.02010  -3.176  -0.846    -0.06    -0.31 2.6634e+00   0.056   0.015
11.04010  -3.178  -0.852    -0.06    -0.31 2.6637e+00   0.056   0.015
11.06010  -3.179  -0.859    -0.06    -0.31 2.6640e+00   0.056   0.015
11.08010  -3.180  -0.865    -0.06    -0.31 2.6642e+00   0.056   0.015
11.10010  -3.181  -0.871    -0.06    -0.31 2.6645e+00   0.056   0.015
11.12010  -3.183  -0.877    -0.06    -0.31 2.6648e+00   0.056   0.016
11.14010  -3.184  -0.883    -0.06    -0.31 2.6650e+00   0.055   0.016
11.16010  -3.185  -0.889    -0.06    -0.31 2.6653e+00   0.055   0.016
11.18010  -3.186  -0.895    -0.06    -0.31 2.6656e+00   0.055   0.016
11.20010  -3.187  -0.901    -0.05    -0.31 2.6658e+00   0.055   0.016
11.22010  -3.188  -0.908    -0.05    -0.31 2.6661e+00   0.055   0.016
11.24010  -3.189  -0.914    -0.05    -0.31 2.6664e+00   0.055   0.016
11.26010  -3.190  -0.920    -0.05    -0.30 2.6666e+00   0.055   0.016
11.28010  -3.191  -0.926    -0.05    -0.30 2.6669e+00   0.055   0.016
11.30010  -3.192  -0.932    -0.05    -0.30 2.6672e+00   0.054   0.016
11.32010  -3.193  -0.938    -0.05    -0.30 2.6674e+00   0.054   0.016
11.34010  -3.194  -0.944    -0.05    -0.30 2.6677e+00   0.054   0.016
11.36010  -3.195  -0.950    -0.05    -0.30 2.6679e+00   0.054   0.016
11.38010  -3.196  -0.956    -0.05    -0.30 2.6682e+00   0.054   0.016
11.40010  -3.197  -0.962    -0.04    -0.30 2.6684e+00   0.054   0.016
11.42010  -3.198  -0.968    -0.04    -0.30 2.6687e+00   0.054   0.016
11.44010  -3.199  -0.974    -0.04    -0.30 2.6689e+00   0.054   0.016
11.46010  -3.200  -0.980    -0.04    -0.30 2.6692e+00   0.054   0.016
11.48010  -3.200  -0.987    -0.04    -0.30 2.6694e+00   0.053   0.017
11.50010  -3.201  -0.993    -0.04    -0.30 2.6697e+00   0.053   0.017
11.52010  -3.202  -0.999    -0.04    -0.30 2.6699e+00   0.053   0.017
11.54010  -3.203  -1.005    -0.04    -0.30 2.6701e+00   0.053   0.017
11.56010  -3.203  -1.011    -0.04    -0.30 2.6704e+00   0.053   0.017
11.58010  -3.204  -1.017    -0.03    -0.30 2.6706e+00   0.053   0.017
11.60010  -3.205  -1.023    -0.03    -0.30 2.6709e+00   0.053   0.017
11.62010  -3.205  -1.029    -0.03    -0.30 2.6711e+00   0.053   0.017
11.64010  -3.206  -1.035    -0.03    -0.30 2.6713e+00   0.053   0.017
11.66010  -3.207  -1.040    -0.03    -0.30 2.6716e+00   0.052   0.017
11.68010  -3.207  -1.046    -0.03    -0.30 2.6718e+00   0.052   0.017
11.70010  -3.208  -1.052    -0.03    -0.30 2.6720e+00   0.052   0.017
11.72010  -3.208  -1.058    -0.03    -0.30 2.6723e+00   0.052   0.017
11.74010  -3.209  -1.064    -0.03    -0.30 2.6725e+00   0.052   0.017
11.76010  -3.209  -1.070    -0.02    -0.30 2.6727e+00   0.052   0.017
11.78010  -3.210  -1.076    -0.02    -0.30 2.6730e+00   0.052   0.017
11.80010  -3.210  -1.082    -0.02    -0.30 2.6732e+00   0.052   0.017
11.82010  -3.211  -1.088    -0.02    -0.30 2.6734e+00   0.052   0.017
11.84010  -3.211  -1.094    -0.02    -0.30 2.6736e+00   0.051   0.017
11.86010  -3.212  -1.100    -0.02    -0.29 2.6739e+00   0.051   0.017
11.88010  -3.212  -1.106    -0.02    -0.29 2.6741e+00   0.051   0.018
11.90010  -3.212  -1.112    -0.02    -0.29 2.6743e+00   0.051   0.018
11.92010  -3.213  -1.117    -0.02    -0.29 2.6745e+00   0.051   0.018
11.94010  -3.213  -1.123    -0.02    -0.29 2.6747e+00   0.051   0.018
11.96010  -3.213  -1.129    -0.01    -0.29 2.6750e+00   0.051   0.018
11.98010  -3.214  -1.135    -0.01    -0.29 2.6752e+00   0.051   0.018
12.00010  -3.214  -1.141    -0.01    -0.29 2.6754e+00   0.051   0.018
12.02010  -3.214  -1.147    -0.01    -0.29 2.6756e+00   0.051   0.018
12.04010  -3.214  -1.153    -0.01    -0.29 2.6758e+00   0.050   0.018
12.06010  -3.215  -1.158    -0.01    -0.29 2.6760e+00   0.050   0.018
12.08010  -3.215  -1.164    -0.01    -0.29 2.6762e+00   0.050   0.018
12.10010  -3.215  -1.170    -0.01    -0.29 2.6765e+00   0.050   0.018
12.12010  -3.215  -1.176    -0.01    -0.29 2.6767e+00   0.050   0.018
12.14010  -3.215  -1.182    -0.01    -0.29 2.6769e+00   0.050   0.018
12.16010  -3.215  -1.188    -0.00    -0.29 2.6771e+00   0.050   0.018
12.18010  -3.215  -1.193    -0.00    -0.29 2.6773e+00   0.050   0.018
12.20010  -3.215  -1.199    -0.00    -0.29 2.6775e+00   0.050   0.018
12.22010  -3.215  -1.205    -0.00    -0.29 2.6777e+00   0.050   0.018
12.24010  -3.216  -1.211    -0.00    -0.29 2.6779e+00   0.049   0.018
12.26010  -3.216  -1.216     0.00    -0.29 2.6781e+00   0.049   0.018
12.28010  -3.216  -1.222     0.00    -0.29 2.6783e+00   0.049   0.018
12.30010  -3.215  -1.228     0.00    -0.29 2.6785e+00   0.049   0.018
12.32010  -3.215  -1.234     0.00    -0.29 2.6787e+00   0.049   0.018
12.34010  -3.215  -1.239     0.00    -0.29 2.6789e+00   0.049   0.019
12.36010  -3.215  -1.245     0.01    -0.29 2.6791e+00   0.049   0.019
12.38010  -3.215  -1.251     0.01    -0.29 2.6793e+00   0.049   0.019
12.40010  -3.215  -1.256     0.01    -0.29 2.6795e+00   0.049   0.019
12.42010  -3.215  -1.262     0.01    -0.28 2.6797e+00   0.049   0.019
12.44010  -3.215  -1.268     0.01    -0.28 2.6799e+00   0.048   0.019
12.46010  -3.214  -1.274     0.01    -0.28 2.6801e+00   0.048   0.019
12.48010  -3.214  -1.279     0.01    -0.28 2.6803e+00   0.048   0.019
12.50010  -3.214  -1.285     0.01    -0.28 2.6805e+00   0.048   0.019
12.52010  -3.214  -1.291     0.01    -0.28 2.6806e+00   0.048   0.019
12.54010  -3.214  -1.296     0.01    -0.28 2.6808e+00   0.048   0.019
12.56010  -3.213  -1.302     0.01    -0.28 2.6810e+00   0.048   0.019
12.58010  -3.213  -1.307     0.02    -0.28 2.6812e+00   0.048   0.019
12.60010  -3.213  -1.313     0.02    -0.28 2.6814e+00   0.048   0.019
12.62010  -3.212  -1.319     0.02    -0.28 2.6816e+00   0.048   0.019
12.64010  -3.212  -1.324     0.02    -0.28 2.6818e+00   0.048   0.019
12.66010  -3.211  -1.330     0.02    -0.28 2.6819e+00   0.048   0.019
12.68010  -3.211  -1.336     0.02    -0.28 2.6821e+00   0.047   0.019
12.70010  -3.211  -1.341     0.02    -0.28 2.6823e+00   0.047   0.019
12.72010  -3.210  -1.347     0.02    -0.28 2.6825e+00   0.047   0.019
12.74010  -3.210  -1.352     0.02    -0.28 2.6827e+00   0.047   0.019
12.76010  -3.209  -1.358     0.02    -0.28 2.6829e+00   0.047   0.019
12.78010  -3.209  -1.363     0.03    -0.28 2.6830e+00   0.047   0.019
12.80010  -3.208  -1.369     0.03    -0.28 2.6832e+00   0.047   0.019
12.82010  -3.208  -1.375     0.03    -0.28 2.6834e+00   0.047   0.020
12.84010  -3.207  -1.380     0.03    -0.28 2.6836e+00   0.047   0.020
12.86010  -3.207  -1.386     0.03    -0.28 2.6837e+00   0.047   0.020
12.88010  -3.206  -1.391     0.03    -0.28 2.6839e+00   0.047   0.020
12.90010  -3.205  -1.397     0.03    -0.28 2.6841e+00   0.047   0.020
12.92010  -3.205  -1.402     0.03    -0.28 2.6843e+00   0.046   0.020
12.94010  -3.204  -1.408     0.03    -0.27 2.6844e+00   0.046   0.020
12.96010  -3.203  -1.413     0.03    -0.27 2.6846e+00   0.046   0.020
12.98010  -3.203  -1.419     0.03    -0.27 2.6848e+00   0.046   0.020
13.00010  -3.202  -1.424     0.04    -0.27 2.6850e+00   0.046   0.020
13.02010  -3.201  -1.430     0.04    -0.27 2.6851e+00   0.046   0.020
13.04010  -3.201  -1.435     0.04    -0.27 2.6853e+00   0.046   0.020
13.06010  -3.200  -1.441     0.04    -0.27 2.6855e+00   0.046   0.020
13.08010  -3.199  -1.446     0.04    -0.27 2.6856e+00   0.046   0.020
13.10010  -3.198  -1.451     0.04    -0.27 2.6858e+00   0.046   0.020
13.12010  -3.197  -1.457     0.04    -0.27 2.6860e+00   0.046   0.020
13.14010  -3.197  -1.462     0.04    -0.27 2.6861e+00   0.046   0.020
13.16010  -3.196  -1.468     0.04    -0.27 2.6863e+00   0.045   0.020
13.18010  -3.195  -1.473     0.04    -0.27 2.6865e+00   0.045   0.020
13.20010  -3.194  -1.478     0.04    -0.27 2.6866e+00   0.045   0.020
13.22010  -3.193  -1.484     0.05    -0.27 2.6868e+00   0.045   0.020
13.24010  -3.192  -1.489     0.05    -0.27 2.6869e+00   0.045   0.020
13.26010  -3.191  -1.495     0.05    -0.27 2.6871e+00   0.045   0.020
13.28010  -3.190  -1.500     0.05    -0.27 2.6873e+00   0.045   0.020
13.30010  -3.189  -1.505     0.05    -0.27 2.6874e+00   0.045   0.020
13.32010  -3.188  -1.511     0.05    -0.27 2.6876e+00   0.045   0.020
13.34010  -3.187  -1.516     0.05    -0.27 2.6877e+00   0.045   0.020
13.36010  -3.186  -1.521     0.05    -0.27 2.6879e+00   0.045   0.021
13.38010  -3.185  -1.527     0.05    -0.27 2.6881e+00   0.045   0.021
13.40010  -3.184  -1.532     0.05    -0.27 2.6882e+00   0.045   0.021
13.42010  -3.183  -1.537     0.05    -0.27 2.6884e+00   0.045   0.021
13.44010  -3.182  -1.543     0.06    -0.26 2.6885e+00   0.044   0.021
13.46010  -3.181  -1.548     0.06    -0.26 2.6887e+00   0.044   0.021
13.48010  -3.180  -1.553     0.06    -0.26 2.6888e+00   0.044   0.021
13.50010  -3.179  -1.558     0.06    -0.26 2.6890e+00   0.044   0.021
13.52010  -3.177  -1.564     0.06    -0.26 2.6891e+00   0.044   0.021
13.54010  -3.176  -1.569     0.06    -0.26 2.6893e+00   0.044   0.021
13.56010  -3.175  -1.574     0.06    -0.26 2.6894e+00   0.044   0.021
13.58010  -3.174  -1.579     0.06    -0.26 2.6896e+00   0.044   0.021
13.60010  -3.172  -1.585     0.06    -0.26 2.6897e+00   0.044   0.021
13.62010  -3.171  -1.590     0.06    -0.26 2.6899e+00   0.044   0.021
13.64010  -3.170  -1.595     0.06    -0.26 2.6900e+00   0.044   0.021
13.66010  -3.169  -1.600     0.07    -0.26 2.6902e+00   0.044   0.021
13.68010  -3.167  -1.605     0.07    -0.26 2.6903e+00   0.044   0.021
13.70010  -3.166  -1.611     0.07    -0.26 2.6905e+00   0.044   0.021
13.72010  -3.165  -1.616     0.07    -0.26 2.6906e+00   0.043   0.021
13.74010  -3.163  -1.621     0.07    -0.26 2.6908e+00   0.043   0.021
13.76010  -3.162  -1.626     0.07    -0.26 2.6909e+00   0.043   0.021
13.78010  -3.161  -1.631     0.07    -0.26 2.6911e+00   0.043   0.021
13.80010  -3.159  -1.637     0.07    -0.26 2.6912e+00   0.043   0.021
13.82010  -3.158  -1.642     0.07    -0.26 2.6913e+00   0.043   0.021
13.84010  -3.156  -1.647     0.07    -0.26 2.6915e+00   0.043   0.021
13.86010  -3.155  -1.652     0.07    -0.26 2.6916e+00   0.043   0.021
13.88010  -3.153  -1.657     0.07    -0.26 2.6918e+00   0.043   0.021
13.90010  -3.152  -1.662     0.08    -0.25 2.6919e+00   0.043   0.021
13.92010  -3.150  -1.667     0.08    -0.25 2.6920e+00   0.043   0.021
13.94010  -3.149  -1.672     0.08    -0.25 2.6922e+00   0.043   0.022
13.96010  -3.147  -1.677     0.08    -0.25 2.6923e+00   0.043   0.022
13.98010  -3.146  -1.682     0.08    -0.25 2.6925e+00   0.043   0.022
14.00010  -3.144  -1.687     0.08    -0.25 2.6926e+00   0.043   0.022
14.02010  -3.142  -1.693     0.08    -0.25 2.6927e+00   0.042   0.022
14.04010  -3.141  -1.698     0.08    -0.25 2.6929e+00   0.042   0.022
14.06010  -3.139  -1.703     0.08    -0.25 2.6930e+00   0.042   0.022
14.08010  -3.137  -1.708     0.08    -0.25 2.6931e+00   0.042   0.022
14.10010  -3.136  -1.713     0.08    -0.25 2.6933e+00   0.042   0.022
14.12010  -3.134  -1.718     0.08    -0.25 2.6934e+00   0.042   0.022
14.14010  -3.132  -1.723     0.09    -0.25 2.6936e+00   0.042   0.022
14.16010  -3.131  -1.728     0.09    -0.25 2.6937e+00   0.042   0.022
14.18010  -3.129  -1.733     0.09    -0.25 2.6938e+00   0.042   0.022
14.20010  -3.127  -1.738     0.09    -0.25 2.6940e+00   0.042   0.022
14.22010  -3.125  -1.743     0.09    -0.25 2.6941e+00   0.042   0.022
14.24010  -3.124  -1.748     0.09    -0.25 2.6942e+00   0.042   0.022
14.26010  -3.122  -1.753     0.09    -0.25 2.6943e+00   0.042   0.022
14.28010  -3.120  -1.757     0.09    -0.25 2.6945e+00   0.042   0.022
14.30010  -3.118  -1.762     0.09    -0.25 2.6946e+00   0.042   0.022
14.32010  -3.116  -1.767     0.09    -0.25 2.6947e+00   0.042   0.022
14.34010  -3.114  -1.772     0.09    -0.25 2.6949e+00   0.041   0.022
14.36010  -3.112  -1.777     0.10    -0.24 2.6950e+00   0.041   0.022
14.38010  -3.111  -1.782     0.10    -0.24 2.6951e+00   0.041   0.022
14.40010  -3.109  -1.787     0.10    -0.24 2.6953e+00   0.041   0.022
14.42010  -3.107  -1.792     0.10    -0.24 2.6954e+00   0.041   0.022
14.44010  -3.105  -1.797     0.10    -0.24 2.6955e+00   0.041   0.022
14.46010  -3.103  -1.801     0.10    -0.24 2.6956e+00   0.041   0.022
14.48010  -3.101  -1.806     0.10    -0.24 2.6958e+00   0.041   0.022
14.50010  -3.099  -1.811     0.10    -0.24 2.6959e+00   0.041   0.022
14.52010  -3.097  -1.816     0.10    -0.24 2.6960e+00   0.041   0.023
14.54010  -3.095  -1.821     0.10    -0.24 2.6961e+00   0.041   0.023
14.56010  -3.093  -1.826     0.10    -0.24 2.6963e+00   0.041   0.023
14.58010  -3.091  -1.830     0.10    -0.24 2.6964e+00   0.041   0.023
14.60010  -3.088  -1.835     0.10    -0.24 2.6965e+00   0.041   0.023
14.62010  -3.086  -1.840     0.11    -0.24 2.6966e+00   0.041   0.023
14.64010  -3.084  -1.845     0.11    -0.24 2.6967e+00   0.041   0.023
14.66010  -3.082  -1.850     0.11    -0.24 2.6969e+00   0.041   0.023
14.68010  -3.080  -1.854     0.11    -0.24 2.6970e+00   0.040   0.023
14.70010  -3.078  -1.859     0.11    -0.24 2.6971e+00   0.040   0.023
14.72010  -3.076  -1.864     0.11    -0.24 2.6972e+00   0.040   0.023
14.74010  -3.073  -1.869     0.11    -0.24 2.6973e+00   0.040   0.023
14.76010  -3.071  -1.873     0.11    -0.24 2.6975e+00   0.040   0.023
14.78010  -3.069  -1.878     0.11    -0.24 2.6976e+00   0.040   0.023
14.80010  -3.067  -1.883     0.11    -0.23 2.6977e+00   0.040   0.023
14.82010  -3.064  -1.887     0.11    -0.23 2.6978e+00   0.040   0.023
14.84010  -3.062  -1.892     0.11    -0.23 2.6979e+00   0.040   0.023
14.86010  -3.060  -1.897     0.12    -0.23 2.6981e+00   0.040   0.023
14.88010  -3.058  -1.901     0.12    -0.23 2.6982e+00   0.040   0.023
14.90010  -3.055  -1.906     0.12    -0.23 2.6983e+00   0.040   0.023
14.92010  -3.053  -1.911     0.12    -0.23 2.6984e+00   0.040   0.023
14.94010  -3.050  -1.915     0.12    -0.23 2.6985e+00   0.040   0.023
14.96010  -3.048  -1.920     0.12    -0.23 2.6986e+00   0.040   0.023
14.98010  -3.046  -1.925     0.12    -0.23 2.6987e+00   0.040   0.023
15.00010  -3.043  -1.929     0.12    -0.23 2.6989e+00   0.040   0.023
15.02010  -3.041  -1.934     0.12    -0.23 2.6990e+00   0.040   0.023
15.04010  -3.038  -1.938     0.12    -0.23 2.6991e+00   0.040   0.023
15.06010  -3.036  -1.943     0.12    -0.23 2.6992e+00   0.039   0.023
15.08010  -3.034  -1.948     0.12    -0.23 2.6993e+00   0.039   0.023
15.10010  -3.031  -1.952     0.12    -0.23 2.6994e+00   0.039   0.023
15.12010  -3.029  -1.957     0.13    -0.23 2.6995e+00   0.039   0.023
15.14010  -3.026  -1.961     0.13    -0.23 2.6996e+00   0.039   0.024
15.16010  -3.023  -1.966     0.13    -0.23 2.6998e+00   0.039   0.024
15.18010  -3.021  -1.970     0.13    -0.23 2.6999e+00   0.039   0.024
15.20010  -3.018  -1.975     0.13    -0.23 2.7000e+00   0.039   0.024
15.22010  -3.016  -1.979     0.13    -0.23 2.7001e+00   0.039   0.024
15.24010  -3.013  -1.984     0.13    -0.22 2.7002e+00   0.039   0.024
15.26010  -3.011  -1.988     0.13    -0.22 2.7003e+00   0.039   0.024
15.28010  -3.008  -1.993     0.13    -0.22 2.7004e+00   0.039   0.024
15.30010  -3.005  -1.997     0.13    -0.22 2.7005e+00   0.039   0.024
15.32010  -3.003  -2.002     0.13    -0.22 2.7006e+00   0.039   0.024
15.34010  -3.000  -2.006     0.13    -0.22 2.7007e+00   0.039   0.024
15.36010  -2.997  -2.011     0.14    -0.22 2.7008e+00   0.039   0.024
15.38010  -2.995  -2.015     0.14    -0.22 2.7010e+00   0.039   0.024
15.40010  -2.992  -2.020     0.14    -0.22 2.7011e+00   0.039   0.024
15.42010  -2.989  -2.024     0.14    -0.22 2.7012e+00   0.039   0.024
15.44010  -2.986  -2.028     0.14    -0.22 2.7013e+00   0.039   0.024
15.46010  -2.984  -2.033     0.14    -0.22 2.7014e+00   0.038   0.024
15.48010  -2.981  -2.037     0.14    -0.22 2.7015e+00   0.038   0.024
15.50010  -2.978  -2.041     0.14    -0.22 2.7016e+00   0.038   0.024
15.52010  -2.975  -2.046     0.14    -0.22 2.7017e+00   0.038   0.024
15.54010  -2.972  -2.050     0.14    -0.22 2.7018e+00   0.038   0.024
15.56010  -2.969  -2.055     0.14    -0.22 2.7019e+00   0.038   0.024
15.58010  -2.967  -2.059     0.14    -0.22 2.7020e+00   0.038   0.024
15.60010  -2.964  -2.063     0.14    -0.22 2.7021e+00   0.038   0.024
15.62010  -2.961  -2.068     0.15    -0.22 2.7022e+00   0.038   0.024
15.64010  -2.958  -2.072     0.15    -0.22 2.7023e+00   0.038   0.024
15.66010  -2.955  -2.076     0.15    -0.21 2.7024e+00   0.038   0.024
15.68010  -2.952  -2.080     0.15    -0.21 2.7025e+00   0.038   0.024
15.70010  -2.949  -2.085     0.15    -0.21 2.7026e+00   0.038   0.024
15.72010  -2.946  -2.089     0.15    -0.21 2.7027e+00   0.038   0.025
15.74010  -2.943  -2.093     0.15    -0.21 2.7028e+00   0.038   0.025
15.76010  -2.940  -2.097     0.15    -0.21 2.7029e+00   0.038   0.025
15.78010  -2.937  -2.102     0.15    -0.21 2.7030e+00   0.038   0.025
15.80010  -2.934  -2.106     0.15    -0.21 2.7031e+00   0.038   0.025
15.82010  -2.931  -2.110     0.15    -0.21 2.7032e+00   0.038   0.025
15.84010  -2.928  -2.114     0.15    -0.21 2.7033e+00   0.038   0.025
15.86010  -2.925  -2.119     0.15    -0.21 2.7034e+00   0.038   0.025
15.88010  -2.922  -2.123     0.15    -0.21 2.7035e+00   0.038   0.025
15.90010  -2.919  -2.127     0.16    -0.21 2.7036e+00   0.038   0.025
15.92010  -2.916  -2.131     0.16    -0.21 2.7037e+00   0.037   0.025
15.94010  -2.912  -2.135     0.16    -0.21 2.7038e+00   0.037   0.025
15.96010  -2.909  -2.139     0.16    -0.21 2.7039e+00   0.037   0.025
15.98010  -2.906  -2.144     0.16    -0.21 2.7040e+00   0.037   0.025
16.00010  -2.903  -2.148     0.16    -0.21 2.7041e+00   0.037   0.025
16.02010  -2.900  -2.152     0.16    -0.21 2.7042e+00   0.037   0.025
16.04010  -2.897  -2.156     0.16    -0.21 2.7043e+00   0.037   0.025
16.06010  -2.893  -2.160     0.16    -0.20 2.7044e+00   0.037   0.025
16.08010  -2.890  -2.164     0.16    -0.20 2.7045e+00   0.037   0.025
16.10010  -2.887  -2.168     0.16    -0.20 2.7045e+00   0.037   0.025
16.12010  -2.884  -2.172     0.16    -0.20 2.7046e+00   0.037   0.025
16.14010  -2.880  -2.176     0.16    -0.20 2.7047e+00   0.037   0.025
16.16010  -2.877  -2.180     0.17    -0.20 2.7048e+00   0.037   0.025
16.18010  -2.874  -2.184     0.17    -0.20 2.7049e+00   0.037   0.025
16.20010  -2.870  -2.188     0.17    -0.20 2.7050e+00   0.037   0.025
16.22010  -2.867  -2.192     0.17    -0.20 2.7051e+00   0.037   0.025
16.24010  -2.864  -2.196     0.17    -0.20 2.7052e+00   0.037   0.025
16.26010  -2.860  -2.200     0.17    -0.20 2.7053e+00   0.037   0.025
16.28010  -2.857  -2.204     0.17    -0.20 2.7054e+00   0.037   0.025
16.30010  -2.854  -2.208     0.17    -0.20 2.7055e+00   0.037   0.026
16.32010  -2.850  -2.212     0.17    -0.20 2.7056e+00   0.037   0.026
16.34010  -2.847  -2.216     0.17    -0.20 2.7057e+00   0.037   0.026
16.36010  -2.843  -2.220     0.17    -0.20 2.7057e+00   0.037   0.026
16.38010  -2.840  -2.224     0.17    -0.20 2.7058e+00   0.037   0.026
16.40010  -2.836  -2.228     0.17    -0.20 2.7059e+00   0.036   0.026
16.42010  -2.833  -2.232     0.17    -0.20 2.7060e+00   0.036   0.026
16.44010  -2.829  -2.236     0.18    -0.20 2.7061e+00   0.036   0.026
16.46010  -2.826  -2.240     0.18    -0.19 2.7062e+00   0.036   0.026
16.48010  -2.822  -2.244     0.18    -0.19 2.7063e+00   0.036   0.026
16.50010  -2.819  -2.248     0.18    -0.19 2.7064e+00   0.036   0.026
16.52010  -2.815  -2.252     0.18    -0.19 2.7065e+00   0.036   0.026
16.54010  -2.812  -2.255     0.18    -0.19 2.7065e+00   0.036   0.026
16.56010  -2.808  -2.259     0.18    -0.19 2.7066e+00   0.036   0.026
16.58010  -2.804  -2.263     0.18    -0.19 2.7067e+00   0.036   0.026
16.60010  -2.801  -2.267     0.18    -0.19 2.7068e+00   0.036   0.026
16.62010  -2.797  -2.271     0.18    -0.19 2.7069e+00   0.036   0.026
16.64010  -2.793  -2.274     0.18    -0.19 2.7070e+00   0.036   0.026
16.66010  -2.790  -2.278     0.18    -0.19 2.7071e+00   0.036   0.026
16.68010  -2.786  -2.282     0.18    -0.19 2.7071e+00   0.036   0.026
16.70010  -2.782  -2.286     0.18    -0.19 2.7072e+00   0.036   0.026
16.72010  -2.779  -2.290     0.19    -0.19 2.7073e+00   0.036   0.026
16.74010  -2.775  -2.293     0.19    -0.19 2.7074e+00   0.036   0.026
16.76010  -2.771  -2.297     0.19    -0.19 2.7075e+00   0.036   0.026
16.78010  -2.768  -2.301     0.19    -0.19 2.7076e+00   0.036   0.026
16.80010  -2.764  -2.305     0.19    -0.19 2.7077e+00   0.036   0.026
16.82010  -2.760  -2.308     0.19    -0.19 2.7077e+00   0.036   0.026
16.84010  -2.756  -2.312     0.19    -0.18 2.7078e+00   0.036   0.026
16.86010  -2.752  -2.316     0.19    -0.18 2.7079e+00   0.036   0.027
16.88010  -2.749  -2.319     0.19    -0.18 2.7080e+00   0.036   0.027
16.90010  -2.745  -2.323     0.19    -0.18 2.7081e+00   0.036   0.027
16.92010  -2.741  -2.327     0.19    -0.18 2.7082e+00   0.036   0.027
16.94010  -2.737  -2.330     0.19    -0.18 2.7082e+00   0.035   0.027
16.96010  -2.733  -2.334     0.19    -0.18 2.7083e+00   0.035   0.027
16.98010  -2.729  -2.338     0.19    -0.18 2.7084e+00   0.035   0.027
17.00010  -2.725  -2.341     0.20    -0.18 2.7085e+00   0.035   0.027
17.02010  -2.721  -2.345     0.20    -0.18 2.7086e+00   0.035   0.027
17.04010  -2.717  -2.348     0.20    -0.18 2.7086e+00   0.035   0.027
17.06010  -2.714  -2.352     0.20    -0.18 2.7087e+00   0.035   0.027
17.08010  -2.710  -2.355     0.20    -0.18 2.7088e+00   0.035   0.027
17.10010  -2.706  -2.359     0.20    -0.18 2.7089e+00   0.035   0.027
17.12010  -2.702  -2.363     0.20    -0.18 2.7090e+00   0.035   0.027
17.14010  -2.698  -2.366     0.20    -0.18 2.7090e+00   0.035   0.027
17.16010  -2.694  -2.370     0.20    -0.18 2.7091e+00   0.035   0.027
17.18010  -2.690  -2.373     0.20    -0.18 2.7092e+00   0.035   0.027
17.20010  -2.685  -2.377     0.20    -0.17 2.7093e+00   0.035   0.027
17.22010  -2.681  -2.380     0.20    -0.17 2.7094e+00   0.035   0.027
17.24010  -2.677  -2.384     0.20    -0.17 2.7094e+00   0.035   0.027
17.26010  -2.673  -2.387     0.20    -0.17 2.7095e+00   0.035   0.027
17.28010  -2.669  -2.391     0.21    -0.17 2.7096e+00   0.035   0.027
17.30010  -2.665  -2.394     0.21    -0.17 2.7097e+00   0.035   0.027
17.32010  -2.661  -2.397     0.21    -0.17 2.7097e+00   0.035   0.027
17.34010  -2.657  -2.401     0.21    -0.17 2.7098e+00   0.035   0.027
17.36010  -2.653  -2.404     0.21    -0.17 2.7099e+00   0.035   0.027
17.38010  -2.648  -2.408     0.21    -0.17 2.7100e+00   0.035   0.027
17.40010  -2.644  -2.411     0.21    -0.17 2.7101e+00   0.035   0.028
17.42010  -2.640  -2.415     0.21    -0.17 2.7101e+00   0.035   0.028
17.44010  -2.636  -2.418     0.21    -0.17 2.7102e+00   0.035   0.028
17.46010  -2.632  -2.421     0.21    -0.17 2.7103e+00   0.035   0.028
17.48010  -2.627  -2.425     0.21    -0.17 2.7104e+00   0.035   0.028
17.50010  -2.623  -2.428     0.21    -0.17 2.7104e+00   0.035   0.028
17.52010  -2.619  -2.431     0.21    -0.17 2.7105e+00   0.035   0.028
17.54010  -2.615  -2.435     0.21    -0.17 2.7106e+00   0.034   0.028
17.56010  -2.610  -2.438     0.22    -0.17 2.7107e+00   0.034   0.028
17.58010  -2.606  -2.441     0.22    -0.16 2.7107e+00   0.034   0.028
17.60010  -2.602  -2.444     0.22    -0.16 2.7108e+00   0.034   0.028
17.62010  -2.597  -2.448     0.22    -0.16 2.7109e+00   0.034   0.028
17.64010  -2.593  -2.451     0.22    -0.16 2.7110e+00   0.034   0.028
17.66010  -2.589  -2.454     0.22    -0.16 2.7110e+00   0.034   0.028
17.68010  -2.584  -2.457     0.22    -0.16 2.7111e+00   0.034   0.028
17.70010  -2.580  -2.461     0.22    -0.16 2.7112e+00   0.034   0.028
17.72010  -2.575  -2.464     0.22    -0.16 2.7113e+00   0.034   0.028
17.74010  -2.571  -2.467     0.22    -0.16 2.7113e+00   0.034   0.028
17.76010  -2.567  -2.470     0.22    -0.16 2.7114e+00   0.034   0.028
17.78010  -2.562  -2.474     0.22    -0.16 2.7115e+00   0.034   0.028
17.80010  -2.558  -2.477     0.22    -0.16 2.7115e+00   0.034   0.028
17.82010  -2.553  -2.480     0.22    -0.16 2.7116e+00   0.034   0.028
17.84010  -2.549  -2.483     0.22    -0.16 2.7117e+00   0.034   0.028
17.86010  -2.544  -2.486     0.23    -0.16 2.7118e+00   0.034   0.028
17.88010  -2.540  -2.489     0.23    -0.16 2.7118e+00   0.034   0.029
17.90010  -2.535  -2.492     0.23    -0.16 2.7119e+00   0.034   0.029
17.92010  -2.531  -2.495     0.23    -0.15 2.7120e+00   0.034   0.029
17.94010  -2.526  -2.499     0.23    -0.15 2.7120e+00   0.034   0.029
17.96010  -2.521  -2.502     0.23    -0.15 2.7121e+00   0.034   0.029
17.98010  -2.517  -2.505     0.23    -0.15 2.7122e+00   0.034   0.029
18.00010  -2.512  -2.508     0.23    -0.15 2.7123e+00   0.034   0.029
18.02010  -2.508  -2.511     0.23    -0.15 2.7123e+00   0.034   0.029
18.04010  -2.503  -2.514     0.23    -0.15 2.7124e+00   0.034   0.029
18.06010  -2.498  -2.517     0.23    -0.15 2.7125e+00   0.034   0.029
18.08010  -2.494  -2.520     0.23    -0.15 2.7125e+00   0.034   0.029
18.10010  -2.489  -2.523     0.23    -0.15 2.7126e+00   0.034   0.029
18.12010  -2.484  -2.526     0.23    -0.15 2.7127e+00   0.034   0.029
18.14010  -2.480  -2.529     0.23    -0.15 2.7127e+00   0.034   0.029
18.16010  -2.475  -2.532     0.24    -0.15 2.7128e+00   0.034   0.029
18.18010  -2.470  -2.535     0.24    -0.15 2.7129e+00   0.034   0.029
18.20010  -2.466  -2.538     0.24    -0.15 2.7129e+00   0.034   0.029
18.22010  -2.461  -2.541     0.24    -0.15 2.7130e+00   0.034   0.029
18.24010  -2.456  -2.544     0.24    -0.15 2.7131e+00   0.033   0.029
18.26010  -2.451  -2.547     0.24    -0.15 2.7131e+00   0.033   0.029
18.28010  -2.446  -2.549     0.24    -0.14 2.7132e+00   0.033   0.029
18.30010  -2.442  -2.552     0.24    -0.14 2.7133e+00   0.033   0.029
18.32010  -2.437  -2.555     0.24    -0.14 2.7133e+00   0.033   0.029
18.34010  -2.432  -2.558     0.24    -0.14 2.7134e+00   0.033   0.029
18.36010  -2.427  -2.561     0.24    -0.14 2.7135e+00   0.033   0.030
18.38010  -2.422  -2.564     0.24    -0.14 2.7135e+00   0.033   0.030
18.40010  -2.417  -2.567     0.24    -0.14 2.7136e+00   0.033   0.030
18.42010  -2.413  -2.569     0.24    -0.14 2.7137e+00   0.033   0.030
18.44010  -2.408  -2.572     0.24    -0.14 2.7137e+00   0.033   0.030
18.46010  -2.403  -2.575     0.25    -0.14 2.7138e+00   0.033   0.030
18.48010  -2.398  -2.578     0.25    -0.14 2.7139e+00   0.033   0.030
18.50010  -2.393  -2.580     0.25    -0.14 2.7139e+00   0.033   0.030
18.52010  -2.388  -2.583     0.25    -0.14 2.7140e+00   0.033   0.030
18.54010  -2.383  -2.586     0.25    -0.14 2.7141e+00   0.033   0.030
18.56010  -2.378  -2.589     0.25    -0.14 2.7141e+00   0.033   0.030
18.58010  -2.373  -2.591     0.25    -0.14 2.7142e+00   0.033   0.030
18.60010  -2.368  -2.594     0.25    -0.13 2.7143e+00   0.033   0.030
18.62010  -2.363  -2.597     0.25    -0.13 2.7143e+00   0.033   0.030
18.64010  -2.358  -2.599     0.25    -0.13 2.7144e+00   0.033   0.030
18.66010  -2.353  -2.602     0.25    -0.13 2.7145e+00   0.033   0.030
18.68010  -2.348  -2.605     0.25    -0.13 2.7145e+00   0.033   0.030
18.70010  -2.343  -2.607     0.25    -0.13 2.7146e+00   0.033   0.030
18.72010  -2.338  -2.610     0.25    -0.13 2.7146e+00   0.033   0.030
18.74010  -2.333  -2.613     0.25    -0.13 2.7147e+00   0.033   0.030
18.76010  -2.328  -2.615     0.26    -0.13 2.7148e+00   0.033   0.030
18.78010  -2.323  -2.618     0.26    -0.13 2.7148e+00   0.033   0.031
18.80010  -2.317  -2.621     0.26    -0.13 2.7149e+00   0.033   0.031
18.82010  -2.312  -2.623     0.26    -0.13 2.7150e+00   0.033   0.031
18.84010  -2.307  -2.626     0.26    -0.13 2.7150e+00   0.033   0.031
18.86010  -2.302  -2.628     0.26    -0.13 2.7151e+00   0.033   0.031
18.88010  -2.297  -2.631     0.26    -0.13 2.7152e+00   0.033   0.031
18.90010  -2.292  -2.633     0.26    -0.13 2.7152e+00   0.033   0.031
18.92010  -2.286  -2.636     0.26    -0.13 2.7153e+00   0.033   0.031
18.94010  -2.281  -2.638     0.26    -0.12 2.7153e+00   0.033   0.031
18.96010  -2.276  -2.641     0.26    -0.12 2.7154e+00   0.033   0.031
18.98010  -2.271  -2.643     0.26    -0.12 2.7155e+00   0.033   0.031
19.00010  -2.265  -2.646     0.26    -0.12 2.7155e+00   0.033   0.031
19.02010  -2.260  -2.648     0.26    -0.12 2.7156e+00   0.032   0.031
19.04010  -2.255  -2.651     0.26    -0.12 2.7156e+00   0.032   0.031
19.06010  -2.250  -2.653     0.27    -0.12 2.7157e+00   0.032   0.031
19.08010  -2.244  -2.655     0.27    -0.12 2.7158e+00   0.032   0.031
19.10010  -2.239  -2.658     0.27    -0.12 2.7158e+00   0.032   0.031
19.12010  -2.234  -2.660     0.27    -0.12 2.7159e+00   0.032   0.031
19.14010  -2.228  -2.663     0.27    -0.12 2.7159e+00   0.032   0.031
19.16010  -2.223  -2.665     0.27    -0.12 2.7160e+00   0.032   0.031
19.18010  -2.217  -2.667     0.27    -0.12 2.7161e+00   0.032   0.031
19.20010  -2.212  -2.670     0.27    -0.12 2.7161e+00   0.032   0.032
19.22010  -2.207  -2.672     0.27    -0.12 2.7162e+00   0.032   0.032
19.24010  -2.201  -2.674     0.27    -0.12 2.7162e+00   0.032   0.032
19.26010  -2.196  -2.677     0.27    -0.11 2.7163e+00   0.032   0.032
19.28010  -2.190  -2.679     0.27    -0.11 2.7164e+00   0.032   0.032
19.30010  -2.185  -2.681     0.27    -0.11 2.7164e+00   0.032   0.032
19.32010  -2.179  -2.683     0.27    -0.11 2.7165e+00   0.032   0.032
19.34010  -2.174  -2.686     0.27    -0.11 2.7165e+00   0.032   0.032
19.36010  -2.168  -2.688     0.27    -0.11 2.7166e+00   0.032   0.032
19.38010  -2.163  -2.690     0.28    -0.11 2.7166e+00   0.032   0.032
19.40010  -2.157  -2.692     0.28    -0.11 2.7167e+00   0.032   0.032
19.42010  -2.152  -2.694     0.28    -0.11 2.7168e+00   0.032   0.032
19.44010  -2.146  -2.697     0.28    -0.11 2.7168e+00   0.032   0.032
19.46010  -2.141  -2.699     0.28    -0.11 2.7169e+00   0.032   0.032
19.48010  -2.135  -2.701     0.28    -0.11 2.7169e+00   0.032   0.032
19.50010  -2.130  -2.703     0.28    -0.11 2.7170e+00   0.032   0.032
19.52010  -2.124  -2.705     0.28    -0.11 2.7171e+00   0.032   0.032
19.54010  -2.118  -2.707     0.28    -0.11 2.7171e+00   0.032   0.032
19.56010  -2.113  -2.709     0.28    -0.10 2.7172e+00   0.032   0.032
19.58010  -2.107  -2.712     0.28    -0.10 2.7172e+00   0.032   0.033
19.60010  -2.102  -2.714     0.28    -0.10 2.7173e+00   0.032   0.033
19.62010  -2.096  -2.716     0.28    -0.10 2.7173e+00   0.032   0.033
19.64010  -2.090  -2.718     0.28    -0.10 2.7174e+00   0.032   0.033
19.66010  -2.085  -2.720     0.28    -0.10 2.7174e+00   0.032   0.033
19.68010  -2.079  -2.722     0.29    -0.10 2.7175e+00   0.032   0.033
19.70010  -2.073  -2.724     0.29    -0.10 2.7176e+00   0.032   0.033
19.72010  -2.067  -2.726     0.29    -0.10 2.7176e+00   0.032   0.033
19.74010  -2.062  -2.728     0.29    -0.10 2.7177e+00   0.032   0.033
19.76010  -2.056  -2.730     0.29    -0.10 2.7177e+00   0.032   0.033
19.78010  -2.050  -2.732     0.29    -0.10 2.7178e+00   0.032   0.033
19.80010  -2.044  -2.734     0.29    -0.10 2.7178e+00   0.032   0.033
19.82010  -2.039  -2.736     0.29    -0.10 2.7179e+00   0.032   0.033
19.84010  -2.033  -2.738     0.29    -0.10 2.7179e+00   0.032   0.033
19.86010  -2.027  -2.740     0.29    -0.10 2.7180e+00   0.032   0.033
19.88010  -2.021  -2.741     0.29    -0.09 2.7181e+00   0.032   0.033
19.90010  -2.015  -2.743     0.29    -0.09 2.7181e+00   0.032   0.033
19.92010  -2.009  -2.745     0.29    -0.09 2.7182e+00   0.032   0.034
19.94010  -2.004  -2.747     0.29    -0.09 2.7182e+00   0.032   0.034
19.96010  -1.998  -2.749     0.29    -0.09 2.7183e+00   0.031   0.034
19.98010  -1.992  -2.751     0.29    -0.09 2.7183e+00   0.031   0.034
20.00010  -1.986  -2.752     0.30    -0.09 2.7184e+00   0.031   0.034
