 0.02010   1.041   0.030    -0.90     1.41 -2.8667e-04 -52.711 -15.176
 0.04000   1.009   0.051    -2.77    -0.05 1.3409e-03 -198.858 -337.535
 0.06000   1.031   0.021     2.11    -0.37 4.2268e-01 -25.495  40.726
 0.08000   1.069   0.019     1.79     0.02 4.1065e-01 -10.043   9.800
 0.10000   1.103   0.021     1.64     0.15 4.0880e-01  -5.812   4.503
 0.12000   1.135   0.025     1.54     0.22 4.0911e-01  -3.995   2.629
 0.14000   1.165   0.030     1.47     0.26 4.1016e-01  -3.020   1.739
 0.16010   1.194   0.035     1.42     0.29 4.1151e-01  -2.420   1.240
 0.18010   1.222   0.041     1.38     0.32 4.1294e-01  -2.021   0.932
 0.20010   1.249   0.048     1.34     0.33 4.1436e-01  -1.737   0.726
 0.22010   1.276   0.055     1.31     0.35 4.1573e-01  -1.526   0.581
 0.24010   1.302   0.062     1.28     0.36 4.1703e-01  -1.362   0.475
 0.26010   1.327   0.069     1.25     0.36 4.1822e-01  -1.232   0.394
 0.28010   1.352   0.076     1.23     0.37 4.1931e-01  -1.125   0.331
 0.30010   1.376   0.084     1.21     0.38 4.2029e-01  -1.037   0.281
 0.32010   1.400   0.091     1.19     0.38 4.2116e-01  -0.962   0.240
 0.34010   1.424   0.099     1.17     0.39 4.2192e-01  -0.898   0.207
 0.36010   1.447   0.107     1.15     0.39 4.2258e-01  -0.843   0.179
 0.38010   1.470   0.115     1.13     0.39 4.2313e-01  -0.794   0.155
 0.40010   1.492   0.122     1.12     0.40 4.2359e-01  -0.751   0.135
 0.42010   1.514   0.130     1.10     0.40 4.2396e-01  -0.712   0.118
 0.44010   1.536   0.138     1.09     0.40 4.2425e-01  -0.678   0.103
 0.46010   1.558   0.147     1.08     0.40 4.2446e-01  -0.646   0.090
 0.48010   1.579   0.155     1.06     0.41 4.2460e-01  -0.618   0.078
 0.50010   1.600   0.163     1.05     0.41 4.2467e-01  -0.592   0.068
 0.52010   1.621   0.171     1.04     0.41 4.2468e-01  -0.568   0.059
 0.54010   1.642   0.179     1.03     0.41 4.2465e-01  -0.547   0.051
 0.56010   1.662   0.187     1.02     0.41 4.2457e-01  -0.526   0.044
 0.58010   1.683   0.196     1.01     0.41 4.2445e-01  -0.507   0.038
 0.60010   1.703   0.204     1.00     0.41 4.2429e-01  -0.490   0.032
 0.62010   1.723   0.212     0.99     0.41 4.2411e-01  -0.474   0.026
 0.64010   1.742   0.220     0.98     0.41 4.2391e-01  -0.458   0.022
 0.66010   1.762   0.229     0.97     0.41 4.2368e-01  -0.444   0.017
 0.68010   1.781   0.237     0.96     0.41 4.2345e-01  -0.431   0.013
 0.70010   1.800   0.245     0.95     0.41 4.2321e-01  -0.418   0.010
 0.72010   1.819   0.253     0.94     0.41 4.2297e-01  -0.406   0.006
 0.74010   1.838   0.262     0.94     0.41 4.2273e-01  -0.395   0.003
 0.76010   1.857   0.270     0.93     0.41 4.2249e-01  -0.384   0.000
 0.78010   1.875   0.278     0.92     0.41 4.2227e-01  -0.374  -0.002
 0.80010   1.894   0.287     0.91     0.41 4.2205e-01  -0.364  -0.005
 0.82010   1.912   0.295     0.91     0.41 4.2186e-01  -0.355  -0.007
 0.84010   1.930   0.303     0.90     0.41 4.2168e-01  -0.346  -0.009
 0.86010   1.948   0.311     0.89     0.41 4.2153e-01  -0.338  -0.011
 0.88010   1.965   0.320     0.89     0.41 4.2141e-01  -0.330  -0.012
 0.90010   1.983   0.328     0.88     0.41 4.2131e-01  -0.322  -0.014
 0.92010   2.001   0.336     0.87     0.41 4.2125e-01  -0.315  -0.016
 0.94010   2.018   0.344     0.87     0.41 4.2122e-01  -0.308  -0.017
 0.96010   2.035   0.353     0.86     0.41 4.2123e-01  -0.301  -0.018
 0.98010   2.052   0.361     0.85     0.41 4.2127e-01  -0.295  -0.020
 1.00010   2.070   0.369     0.85     0.41 4.2136e-01  -0.289  -0.021
 1.02010   2.086   0.377     0.84     0.41 4.2149e-01  -0.283  -0.022
 1.04010   2.103   0.386     0.84     0.41 4.2166e-01  -0.277  -0.023
 1.06010   2.120   0.394     0.83     0.41 4.2188e-01  -0.272  -0.024
 1.08010   2.137   0.402     0.83     0.41 4.2215e-01  -0.266  -0.024
 1.10010   2.153   0.410     0.82     0.41 4.2247e-01  -0.261  -0.025
 1.12010   2.169   0.418     0.82     0.41 4.2285e-01  -0.256  -0.026
 1.14010   2.186   0.427     0.81     0.41 4.2327e-01  -0.251  -0.027
 1.16010   2.202   0.435     0.81     0.41 4.2375e-01  -0.247  -0.027
 1.18010   2.218   0.443     0.80     0.41 4.2428e-01  -0.242  -0.028
 1.20010   2.234   0.451     0.80     0.41 4.2488e-01  -0.238  -0.028
 1.22010   2.250   0.459     0.79     0.41 4.2553e-01  -0.234  -0.029
 1.24010   2.266   0.467     0.79     0.41 4.2624e-01  -0.230  -0.029
 1.26010   2.281   0.475     0.78     0.40 4.2701e-01  -0.226  -0.030
 1.28010   2.297   0.483     0.78     0.40 4.2784e-01  -0.222  -0.030
 1.30010   2.312   0.492     0.77     0.40 4.2874e-01  -0.219  -0.031
 1.32010   2.328   0.500     0.77     0.40 4.2969e-01  -0.215  -0.031
 1.34010   2.343   0.508     0.77     0.40 4.3072e-01  -0.212  -0.031
 1.36010   2.358   0.516     0.76     0.40 4.3181e-01  -0.208  -0.032
 1.38010   2.374   0.524     0.76     0.40 4.3297e-01  -0.205  -0.032
 1.40010   2.389   0.532     0.75     0.40 4.3419e-01  -0.202  -0.032
 1.42010   2.404   0.540     0.75     0.40 4.3549e-01  -0.199  -0.033
 1.44010   2.419   0.548     0.74     0.40 4.3685e-01  -0.196  -0.033
 1.46010   2.433   0.556     0.74     0.40 4.3829e-01  -0.193  -0.033
 1.48010   2.448   0.564     0.74     0.40 4.3979e-01  -0.190  -0.033
 1.50010   2.463   0.572     0.73     0.40 4.4137e-01  -0.187  -0.033
 1.52010   2.478   0.580     0.73     0.40 4.4302e-01  -0.185  -0.034
 1.54010   2.492   0.588     0.73     0.40 4.4475e-01  -0.182  -0.034
 1.56010   2.507   0.595     0.72     0.40 4.4655e-01  -0.179  -0.034
 1.58010   2.521   0.603     0.72     0.39 4.4843e-01  -0.177  -0.034
 1.60010   2.535   0.611     0.72     0.39 4.5039e-01  -0.175  -0.034
 1.62010   2.550   0.619     0.71     0.39 4.5242e-01  -0.172  -0.034
 1.64010   2.564   0.627     0.71     0.39 4.5453e-01  -0.170  -0.034
 1.66010   2.578   0.635     0.70     0.39 4.5672e-01  -0.168  -0.034
 1.68010   2.592   0.643     0.70     0.39 4.5900e-01  -0.165  -0.035
 1.70010   2.606   0.650     0.70     0.39 4.6135e-01  -0.163  -0.035
 1.72010   2.620   0.658     0.70     0.39 4.6379e-01  -0.161  -0.035
 1.74010   2.634   0.666     0.69     0.39 4.6630e-01  -0.159  -0.035
 1.76010   2.648   0.674     0.69     0.39 4.6891e-01  -0.157  -0.035
 1.78010   2.661   0.682     0.69     0.39 4.7159e-01  -0.155  -0.035
 1.80010   2.675   0.689     0.68     0.39 4.7437e-01  -0.153  -0.035
 1.82010   2.689   0.697     0.68     0.39 4.7723e-01  -0.151  -0.035
 1.84010   2.702   0.705     0.68     0.39 4.8018e-01  -0.150  -0.035
 1.86010   2.716   0.712     0.67     0.38 4.8321e-01  -0.148  -0.035
 1.88010   2.729   0.720     0.67     0.38 4.8634e-01  -0.146  -0.035
 1.90010   2.743   0.728     0.67     0.38 4.8955e-01  -0.144  -0.035
 1.92010   2.756   0.735     0.66     0.38 4.9286e-01  -0.143  -0.035
 1.94010   2.769   0.743     0.66     0.38 4.9626e-01  -0.141  -0.035
 1.96010   2.782   0.751     0.66     0.38 4.9975e-01  -0.140  -0.035
 1.98010   2.796   0.758     0.66     0.38 5.0334e-01  -0.138  -0.035
 2.00010   2.809   0.766     0.65     0.38 5.0702e-01  -0.136  -0.035
 2.02010   2.822   0.774     0.65     0.38 5.1079e-01  -0.135  -0.035
 2.04010   2.835   0.781     0.65     0.38 5.1467e-01  -0.133  -0.035
 2.06010   2.848   0.789     0.65     0.38 5.1864e-01  -0.132  -0.035
 2.08010   2.860   0.796     0.64     0.38 5.2271e-01  -0.131  -0.035
 2.10000   2.873   0.804     0.64     0.38 5.2685e-01  -0.129  -0.035
 2.12000   2.886   0.811     0.64     0.38 5.3112e-01  -0.128  -0.035
 2.14000   2.899   0.819     0.64     0.38 5.3549e-01  -0.127  -0.035
 2.16000   2.911   0.826     0.63     0.37 5.3996e-01  -0.125  -0.034
 2.18000   2.924   0.834     0.63     0.37 5.4453e-01  -0.124  -0.034
 2.20000   2.937   0.841     0.63     0.37 5.4920e-01  -0.123  -0.034
 2.22000   2.949   0.849     0.63     0.37 5.5398e-01  -0.121  -0.034
 2.24000   2.962   0.856     0.62     0.37 5.5887e-01  -0.120  -0.034
 2.26000   2.974   0.864     0.62     0.37 5.6386e-01  -0.119  -0.034
 2.28000   2.986   0.871     0.62     0.37 5.6896e-01  -0.118  -0.034
 2.30000   2.999   0.878     0.62     0.37 5.7416e-01  -0.117  -0.034
 2.32000   3.011   0.886     0.61     0.37 5.7947e-01  -0.116  -0.034
 2.34000   3.023   0.893     0.61     0.37 5.8489e-01  -0.114  -0.034
 2.36000   3.036   0.900     0.61     0.37 5.9042e-01  -0.113  -0.034
 2.38000   3.048   0.908     0.61     0.37 5.9606e-01  -0.112  -0.034
 2.40000   3.060   0.915     0.60     0.37 6.0181e-01  -0.111  -0.034
 2.42000   3.072   0.922     0.60     0.37 6.0767e-01  -0.110  -0.034
 2.44000   3.084   0.930     0.60     0.36 6.1364e-01  -0.109  -0.034
 2.46000   3.096   0.937     0.60     0.36 6.1972e-01  -0.108  -0.033
 2.48000   3.108   0.944     0.60     0.36 6.2591e-01  -0.107  -0.033
 2.50000   3.120   0.952     0.59     0.36 6.3222e-01  -0.106  -0.033
 2.52000   3.132   0.959     0.59     0.36 6.3864e-01  -0.105  -0.033
 2.54000   3.143   0.966     0.59     0.36 6.4517e-01  -0.104  -0.033
 2.56000   3.155   0.973     0.59     0.36 6.5181e-01  -0.103  -0.033
 2.58000   3.167   0.981     0.59     0.36 6.5857e-01  -0.103  -0.033
 2.60000   3.179   0.988     0.58     0.36 6.6544e-01  -0.102  -0.033
 2.62000   3.190   0.995     0.58     0.36 6.7242e-01  -0.101  -0.033
 2.64000   3.202   1.002     0.58     0.36 6.7951e-01  -0.100  -0.033
 2.66000   3.213   1.009     0.58     0.36 6.8672e-01  -0.099  -0.033
 2.68000   3.225   1.016     0.58     0.36 6.9404e-01  -0.098  -0.033
 2.70000   3.236   1.023     0.57     0.36 7.0147e-01  -0.097  -0.032
 2.72000   3.248   1.031     0.57     0.36 7.0901e-01  -0.097  -0.032
 2.74000   3.259   1.038     0.57     0.35 7.1666e-01  -0.096  -0.032
 2.76000   3.271   1.045     0.57     0.35 7.2442e-01  -0.095  -0.032
 2.78000   3.282   1.052     0.57     0.35 7.3229e-01  -0.094  -0.032
 2.80000   3.293   1.059     0.56     0.35 7.4027e-01  -0.094  -0.032
 2.82000   3.304   1.066     0.56     0.35 7.4835e-01  -0.093  -0.032
 2.84000   3.316   1.073     0.56     0.35 7.5655e-01  -0.092  -0.032
 2.86000   3.327   1.080     0.56     0.35 7.6484e-01  -0.091  -0.032
 2.88000   3.338   1.087     0.56     0.35 7.7324e-01  -0.091  -0.032
 2.90000   3.349   1.094     0.55     0.35 7.8174e-01  -0.090  -0.032
 2.92000   3.360   1.101     0.55     0.35 7.9034e-01  -0.089  -0.031
 2.94000   3.371   1.108     0.55     0.35 7.9905e-01  -0.089  -0.031
 2.96000   3.382   1.115     0.55     0.35 8.0784e-01  -0.088  -0.031
 2.98000   3.393   1.122     0.55     0.35 8.1674e-01  -0.087  -0.031
 3.00000   3.404   1.129     0.55     0.35 8.2572e-01  -0.087  -0.031
 3.02000   3.415   1.136     0.54     0.35 8.3480e-01  -0.086  -0.031
 3.04000   3.426   1.143     0.54     0.35 8.4397e-01  -0.085  -0.031
 3.06000   3.437   1.150     0.54     0.34 8.5322e-01  -0.085  -0.031
 3.08000   3.447   1.157     0.54     0.34 8.6256e-01  -0.084  -0.031
 3.10000   3.458   1.163     0.54     0.34 8.7198e-01  -0.083  -0.031
 3.12000   3.469   1.170     0.54     0.34 8.8148e-01  -0.083  -0.031
 3.14000   3.480   1.177     0.53     0.34 8.9105e-01  -0.082  -0.030
 3.16000   3.490   1.184     0.53     0.34 9.0070e-01  -0.082  -0.030
 3.18000   3.501   1.191     0.53     0.34 9.1042e-01  -0.081  -0.030
 3.20000   3.512   1.198     0.53     0.34 9.2020e-01  -0.080  -0.030
 3.22000   3.522   1.204     0.53     0.34 9.3005e-01  -0.080  -0.030
 3.24000   3.533   1.211     0.53     0.34 9.3996e-01  -0.079  -0.030
 3.26000   3.543   1.218     0.52     0.34 9.4992e-01  -0.079  -0.030
 3.28000   3.554   1.225     0.52     0.34 9.5994e-01  -0.078  -0.030
 3.30000   3.564   1.232     0.52     0.34 9.7001e-01  -0.078  -0.030
 3.32000   3.574   1.238     0.52     0.34 9.8013e-01  -0.077  -0.030
 3.34000   3.585   1.245     0.52     0.34 9.9028e-01  -0.077  -0.029
 3.36000   3.595   1.252     0.52     0.34 1.0005e+00  -0.076  -0.029
 3.38000   3.605   1.259     0.51     0.34 1.0107e+00  -0.076  -0.029
 3.40000   3.616   1.265     0.51     0.33 1.0210e+00  -0.075  -0.029
 3.42000   3.626   1.272     0.51     0.33 1.0313e+00  -0.075  -0.029
 3.44000   3.636   1.279     0.51     0.33 1.0416e+00  -0.074  -0.029
 3.46000   3.646   1.285     0.51     0.33 1.0519e+00  -0.074  -0.029
 3.48000   3.657   1.292     0.51     0.33 1.0623e+00  -0.073  -0.029
 3.50000   3.667   1.299     0.51     0.33 1.0726e+00  -0.073  -0.029
 3.52000   3.677   1.305     0.50     0.33 1.0830e+00  -0.072  -0.029
 3.54000   3.687   1.312     0.50     0.33 1.0934e+00  -0.072  -0.029
 3.56000   3.697   1.318     0.50     0.33 1.1037e+00  -0.071  -0.028
 3.58000   3.707   1.325     0.50     0.33 1.1141e+00  -0.071  -0.028
 3.60000   3.717   1.332     0.50     0.33 1.1245e+00  -0.071  -0.028
 3.62000   3.727   1.338     0.50     0.33 1.1348e+00  -0.070  -0.028
 3.64000   3.737   1.345     0.50     0.33 1.1451e+00  -0.070  -0.028
 3.66000   3.747   1.351     0.49     0.33 1.1554e+00  -0.069  -0.028
 3.68000   3.757   1.358     0.49     0.33 1.1657e+00  -0.069  -0.028
 3.70000   3.766   1.364     0.49     0.33 1.1760e+00  -0.068  -0.028
 3.72000   3.776   1.371     0.49     0.33 1.1862e+00  -0.068  -0.028
 3.74000   3.786   1.377     0.49     0.33 1.1964e+00  -0.068  -0.028
 3.76000   3.796   1.384     0.49     0.32 1.2065e+00  -0.067  -0.028
 3.78000   3.806   1.390     0.49     0.32 1.2166e+00  -0.067  -0.027
 3.80000   3.815   1.397     0.49     0.32 1.2267e+00  -0.066  -0.027
 3.82000   3.825   1.403     0.48     0.32 1.2367e+00  -0.066  -0.027
 3.84000   3.835   1.410     0.48     0.32 1.2467e+00  -0.066  -0.027
 3.86000   3.844   1.416     0.48     0.32 1.2566e+00  -0.065  -0.027
 3.88000   3.854   1.423     0.48     0.32 1.2664e+00  -0.065  -0.027
 3.90000   3.863   1.429     0.48     0.32 1.2762e+00  -0.064  -0.027
 3.92000   3.873   1.435     0.48     0.32 1.2859e+00  -0.064  -0.027
 3.94000   3.883   1.442     0.48     0.32 1.2956e+00  -0.064  -0.027
 3.96000   3.892   1.448     0.47     0.32 1.3052e+00  -0.063  -0.027
 3.98000   3.902   1.455     0.47     0.32 1.3147e+00  -0.063  -0.027
 4.00000   3.911   1.461     0.47     0.32 1.3241e+00  -0.063  -0.027
 4.02000   3.920   1.467     0.47     0.32 1.3335e+00  -0.062  -0.026
 4.04000   3.930   1.474     0.47     0.32 1.3428e+00  -0.062  -0.026
 4.06000   3.939   1.480     0.47     0.32 1.3520e+00  -0.062  -0.026
 4.08000   3.949   1.486     0.47     0.32 1.3611e+00  -0.061  -0.026
 4.10000   3.958   1.493     0.47     0.32 1.3701e+00  -0.061  -0.026
 4.12000   3.967   1.499     0.46     0.31 1.3791e+00  -0.061  -0.026
 4.14000   3.977   1.505     0.46     0.31 1.3880e+00  -0.060  -0.026
 4.16000   3.986   1.511     0.46     0.31 1.3968e+00  -0.060  -0.026
 4.18000   3.995   1.518     0.46     0.31 1.4055e+00  -0.060  -0.026
 4.20000   4.004   1.524     0.46     0.31 1.4141e+00  -0.059  -0.026
 4.22000   4.013   1.530     0.46     0.31 1.4226e+00  -0.059  -0.026
 4.24000   4.023   1.536     0.46     0.31 1.4310e+00  -0.059  -0.026
 4.26000   4.032   1.543     0.46     0.31 1.4393e+00  -0.058  -0.025
 4.28000   4.041   1.549     0.46     0.31 1.4476e+00  -0.058  -0.025
 4.30000   4.050   1.555     0.45     0.31 1.4557e+00  -0.058  -0.025
 4.32000   4.059   1.561     0.45     0.31 1.4638e+00  -0.058  -0.025
 4.34000   4.068   1.568     0.45     0.31 1.4717e+00  -0.057  -0.025
 4.36000   4.077   1.574     0.45     0.31 1.4796e+00  -0.057  -0.025
 4.38000   4.086   1.580     0.45     0.31 1.4874e+00  -0.057  -0.025
 4.40000   4.095   1.586     0.45     0.31 1.4950e+00  -0.056  -0.025
 4.42000   4.104   1.592     0.45     0.31 1.5026e+00  -0.056  -0.025
 4.44000   4.113   1.598     0.45     0.31 1.5101e+00  -0.056  -0.025
 4.46000   4.122   1.604     0.45     0.31 1.5175e+00  -0.056  -0.025
 4.48000   4.131   1.611     0.44     0.31 1.5248e+00  -0.055  -0.025
 4.50000   4.140   1.617     0.44     0.31 1.5320e+00  -0.055  -0.025
 4.52000   4.148   1.623     0.44     0.30 1.5391e+00  -0.055  -0.024
 4.54000   4.157   1.629     0.44     0.30 1.5461e+00  -0.055  -0.024
 4.56000   4.166   1.635     0.44     0.30 1.5530e+00  -0.054  -0.024
 4.58000   4.175   1.641     0.44     0.30 1.5598e+00  -0.054  -0.024
 4.60000   4.184   1.647     0.44     0.30 1.5666e+00  -0.054  -0.024
 4.62000   4.192   1.653     0.44     0.30 1.5732e+00  -0.054  -0.024
 4.64000   4.201   1.659     0.44     0.30 1.5798e+00  -0.053  -0.024
 4.66000   4.210   1.665     0.43     0.30 1.5862e+00  -0.053  -0.024
 4.68000   4.218   1.671     0.43     0.30 1.5926e+00  -0.053  -0.024
 4.70000   4.227   1.677     0.43     0.30 1.5989e+00  -0.053  -0.024
 4.72000   4.236   1.683     0.43     0.30 1.6050e+00  -0.052  -0.024
 4.74000   4.244   1.689     0.43     0.30 1.6112e+00  -0.052  -0.024
 4.76000   4.253   1.695     0.43     0.30 1.6172e+00  -0.052  -0.024
 4.78000   4.262   1.701     0.43     0.30 1.6231e+00  -0.052  -0.024
 4.80000   4.270   1.707     0.43     0.30 1.6289e+00  -0.051  -0.023
 4.82000   4.279   1.713     0.43     0.30 1.6347e+00  -0.051  -0.023
 4.84000   4.287   1.719     0.42     0.30 1.6404e+00  -0.051  -0.023
 4.86000   4.296   1.725     0.42     0.30 1.6460e+00  -0.051  -0.023
 4.88000   4.304   1.731     0.42     0.30 1.6515e+00  -0.050  -0.023
 4.90000   4.313   1.737     0.42     0.30 1.6569e+00  -0.050  -0.023
 4.92000   4.321   1.743     0.42     0.30 1.6623e+00  -0.050  -0.023
 4.94000   4.329   1.749     0.42     0.29 1.6676e+00  -0.050  -0.023
 4.96000   4.338   1.755     0.42     0.29 1.6728e+00  -0.050  -0.023
 4.98000   4.346   1.760     0.42     0.29 1.6779e+00  -0.049  -0.023
 5.00000   4.354   1.766     0.42     0.29 1.6829e+00  -0.049  -0.023
 5.02000   4.363   1.772     0.42     0.29 1.6879e+00  -0.049  -0.023
 5.04000   4.371   1.778     0.41     0.29 1.6928e+00  -0.049  -0.023
 5.06000   4.379   1.784     0.41     0.29 1.6977e+00  -0.048  -0.023
 5.08000   4.388   1.790     0.41     0.29 1.7024e+00  -0.048  -0.023
 5.10000   4.396   1.796     0.41     0.29 1.7071e+00  -0.048  -0.022
 5.12000   4.404   1.801     0.41     0.29 1.7117e+00  -0.048  -0.022
 5.14000   4.412   1.807     0.41     0.29 1.7163e+00  -0.048  -0.022
 5.16000   4.421   1.813     0.41     0.29 1.7208e+00  -0.047  -0.022
 5.18000   4.429   1.819     0.41     0.29 1.7252e+00  -0.047  -0.022
 5.20000   4.437   1.825     0.41     0.29 1.7295e+00  -0.047  -0.022
 5.22000   4.445   1.830     0.41     0.29 1.7338e+00  -0.047  -0.022
 5.24000   4.453   1.836     0.41     0.29 1.7380e+00  -0.047  -0.022
 5.26000   4.461   1.842     0.40     0.29 1.7422e+00  -0.047  -0.022
 5.28000   4.469   1.848     0.40     0.29 1.7463e+00  -0.046  -0.022
 5.30000   4.477   1.853     0.40     0.29 1.7504e+00  -0.046  -0.022
 5.32000   4.485   1.859     0.40     0.29 1.7543e+00  -0.046  -0.022
 5.34000   4.493   1.865     0.40     0.29 1.7583e+00  -0.046  -0.022
 5.36000   4.501   1.870     0.40     0.29 1.7621e+00  -0.046  -0.022
 5.38000   4.509   1.876     0.40     0.28 1.7659e+00  -0.045  -0.022
 5.40000   4.517   1.882     0.40     0.28 1.7697e+00  -0.045  -0.022
 5.42000   4.525   1.888     0.40     0.28 1.7734e+00  -0.045  -0.021
 5.44000   4.533   1.893     0.40     0.28 1.7771e+00  -0.045  -0.021
 5.46000   4.541   1.899     0.40     0.28 1.7807e+00  -0.045  -0.021
 5.48000   4.549   1.905     0.39     0.28 1.7842e+00  -0.045  -0.021
 5.50000   4.557   1.910     0.39     0.28 1.7877e+00  -0.044  -0.021
 5.52000   4.565   1.916     0.39     0.28 1.7911e+00  -0.044  -0.021
 5.54000   4.573   1.921     0.39     0.28 1.7945e+00  -0.044  -0.021
 5.56000   4.581   1.927     0.39     0.28 1.7979e+00  -0.044  -0.021
 5.58000   4.588   1.933     0.39     0.28 1.8012e+00  -0.044  -0.021
 5.60000   4.596   1.938     0.39     0.28 1.8044e+00  -0.044  -0.021
 5.62000   4.604   1.944     0.39     0.28 1.8076e+00  -0.043  -0.021
 5.64000   4.612   1.950     0.39     0.28 1.8108e+00  -0.043  -0.021
 5.66000   4.619   1.955     0.39     0.28 1.8139e+00  -0.043  -0.021
 5.68000   4.627   1.961     0.39     0.28 1.8170e+00  -0.043  -0.021
 5.70000   4.635   1.966     0.38     0.28 1.8200e+00  -0.043  -0.021
 5.72000   4.643   1.972     0.38     0.28 1.8230e+00  -0.043  -0.021
 5.74010   4.650   1.977     0.38     0.28 1.8259e+00  -0.042  -0.021
 5.76010   4.658   1.983     0.38     0.28 1.8288e+00  -0.042  -0.020
 5.78010   4.666   1.988     0.38     0.28 1.8317e+00  -0.042  -0.020
 5.80010   4.673   1.994     0.38     0.28 1.8345e+00  -0.042  -0.020
 5.82010   4.681   2.000     0.38     0.28 1.8373e+00  -0.042  -0.020
 5.84010   4.688   2.005     0.38     0.28 1.8400e+00  -0.042  -0.020
 5.86010   4.696   2.011     0.38     0.27 1.8427e+00  -0.041  -0.020
 5.88010   4.703   2.016     0.38     0.27 1.8454e+00  -0.041  -0.020
 5.90010   4.711   2.022     0.38     0.27 1.8480e+00  -0.041  -0.020
 5.92010   4.719   2.027     0.38     0.27 1.8506e+00  -0.041  -0.020
 5.94010   4.726   2.032     0.37     0.27 1.8532e+00  -0.041  -0.020
 5.96010   4.733   2.038     0.37     0.27 1.8557e+00  -0.041  -0.020
 5.98010   4.741   2.043     0.37     0.27 1.8582e+00  -0.041  -0.020
 6.00010   4.748   2.049     0.37     0.27 1.8607e+00  -0.040  -0.020
 6.02010   4.756   2.054     0.37     0.27 1.8631e+00  -0.040  -0.020
 6.04010   4.763   2.060     0.37     0.27 1.8655e+00  -0.040  -0.020
 6.06010   4.771   2.065     0.37     0.27 1.8679e+00  -0.040  -0.020
 6.08010   4.778   2.071     0.37     0.27 1.8702e+00  -0.040  -0.020
 6.10010   4.785   2.076     0.37     0.27 1.8725e+00  -0.040  -0.020
 6.12010   4.793   2.081     0.37     0.27 1.8748e+00  -0.040  -0.020
 6.14010   4.800   2.087     0.37     0.27 1.8770e+00  -0.039  -0.020
 6.16010   4.807   2.092     0.37     0.27 1.8792e+00  -0.039  -0.019
 6.18010   4.815   2.098     0.37     0.27 1.8814e+00  -0.039  -0.019
 6.20010   4.822   2.103     0.36     0.27 1.8836e+00  -0.039  -0.019
 6.22010   4.829   2.108     0.36     0.27 1.8857e+00  -0.039  -0.019
 6.24010   4.837   2.114     0.36     0.27 1.8878e+00  -0.039  -0.019
 6.26010   4.844   2.119     0.36     0.27 1.8899e+00  -0.039  -0.019
 6.28010   4.851   2.124     0.36     0.27 1.8919e+00  -0.039  -0.019
 6.30010   4.858   2.130     0.36     0.27 1.8939e+00  -0.038  -0.019
 6.32010   4.866   2.135     0.36     0.27 1.8959e+00  -0.038  -0.019
 6.34010   4.873   2.140     0.36     0.27 1.8979e+00  -0.038  -0.019
 6.36010   4.880   2.146     0.36     0.27 1.8998e+00  -0.038  -0.019
 6.38010   4.887   2.151     0.36     0.26 1.9018e+00  -0.038  -0.019
 6.40010   4.894   2.156     0.36     0.26 1.9037e+00  -0.038  -0.019
 6.42010   4.901   2.161     0.36     0.26 1.9055e+00  -0.038  -0.019
 6.44010   4.908   2.167     0.36     0.26 1.9074e+00  -0.038  -0.019
 6.46010   4.916   2.172     0.35     0.26 1.9092e+00  -0.037  -0.019
 6.48010   4.923   2.177     0.35     0.26 1.9110e+00  -0.037  -0.019
 6.50010   4.930   2.182     0.35     0.26 1.9128e+00  -0.037  -0.019
 6.52010   4.937   2.188     0.35     0.26 1.9146e+00  -0.037  -0.019
 6.54010   4.944   2.193     0.35     0.26 1.9163e+00  -0.037  -0.019
 6.56010   4.951   2.198     0.35     0.26 1.9180e+00  -0.037  -0.019
 6.58010   4.958   2.203     0.35     0.26 1.9197e+00  -0.037  -0.019
 6.60010   4.965   2.209     0.35     0.26 1.9214e+00  -0.037  -0.018
 6.62010   4.972   2.214     0.35     0.26 1.9231e+00  -0.037  -0.018
 6.64010   4.979   2.219     0.35     0.26 1.9247e+00  -0.036  -0.018
 6.66010   4.986   2.224     0.35     0.26 1.9263e+00  -0.036  -0.018
 6.68010   4.993   2.229     0.35     0.26 1.9279e+00  -0.036  -0.018
 6.70010   5.000   2.235     0.35     0.26 1.9295e+00  -0.036  -0.018
 6.72010   5.006   2.240     0.34     0.26 1.9311e+00  -0.036  -0.018
 6.74010   5.013   2.245     0.34     0.26 1.9326e+00  -0.036  -0.018
 6.76010   5.020   2.250     0.34     0.26 1.9341e+00  -0.036  -0.018
 6.78010   5.027   2.255     0.34     0.26 1.9356e+00  -0.036  -0.018
 6.80010   5.034   2.260     0.34     0.26 1.9371e+00  -0.036  -0.018
 6.82010   5.041   2.266     0.34     0.26 1.9386e+00  -0.035  -0.018
 6.84010   5.048   2.271     0.34     0.26 1.9401e+00  -0.035  -0.018
 6.86010   5.054   2.276     0.34     0.26 1.9415e+00  -0.035  -0.018
 6.88010   5.061   2.281     0.34     0.26 1.9429e+00  -0.035  -0.018
 6.90010   5.068   2.286     0.34     0.26 1.9444e+00  -0.035  -0.018
 6.92010   5.075   2.291     0.34     0.25 1.9457e+00  -0.035  -0.018
 6.94010   5.082   2.296     0.34     0.25 1.9471e+00  -0.035  -0.018
 6.96010   5.088   2.301     0.34     0.25 1.9485e+00  -0.035  -0.018
 6.98010   5.095   2.306     0.34     0.25 1.9498e+00  -0.035  -0.018
 7.00010   5.102   2.311     0.34     0.25 1.9512e+00  -0.034  -0.018
 7.02010   5.108   2.317     0.33     0.25 1.9525e+00  -0.034  -0.018
 7.04010   5.115   2.322     0.33     0.25 1.9538e+00  -0.034  -0.018
 7.06010   5.122   2.327     0.33     0.25 1.9551e+00  -0.034  -0.018
 7.08010   5.128   2.332     0.33     0.25 1.9564e+00  -0.034  -0.018
 7.10010   5.135   2.337     0.33     0.25 1.9576e+00  -0.034  -0.018
 7.12010   5.142   2.342     0.33     0.25 1.9589e+00  -0.034  -0.017
 7.14010   5.148   2.347     0.33     0.25 1.9601e+00  -0.034  -0.017
 7.16010   5.155   2.352     0.33     0.25 1.9613e+00  -0.034  -0.017
 7.18010   5.161   2.357     0.33     0.25 1.9625e+00  -0.034  -0.017
 7.20010   5.168   2.362     0.33     0.25 1.9637e+00  -0.034  -0.017
 7.22010   5.175   2.367     0.33     0.25 1.9649e+00  -0.033  -0.017
 7.24010   5.181   2.372     0.33     0.25 1.9661e+00  -0.033  -0.017
 7.26010   5.188   2.377     0.33     0.25 1.9672e+00  -0.033  -0.017
 7.28010   5.194   2.382     0.33     0.25 1.9684e+00  -0.033  -0.017
 7.30010   5.201   2.387     0.32     0.25 1.9695e+00  -0.033  -0.017
 7.32010   5.207   2.392     0.32     0.25 1.9706e+00  -0.033  -0.017
 7.34010   5.214   2.397     0.32     0.25 1.9718e+00  -0.033  -0.017
 7.36010   5.220   2.402     0.32     0.25 1.9729e+00  -0.033  -0.017
 7.38010   5.227   2.406     0.32     0.25 1.9739e+00  -0.033  -0.017
 7.40010   5.233   2.411     0.32     0.25 1.9750e+00  -0.033  -0.017
 7.42010   5.239   2.416     0.32     0.25 1.9761e+00  -0.033  -0.017
 7.44010   5.246   2.421     0.32     0.25 1.9771e+00  -0.032  -0.017
 7.46010   5.252   2.426     0.32     0.25 1.9782e+00  -0.032  -0.017
 7.48010   5.259   2.431     0.32     0.25 1.9792e+00  -0.032  -0.017
 7.50010   5.265   2.436     0.32     0.24 1.9802e+00  -0.032  -0.017
 7.52010   5.271   2.441     0.32     0.24 1.9813e+00  -0.032  -0.017
 7.54010   5.278   2.446     0.32     0.24 1.9823e+00  -0.032  -0.017
 7.56010   5.284   2.451     0.32     0.24 1.9833e+00  -0.032  -0.017
 7.58010   5.290   2.455     0.32     0.24 1.9842e+00  -0.032  -0.017
 7.60010   5.297   2.460     0.32     0.24 1.9852e+00  -0.032  -0.017
 7.62010   5.303   2.465     0.31     0.24 1.9862e+00  -0.032  -0.017
 7.64010   5.309   2.470     0.31     0.24 1.9871e+00  -0.032  -0.017
 7.66010   5.316   2.475     0.31     0.24 1.9881e+00  -0.032  -0.017
 7.68010   5.322   2.480     0.31     0.24 1.9890e+00  -0.031  -0.017
 7.70010   5.328   2.485     0.31     0.24 1.9900e+00  -0.031  -0.016
 7.72010   5.334   2.489     0.31     0.24 1.9909e+00  -0.031  -0.016
 7.74010   5.341   2.494     0.31     0.24 1.9918e+00  -0.031  -0.016
 7.76010   5.347   2.499     0.31     0.24 1.9927e+00  -0.031  -0.016
 7.78010   5.353   2.504     0.31     0.24 1.9936e+00  -0.031  -0.016
 7.80010   5.359   2.509     0.31     0.24 1.9945e+00  -0.031  -0.016
 7.82010   5.365   2.513     0.31     0.24 1.9953e+00  -0.031  -0.016
 7.84010   5.371   2.518     0.31     0.24 1.9962e+00  -0.031  -0.016
 7.86010   5.378   2.523     0.31     0.24 1.9971e+00  -0.031  -0.016
 7.88010   5.384   2.528     0.31     0.24 1.9979e+00  -0.031  -0.016
 7.90010   5.390   2.533     0.31     0.24 1.9988e+00  -0.031  -0.016
 7.92010   5.396   2.537     0.31     0.24 1.9996e+00  -0.030  -0.016
 7.94010   5.402   2.542     0.30     0.24 2.0004e+00  -0.030  -0.016
 7.96010   5.408   2.547     0.30     0.24 2.0013e+00  -0.030  -0.016
 7.98010   5.414   2.552     0.30     0.24 2.0021e+00  -0.030  -0.016
 8.00010   5.420   2.556     0.30     0.24 2.0029e+00  -0.030  -0.016
 8.02010   5.426   2.561     0.30     0.24 2.0037e+00  -0.030  -0.016
 8.04010   5.432   2.566     0.30     0.24 2.0045e+00  -0.030  -0.016
 8.06010   5.438   2.570     0.30     0.24 2.0053e+00  -0.030  -0.016
 8.08010   5.444   2.575     0.30     0.24 2.0060e+00  -0.030  -0.016
 8.10010   5.450   2.580     0.30     0.23 2.0068e+00  -0.030  -0.016
 8.12010   5.456   2.585     0.30     0.23 2.0076e+00  -0.030  -0.016
 8.14010   5.462   2.589     0.30     0.23 2.0083e+00  -0.030  -0.016
 8.16010   5.468   2.594     0.30     0.23 2.0091e+00  -0.030  -0.016
 8.18010   5.474   2.599     0.30     0.23 2.0098e+00  -0.030  -0.016
 8.20010   5.480   2.603     0.30     0.23 2.0106e+00  -0.029  -0.016
 8.22010   5.486   2.608     0.30     0.23 2.0113e+00  -0.029  -0.016
 8.24010   5.492   2.613     0.30     0.23 2.0120e+00  -0.029  -0.016
 8.26010   5.498   2.617     0.30     0.23 2.0127e+00  -0.029  -0.016
 8.28010   5.504   2.622     0.29     0.23 2.0134e+00  -0.029  -0.016
 8.30010   5.510   2.627     0.29     0.23 2.0141e+00  -0.029  -0.016
 8.32010   5.516   2.631     0.29     0.23 2.0148e+00  -0.029  -0.016
 8.34010   5.522   2.636     0.29     0.23 2.0155e+00  -0.029  -0.016
 8.36010   5.527   2.640     0.29     0.23 2.0162e+00  -0.029  -0.016
 8.38010   5.533   2.645     0.29     0.23 2.0169e+00  -0.029  -0.015
 8.40010   5.539   2.650     0.29     0.23 2.0176e+00  -0.029  -0.015
 8.42010   5.545   2.654     0.29     0.23 2.0183e+00  -0.029  -0.015
 8.44010   5.551   2.659     0.29     0.23 2.0189e+00  -0.029  -0.015
 8.46010   5.556   2.663     0.29     0.23 2.0196e+00  -0.029  -0.015
 8.48010   5.562   2.668     0.29     0.23 2.0202e+00  -0.029  -0.015
 8.50010   5.568   2.673     0.29     0.23 2.0209e+00  -0.028  -0.015
 8.52010   5.574   2.677     0.29     0.23 2.0215e+00  -0.028  -0.015
 8.54010   5.580   2.682     0.29     0.23 2.0222e+00  -0.028  -0.015
 8.56010   5.585   2.686     0.29     0.23 2.0228e+00  -0.028  -0.015
 8.58010   5.591   2.691     0.29     0.23 2.0234e+00  -0.028  -0.015
 8.60010   5.597   2.695     0.29     0.23 2.0241e+00  -0.028  -0.015
 8.62010   5.602   2.700     0.28     0.23 2.0247e+00  -0.028  -0.015
 8.64010   5.608   2.704     0.28     0.23 2.0253e+00  -0.028  -0.015
 8.66010   5.614   2.709     0.28     0.23 2.0259e+00  -0.028  -0.015
 8.68010   5.619   2.714     0.28     0.23 2.0265e+00  -0.028  -0.015
 8.70010   5.625   2.718     0.28     0.23 2.0271e+00  -0.028  -0.015
 8.72010   5.631   2.723     0.28     0.23 2.0277e+00  -0.028  -0.015
 8.74010   5.636   2.727     0.28     0.23 2.0283e+00  -0.028  -0.015
 8.76010   5.642   2.732     0.28     0.22 2.0289e+00  -0.028  -0.015
 8.78010   5.648   2.736     0.28     0.22 2.0294e+00  -0.028  -0.015
 8.80010   5.653   2.741     0.28     0.22 2.0300e+00  -0.028  -0.015
 8.82010   5.659   2.745     0.28     0.22 2.0306e+00  -0.027  -0.015
 8.84010   5.664   2.750     0.28     0.22 2.0312e+00  -0.027  -0.015
 8.86010   5.670   2.754     0.28     0.22 2.0317e+00  -0.027  -0.015
 8.88010   5.676   2.758     0.28     0.22 2.0323e+00  -0.027  -0.015
 8.90010   5.681   2.763     0.28     0.22 2.0328e+00  -0.027  -0.015
 8.92010   5.687   2.767     0.28     0.22 2.0334e+00  -0.027  -0.015
 8.94010   5.692   2.772     0.28     0.22 2.0339e+00  -0.027  -0.015
 8.96010   5.698   2.776     0.28     0.22 2.0345e+00  -0.027  -0.015
 8.98010   5.703   2.781     0.27     0.22 2.0350e+00  -0.027  -0.015
 9.00010   5.709   2.785     0.27     0.22 2.0355e+00  -0.027  -0.015
 9.02010   5.714   2.790     0.27     0.22 2.0361e+00  -0.027  -0.015
 9.04010   5.720   2.794     0.27     0.22 2.0366e+00  -0.027  -0.015
 9.06010   5.725   2.798     0.27     0.22 2.0371e+00  -0.027  -0.015
 9.08010   5.731   2.803     0.27     0.22 2.0376e+00  -0.027  -0.015
 9.10010   5.736   2.807     0.27     0.22 2.0381e+00  -0.027  -0.015
 9.12010   5.741   2.812     0.27     0.22 2.0386e+00  -0.027  -0.015
 9.14010   5.747   2.816     0.27     0.22 2.0391e+00  -0.027  -0.015
 9.16010   5.752   2.820     0.27     0.22 2.0396e+00  -0.026  -0.015
 9.18010   5.758   2.825     0.27     0.22 2.0401e+00  -0.026  -0.015
 9.20010   5.763   2.829     0.27     0.22 2.0406e+00  -0.026  -0.015
 9.22010   5.768   2.833     0.27     0.22 2.0411e+00  -0.026  -0.014
 9.24010   5.774   2.838     0.27     0.22 2.0416e+00  -0.026  -0.014
 9.26010   5.779   2.842     0.27     0.22 2.0421e+00  -0.026  -0.014
 9.28010   5.784   2.846     0.27     0.22 2.0426e+00  -0.026  -0.014
 9.30010   5.790   2.851     0.27     0.22 2.0430e+00  -0.026  -0.014
 9.32010   5.795   2.855     0.27     0.22 2.0435e+00  -0.026  -0.014
 9.34010   5.800   2.859     0.27     0.22 2.0440e+00  -0.026  -0.014
 9.36010   5.806   2.864     0.26     0.22 2.0444e+00  -0.026  -0.014
 9.38010   5.811   2.868     0.26     0.22 2.0449e+00  -0.026  -0.014
 9.40010   5.816   2.872     0.26     0.22 2.0454e+00  -0.026  -0.014
 9.42010   5.822   2.877     0.26     0.22 2.0458e+00  -0.026  -0.014
 9.44010   5.827   2.881     0.26     0.21 2.0463e+00  -0.026  -0.014
 9.46010   5.832   2.885     0.26     0.21 2.0467e+00  -0.026  -0.014
 9.48010   5.837   2.890     0.26     0.21 2.0472e+00  -0.026  -0.014
 9.50010   5.843   2.894     0.26     0.21 2.0476e+00  -0.026  -0.014
 9.52010   5.848   2.898     0.26     0.21 2.0481e+00  -0.026  -0.014
 9.54010   5.853   2.902     0.26     0.21 2.0485e+00  -0.026  -0.014
 9.56010   5.858   2.907     0.26     0.21 2.0489e+00  -0.025  -0.014
 9.58010   5.863   2.911     0.26     0.21 2.0494e+00  -0.025  -0.014
 9.60010   5.869   2.915     0.26     0.21 2.0498e+00  -0.025  -0.014
 9.62010   5.874   2.919     0.26     0.21 2.0502e+00  -0.025  -0.014
 9.64010   5.879   2.924     0.26     0.21 2.0506e+00  -0.025  -0.014
 9.66010   5.884   2.928     0.26     0.21 2.0510e+00  -0.025  -0.014
 9.68010   5.889   2.932     0.26     0.21 2.0515e+00  -0.025  -0.014
 9.70010   5.894   2.936     0.26     0.21 2.0519e+00  -0.025  -0.014
 9.72010   5.899   2.941     0.26     0.21 2.0523e+00  -0.025  -0.014
 9.74010   5.904   2.945     0.26     0.21 2.0527e+00  -0.025  -0.014
 9.76010   5.910   2.949     0.25     0.21 2.0531e+00  -0.025  -0.014
 9.78010   5.915   2.953     0.25     0.21 2.0535e+00  -0.025  -0.014
 9.80010   5.920   2.957     0.25     0.21 2.0539e+00  -0.025  -0.014
 9.82010   5.925   2.962     0.25     0.21 2.0543e+00  -0.025  -0.014
 9.84010   5.930   2.966     0.25     0.21 2.0547e+00  -0.025  -0.014
 9.86010   5.935   2.970     0.25     0.21 2.0551e+00  -0.025  -0.014
 9.88010   5.940   2.974     0.25     0.21 2.0555e+00  -0.025  -0.014
 9.90010   5.945   2.978     0.25     0.21 2.0559e+00  -0.025  -0.014
 9.92010   5.950   2.983     0.25     0.21 2.0562e+00  -0.025  -0.014
 9.94010   5.955   2.987     0.25     0.21 2.0566e+00  -0.025  -0.014
 9.96010   5.960   2.991     0.25     0.21 2.0570e+00  -0.025  -0.014
 9.98010   5.965   2.995     0.25     0.21 2.0574e+00  -0.024  -0.014
10.00010   5.970   2.999     0.25     0.21 2.0577e+00  -0.024  -0.014
10.02010   5.975   3.003     0.25     0.21 2.0581e+00  -0.024  -0.014
10.04010   5.980   3.007     0.25     0.21 2.0585e+00  -0.024  -0.014
10.06010   5.985   3.012     0.25     0.21 2.0589e+00  -0.024  -0.014
10.08010   5.990   3.016     0.25     0.21 2.0592e+00  -0.024  -0.014
10.10010   5.995   3.020     0.25     0.21 2.0596e+00  -0.024  -0.014
10.12010   6.000   3.024     0.25     0.21 2.0599e+00  -0.024  -0.014
10.14010   6.005   3.028     0.25     0.21 2.0603e+00  -0.024  -0.014
10.16010   6.009   3.032     0.24     0.20 2.0607e+00  -0.024  -0.014
10.18010   6.014   3.036     0.24     0.20 2.0610e+00  -0.024  -0.014
10.20010   6.019   3.040     0.24     0.20 2.0614e+00  -0.024  -0.014
10.22010   6.024   3.044     0.24     0.20 2.0617e+00  -0.024  -0.014
10.24010   6.029   3.048     0.24     0.20 2.0620e+00  -0.024  -0.013
10.26010   6.034   3.053     0.24     0.20 2.0624e+00  -0.024  -0.013
10.28010   6.039   3.057     0.24     0.20 2.0627e+00  -0.024  -0.013
10.30010   6.044   3.061     0.24     0.20 2.0631e+00  -0.024  -0.013
10.32010   6.048   3.065     0.24     0.20 2.0634e+00  -0.024  -0.013
10.34010   6.053   3.069     0.24     0.20 2.0637e+00  -0.024  -0.013
10.36010   6.058   3.073     0.24     0.20 2.0641e+00  -0.024  -0.013
10.38010   6.063   3.077     0.24     0.20 2.0644e+00  -0.024  -0.013
10.40010   6.068   3.081     0.24     0.20 2.0647e+00  -0.024  -0.013
10.42010   6.072   3.085     0.24     0.20 2.0651e+00  -0.024  -0.013
10.44010   6.077   3.089     0.24     0.20 2.0654e+00  -0.024  -0.013
10.46010   6.082   3.093     0.24     0.20 2.0657e+00  -0.023  -0.013
10.48010   6.087   3.097     0.24     0.20 2.0660e+00  -0.023  -0.013
10.50010   6.091   3.101     0.24     0.20 2.0664e+00  -0.023  -0.013
10.52010   6.096   3.105     0.24     0.20 2.0667e+00  -0.023  -0.013
10.54010   6.101   3.109     0.24     0.20 2.0670e+00  -0.023  -0.013
10.56010   6.106   3.113     0.24     0.20 2.0673e+00  -0.023  -0.013
10.58010   6.110   3.117     0.23     0.20 2.0676e+00  -0.023  -0.013
10.60010   6.115   3.121     0.23     0.20 2.0679e+00  -0.023  -0.013
10.62010   6.120   3.125     0.23     0.20 2.0682e+00  -0.023  -0.013
10.64010   6.124   3.129     0.23     0.20 2.0685e+00  -0.023  -0.013
10.66010   6.129   3.133     0.23     0.20 2.0688e+00  -0.023  -0.013
10.68010   6.134   3.137     0.23     0.20 2.0691e+00  -0.023  -0.013
10.70010   6.138   3.141     0.23     0.20 2.0694e+00  -0.023  -0.013
10.72010   6.143   3.145     0.23     0.20 2.0697e+00  -0.023  -0.013
10.74010   6.148   3.149     0.23     0.20 2.0700e+00  -0.023  -0.013
10.76010   6.152   3.153     0.23     0.20 2.0703e+00  -0.023  -0.013
10.78010   6.157   3.157     0.23     0.20 2.0706e+00  -0.023  -0.013
10.80010   6.161   3.160     0.23     0.20 2.0709e+00  -0.023  -0.013
10.82010   6.166   3.164     0.23     0.20 2.0712e+00  -0.023  -0.013
10.84010   6.171   3.168     0.23     0.20 2.0715e+00  -0.023  -0.013
10.86010   6.175   3.172     0.23     0.20 2.0718e+00  -0.023  -0.013
10.88010   6.180   3.176     0.23     0.20 2.0721e+00  -0.023  -0.013
10.90010   6.184   3.180     0.23     0.20 2.0724e+00  -0.023  -0.013
10.92010   6.189   3.184     0.23     0.19 2.0726e+00  -0.023  -0.013
10.94010   6.193   3.188     0.23     0.19 2.0729e+00  -0.023  -0.013
10.96010   6.198   3.192     0.23     0.19 2.0732e+00  -0.023  -0.013
10.98010   6.202   3.196     0.23     0.19 2.0735e+00  -0.023  -0.013
11.00010   6.207   3.199     0.23     0.19 2.0738e+00  -0.022  -0.013
11.02010   6.211   3.203     0.22     0.19 2.0740e+00  -0.022  -0.013
11.04010   6.216   3.207     0.22     0.19 2.0743e+00  -0.022  -0.013
11.06010   6.220   3.211     0.22     0.19 2.0746e+00  -0.022  -0.013
11.08010   6.225   3.215     0.22     0.19 2.0748e+00  -0.022  -0.013
11.10010   6.229   3.219     0.22     0.19 2.0751e+00  -0.022  -0.013
11.12010   6.234   3.223     0.22     0.19 2.0754e+00  -0.022  -0.013
11.14010   6.238   3.226     0.22     0.19 2.0756e+00  -0.022  -0.013
11.16010   6.243   3.230     0.22     0.19 2.0759e+00  -0.022  -0.013
11.18010   6.247   3.234     0.22     0.19 2.0762e+00  -0.022  -0.013
11.20010   6.251   3.238     0.22     0.19 2.0764e+00  -0.022  -0.013
11.22010   6.256   3.242     0.22     0.19 2.0767e+00  -0.022  -0.013
11.24010   6.260   3.246     0.22     0.19 2.0769e+00  -0.022  -0.013
11.26010   6.265   3.249     0.22     0.19 2.0772e+00  -0.022  -0.013
11.28010   6.269   3.253     0.22     0.19 2.0775e+00  -0.022  -0.013
11.30010   6.273   3.257     0.22     0.19 2.0777e+00  -0.022  -0.013
11.32010   6.278   3.261     0.22     0.19 2.0780e+00  -0.022  -0.013
11.34010   6.282   3.265     0.22     0.19 2.0782e+00  -0.022  -0.013
11.36010   6.287   3.268     0.22     0.19 2.0785e+00  -0.022  -0.013
11.38010   6.291   3.272     0.22     0.19 2.0787e+00  -0.022  -0.013
11.40010   6.295   3.276     0.22     0.19 2.0790e+00  -0.022  -0.013
11.42010   6.300   3.280     0.22     0.19 2.0792e+00  -0.022  -0.013
11.44010   6.304   3.283     0.22     0.19 2.0794e+00  -0.022  -0.013
11.46010   6.308   3.287     0.22     0.19 2.0797e+00  -0.022  -0.013
11.48010   6.312   3.291     0.21     0.19 2.0799e+00  -0.022  -0.013
11.50010   6.317   3.295     0.21     0.19 2.0802e+00  -0.022  -0.013
11.52010   6.321   3.298     0.21     0.19 2.0804e+00  -0.022  -0.013
11.54010   6.325   3.302     0.21     0.19 2.0806e+00  -0.022  -0.013
11.56010   6.330   3.306     0.21     0.19 2.0809e+00  -0.022  -0.012
11.58010   6.334   3.310     0.21     0.19 2.0811e+00  -0.022  -0.012
11.60010   6.338   3.313     0.21     0.19 2.0814e+00  -0.021  -0.012
11.62010   6.342   3.317     0.21     0.19 2.0816e+00  -0.021  -0.012
11.64010   6.347   3.321     0.21     0.19 2.0818e+00  -0.021  -0.012
11.66010   6.351   3.325     0.21     0.19 2.0820e+00  -0.021  -0.012
11.68010   6.355   3.328     0.21     0.19 2.0823e+00  -0.021  -0.012
11.70010   6.359   3.332     0.21     0.18 2.0825e+00  -0.021  -0.012
11.72010   6.363   3.336     0.21     0.18 2.0827e+00  -0.021  -0.012
11.74010   6.368   3.339     0.21     0.18 2.0830e+00  -0.021  -0.012
11.76010   6.372   3.343     0.21     0.18 2.0832e+00  -0.021  -0.012
11.78010   6.376   3.347     0.21     0.18 2.0834e+00  -0.021  -0.012
11.80010   6.380   3.350     0.21     0.18 2.0836e+00  -0.021  -0.012
11.82010   6.384   3.354     0.21     0.18 2.0838e+00  -0.021  -0.012
11.84010   6.388   3.358     0.21     0.18 2.0841e+00  -0.021  -0.012
11.86010   6.393   3.361     0.21     0.18 2.0843e+00  -0.021  -0.012
11.88010   6.397   3.365     0.21     0.18 2.0845e+00  -0.021  -0.012
11.90010   6.401   3.369     0.21     0.18 2.0847e+00  -0.021  -0.012
11.92010   6.405   3.372     0.21     0.18 2.0849e+00  -0.021  -0.012
11.94010   6.409   3.376     0.20     0.18 2.0852e+00  -0.021  -0.012
11.96010   6.413   3.380     0.20     0.18 2.0854e+00  -0.021  -0.012
11.98010   6.417   3.383     0.20     0.18 2.0856e+00  -0.021  -0.012
12.00010   6.421   3.387     0.20     0.18 2.0858e+00  -0.021  -0.012
12.02010   6.425   3.391     0.20     0.18 2.0860e+00  -0.021  -0.012
12.04010   6.429   3.394     0.20     0.18 2.0862e+00  -0.021  -0.012
12.06010   6.433   3.398     0.20     0.18 2.0864e+00  -0.021  -0.012
12.08010   6.437   3.401     0.20     0.18 2.0866e+00  -0.021  -0.012
12.10010   6.441   3.405     0.20     0.18 2.0868e+00  -0.021  -0.012
12.12010   6.446   3.409     0.20     0.18 2.0870e+00  -0.021  -0.012
12.14010   6.450   3.412     0.20     0.18 2.0872e+00  -0.021  -0.012
12.16010   6.454   3.416     0.20     0.18 2.0874e+00  -0.021  -0.012
12.18010   6.458   3.419     0.20     0.18 2.0876e+00  -0.021  -0.012
12.20010   6.462   3.423     0.20     0.18 2.0878e+00  -0.021  -0.012
12.22010   6.466   3.426     0.20     0.18 2.0880e+00  -0.021  -0.012
12.24010   6.470   3.430     0.20     0.18 2.0882e+00  -0.021  -0.012
12.26010   6.473   3.434     0.20     0.18 2.0884e+00  -0.021  -0.012
12.28010   6.477   3.437     0.20     0.18 2.0886e+00  -0.020  -0.012
12.30010   6.481   3.441     0.20     0.18 2.0888e+00  -0.020  -0.012
12.32010   6.485   3.444     0.20     0.18 2.0890e+00  -0.020  -0.012
12.34010   6.489   3.448     0.20     0.18 2.0892e+00  -0.020  -0.012
12.36010   6.493   3.451     0.20     0.18 2.0894e+00  -0.020  -0.012
12.38010   6.497   3.455     0.20     0.18 2.0896e+00  -0.020  -0.012
12.40010   6.501   3.458     0.20     0.18 2.0898e+00  -0.020  -0.012
12.42010   6.505   3.462     0.20     0.18 2.0900e+00  -0.020  -0.012
12.44010   6.509   3.465     0.19     0.18 2.0902e+00  -0.020  -0.012
12.46010   6.513   3.469     0.19     0.18 2.0904e+00  -0.020  -0.012
12.48010   6.517   3.472     0.19     0.18 2.0906e+00  -0.020  -0.012
12.50010   6.520   3.476     0.19     0.18 2.0907e+00  -0.020  -0.012
12.52010   6.524   3.479     0.19     0.17 2.0909e+00  -0.020  -0.012
12.54010   6.528   3.483     0.19     0.17 2.0911e+00  -0.020  -0.012
12.56010   6.532   3.486     0.19     0.17 2.0913e+00  -0.020  -0.012
12.58010   6.536   3.490     0.19     0.17 2.0915e+00  -0.020  -0.012
12.60010   6.540   3.493     0.19     0.17 2.0917e+00  -0.020  -0.012
12.62010   6.544   3.497     0.19     0.17 2.0918e+00  -0.020  -0.012
12.64010   6.547   3.500     0.19     0.17 2.0920e+00  -0.020  -0.012
12.66010   6.551   3.504     0.19     0.17 2.0922e+00  -0.020  -0.012
12.68010   6.555   3.507     0.19     0.17 2.0924e+00  -0.020  -0.012
12.70010   6.559   3.511     0.19     0.17 2.0926e+00  -0.020  -0.012
12.72010   6.563   3.514     0.19     0.17 2.0927e+00  -0.020  -0.012
12.74010   6.566   3.518     0.19     0.17 2.0929e+00  -0.020  -0.012
12.76010   6.570   3.521     0.19     0.17 2.0931e+00  -0.020  -0.012
12.78010   6.574   3.525     0.19     0.17 2.0933e+00  -0.020  -0.012
12.80010   6.578   3.528     0.19     0.17 2.0934e+00  -0.020  -0.012
12.82010   6.581   3.531     0.19     0.17 2.0936e+00  -0.020  -0.012
12.84010   6.585   3.535     0.19     0.17 2.0938e+00  -0.020  -0.012
12.86010   6.589   3.538     0.19     0.17 2.0940e+00  -0.020  -0.012
12.88010   6.593   3.542     0.19     0.17 2.0941e+00  -0.020  -0.012
12.90010   6.596   3.545     0.19     0.17 2.0943e+00  -0.020  -0.012
12.92010   6.600   3.549     0.19     0.17 2.0945e+00  -0.020  -0.012
12.94010   6.604   3.552     0.18     0.17 2.0946e+00  -0.020  -0.012
12.96010   6.607   3.555     0.18     0.17 2.0948e+00  -0.020  -0.012
12.98010   6.611   3.559     0.18     0.17 2.0950e+00  -0.020  -0.012
13.00010   6.615   3.562     0.18     0.17 2.0951e+00  -0.020  -0.012
13.02010   6.618   3.565     0.18     0.17 2.0953e+00  -0.020  -0.012
13.04010   6.622   3.569     0.18     0.17 2.0955e+00  -0.020  -0.012
13.06010   6.626   3.572     0.18     0.17 2.0956e+00  -0.020  -0.012
13.08010   6.629   3.576     0.18     0.17 2.0958e+00  -0.020  -0.012
13.10010   6.633   3.579     0.18     0.17 2.0960e+00  -0.019  -0.012
13.12010   6.637   3.582     0.18     0.17 2.0961e+00  -0.019  -0.012
13.14010   6.640   3.586     0.18     0.17 2.0963e+00  -0.019  -0.012
13.16010   6.644   3.589     0.18     0.17 2.0965e+00  -0.019  -0.012
13.18010   6.647   3.592     0.18     0.17 2.0966e+00  -0.019  -0.012
13.20010   6.651   3.596     0.18     0.17 2.0968e+00  -0.019  -0.012
13.22010   6.655   3.599     0.18     0.17 2.0969e+00  -0.019  -0.012
13.24010   6.658   3.602     0.18     0.17 2.0971e+00  -0.019  -0.012
13.26010   6.662   3.606     0.18     0.17 2.0972e+00  -0.019  -0.012
13.28010   6.665   3.609     0.18     0.17 2.0974e+00  -0.019  -0.012
13.30010   6.669   3.612     0.18     0.17 2.0976e+00  -0.019  -0.012
13.32010   6.672   3.616     0.18     0.17 2.0977e+00  -0.019  -0.012
13.34010   6.676   3.619     0.18     0.17 2.0979e+00  -0.019  -0.012
13.36010   6.679   3.622     0.18     0.17 2.0980e+00  -0.019  -0.012
13.38010   6.683   3.626     0.18     0.16 2.0982e+00  -0.019  -0.012
13.40010   6.686   3.629     0.18     0.16 2.0983e+00  -0.019  -0.012
13.42010   6.690   3.632     0.18     0.16 2.0985e+00  -0.019  -0.012
13.44010   6.694   3.635     0.17     0.16 2.0986e+00  -0.019  -0.011
13.46010   6.697   3.639     0.17     0.16 2.0988e+00  -0.019  -0.011
13.48010   6.700   3.642     0.17     0.16 2.0989e+00  -0.019  -0.011
13.50010   6.704   3.645     0.17     0.16 2.0991e+00  -0.019  -0.011
13.52010   6.707   3.649     0.17     0.16 2.0992e+00  -0.019  -0.011
13.54010   6.711   3.652     0.17     0.16 2.0994e+00  -0.019  -0.011
13.56010   6.714   3.655     0.17     0.16 2.0995e+00  -0.019  -0.011
13.58010   6.718   3.658     0.17     0.16 2.0997e+00  -0.019  -0.011
13.60010   6.721   3.662     0.17     0.16 2.0998e+00  -0.019  -0.011
13.62010   6.725   3.665     0.17     0.16 2.1000e+00  -0.019  -0.011
13.64010   6.728   3.668     0.17     0.16 2.1001e+00  -0.019  -0.011
13.66010   6.732   3.671     0.17     0.16 2.1003e+00  -0.019  -0.011
13.68010   6.735   3.675     0.17     0.16 2.1004e+00  -0.019  -0.011
13.70010   6.738   3.678     0.17     0.16 2.1005e+00  -0.019  -0.011
13.72010   6.742   3.681     0.17     0.16 2.1007e+00  -0.019  -0.011
13.74010   6.745   3.684     0.17     0.16 2.1008e+00  -0.019  -0.011
13.76010   6.749   3.687     0.17     0.16 2.1010e+00  -0.019  -0.011
13.78010   6.752   3.691     0.17     0.16 2.1011e+00  -0.019  -0.011
13.80010   6.755   3.694     0.17     0.16 2.1013e+00  -0.019  -0.011
13.82010   6.759   3.697     0.17     0.16 2.1014e+00  -0.019  -0.011
13.84010   6.762   3.700     0.17     0.16 2.1015e+00  -0.019  -0.011
13.86010   6.765   3.703     0.17     0.16 2.1017e+00  -0.019  -0.011
13.88010   6.769   3.707     0.17     0.16 2.1018e+00  -0.019  -0.011
13.90010   6.772   3.710     0.17     0.16 2.1019e+00  -0.019  -0.011
13.92010   6.775   3.713     0.17     0.16 2.1021e+00  -0.019  -0.011
13.94010   6.779   3.716     0.17     0.16 2.1022e+00  -0.019  -0.011
13.96010   6.782   3.719     0.17     0.16 2.1024e+00  -0.019  -0.011
13.98010   6.785   3.722     0.16     0.16 2.1025e+00  -0.019  -0.011
14.00010   6.789   3.726     0.16     0.16 2.1026e+00  -0.019  -0.011
14.02010   6.792   3.729     0.16     0.16 2.1028e+00  -0.019  -0.011
14.04010   6.795   3.732     0.16     0.16 2.1029e+00  -0.019  -0.011
14.06010   6.798   3.735     0.16     0.16 2.1030e+00  -0.019  -0.011
14.08010   6.802   3.738     0.16     0.16 2.1032e+00  -0.018  -0.011
14.10010   6.805   3.741     0.16     0.16 2.1033e+00  -0.018  -0.011
14.12010   6.808   3.744     0.16     0.16 2.1034e+00  -0.018  -0.011
14.14010   6.811   3.748     0.16     0.16 2.1036e+00  -0.018  -0.011
14.16010   6.815   3.751     0.16     0.16 2.1037e+00  -0.018  -0.011
14.18010   6.818   3.754     0.16     0.16 2.1038e+00  -0.018  -0.011
14.20010   6.821   3.757     0.16     0.16 2.1039e+00  -0.018  -0.011
14.22010   6.824   3.760     0.16     0.16 2.1041e+00  -0.018  -0.011
14.24010   6.827   3.763     0.16     0.16 2.1042e+00  -0.018  -0.011
14.26010   6.831   3.766     0.16     0.15 2.1043e+00  -0.018  -0.011
14.28010   6.834   3.769     0.16     0.15 2.1045e+00  -0.018  -0.011
14.30010   6.837   3.772     0.16     0.15 2.1046e+00  -0.018  -0.011
14.32010   6.840   3.775     0.16     0.15 2.1047e+00  -0.018  -0.011
14.34010   6.843   3.779     0.16     0.15 2.1048e+00  -0.018  -0.011
14.36010   6.846   3.782     0.16     0.15 2.1050e+00  -0.018  -0.011
14.38010   6.850   3.785     0.16     0.15 2.1051e+00  -0.018  -0.011
14.40010   6.853   3.788     0.16     0.15 2.1052e+00  -0.018  -0.011
14.42010   6.856   3.791     0.16     0.15 2.1053e+00  -0.018  -0.011
14.44010   6.859   3.794     0.16     0.15 2.1055e+00  -0.018  -0.011
14.46010   6.862   3.797     0.16     0.15 2.1056e+00  -0.018  -0.011
14.48010   6.865   3.800     0.16     0.15 2.1057e+00  -0.018  -0.011
14.50010   6.868   3.803     0.16     0.15 2.1058e+00  -0.018  -0.011
14.52010   6.871   3.806     0.15     0.15 2.1059e+00  -0.018  -0.011
14.54010   6.875   3.809     0.15     0.15 2.1061e+00  -0.018  -0.011
14.56010   6.878   3.812     0.15     0.15 2.1062e+00  -0.018  -0.011
14.58010   6.881   3.815     0.15     0.15 2.1063e+00  -0.018  -0.011
14.60010   6.884   3.818     0.15     0.15 2.1064e+00  -0.018  -0.011
14.62010   6.887   3.821     0.15     0.15 2.1065e+00  -0.018  -0.011
14.64010   6.890   3.824     0.15     0.15 2.1067e+00  -0.018  -0.011
14.66010   6.893   3.827     0.15     0.15 2.1068e+00  -0.018  -0.011
14.68010   6.896   3.830     0.15     0.15 2.1069e+00  -0.018  -0.011
14.70010   6.899   3.833     0.15     0.15 2.1070e+00  -0.018  -0.011
14.72010   6.902   3.836     0.15     0.15 2.1071e+00  -0.018  -0.011
14.74010   6.905   3.839     0.15     0.15 2.1073e+00  -0.018  -0.011
14.76010   6.908   3.842     0.15     0.15 2.1074e+00  -0.018  -0.011
14.78010   6.911   3.845     0.15     0.15 2.1075e+00  -0.018  -0.011
14.80010   6.914   3.848     0.15     0.15 2.1076e+00  -0.018  -0.011
14.82010   6.917   3.851     0.15     0.15 2.1077e+00  -0.018  -0.011
14.84010   6.920   3.854     0.15     0.15 2.1078e+00  -0.018  -0.011
14.86010   6.923   3.857     0.15     0.15 2.1079e+00  -0.018  -0.011
14.88010   6.926   3.860     0.15     0.15 2.1081e+00  -0.018  -0.011
14.90010   6.929   3.863     0.15     0.15 2.1082e+00  -0.018  -0.011
14.92010   6.932   3.866     0.15     0.15 2.1083e+00  -0.018  -0.011
14.94010   6.935   3.869     0.15     0.15 2.1084e+00  -0.018  -0.011
14.96010   6.938   3.872     0.15     0.15 2.1085e+00  -0.018  -0.011
14.98010   6.941   3.875     0.15     0.15 2.1086e+00  -0.018  -0.011
15.00010   6.944   3.878     0.15     0.15 2.1087e+00  -0.018  -0.011
15.02010   6.947   3.881     0.15     0.15 2.1088e+00  -0.018  -0.011
15.04010   6.950   3.884     0.15     0.15 2.1089e+00  -0.018  -0.011
15.06010   6.953   3.887     0.15     0.15 2.1091e+00  -0.018  -0.011
15.08010   6.955   3.890     0.14     0.15 2.1092e+00  -0.018  -0.011
15.10010   6.958   3.892     0.14     0.15 2.1093e+00  -0.018  -0.011
15.12010   6.961   3.895     0.14     0.15 2.1094e+00  -0.018  -0.011
15.14010   6.964   3.898     0.14     0.15 2.1095e+00  -0.018  -0.011
15.16010   6.967   3.901     0.14     0.14 2.1096e+00  -0.018  -0.011
15.18010   6.970   3.904     0.14     0.14 2.1097e+00  -0.018  -0.011
15.20010   6.973   3.907     0.14     0.14 2.1098e+00  -0.018  -0.011
15.22010   6.976   3.910     0.14     0.14 2.1099e+00  -0.018  -0.011
15.24010   6.978   3.913     0.14     0.14 2.1100e+00  -0.018  -0.011
15.26010   6.981   3.916     0.14     0.14 2.1101e+00  -0.018  -0.011
15.28010   6.984   3.918     0.14     0.14 2.1102e+00  -0.017  -0.011
15.30010   6.987   3.921     0.14     0.14 2.1103e+00  -0.017  -0.011
15.32010   6.990   3.924     0.14     0.14 2.1104e+00  -0.017  -0.011
15.34010   6.992   3.927     0.14     0.14 2.1106e+00  -0.017  -0.011
15.36010   6.995   3.930     0.14     0.14 2.1107e+00  -0.017  -0.011
15.38010   6.998   3.933     0.14     0.14 2.1108e+00  -0.017  -0.011
15.40010   7.001   3.936     0.14     0.14 2.1109e+00  -0.017  -0.011
15.42010   7.004   3.938     0.14     0.14 2.1110e+00  -0.017  -0.011
15.44010   7.006   3.941     0.14     0.14 2.1111e+00  -0.017  -0.011
15.46010   7.009   3.944     0.14     0.14 2.1112e+00  -0.017  -0.011
15.48010   7.012   3.947     0.14     0.14 2.1113e+00  -0.017  -0.011
15.50010   7.015   3.950     0.14     0.14 2.1114e+00  -0.017  -0.011
15.52010   7.017   3.953     0.14     0.14 2.1115e+00  -0.017  -0.011
15.54010   7.020   3.955     0.14     0.14 2.1116e+00  -0.017  -0.011
15.56010   7.023   3.958     0.14     0.14 2.1117e+00  -0.017  -0.011
15.58010   7.026   3.961     0.14     0.14 2.1118e+00  -0.017  -0.011
15.60010   7.028   3.964     0.14     0.14 2.1119e+00  -0.017  -0.011
15.62010   7.031   3.967     0.14     0.14 2.1120e+00  -0.017  -0.011
15.64010   7.034   3.969     0.14     0.14 2.1121e+00  -0.017  -0.011
15.66010   7.036   3.972     0.13     0.14 2.1122e+00  -0.017  -0.011
15.68010   7.039   3.975     0.13     0.14 2.1123e+00  -0.017  -0.011
15.70010   7.042   3.978     0.13     0.14 2.1124e+00  -0.017  -0.011
15.72010   7.045   3.981     0.13     0.14 2.1125e+00  -0.017  -0.011
15.74010   7.047   3.983     0.13     0.14 2.1126e+00  -0.017  -0.011
15.76010   7.050   3.986     0.13     0.14 2.1127e+00  -0.017  -0.011
15.78010   7.053   3.989     0.13     0.14 2.1128e+00  -0.017  -0.011
15.80010   7.055   3.992     0.13     0.14 2.1129e+00  -0.017  -0.011
15.82010   7.058   3.994     0.13     0.14 2.1130e+00  -0.017  -0.011
15.84010   7.060   3.997     0.13     0.14 2.1130e+00  -0.017  -0.011
15.86010   7.063   4.000     0.13     0.14 2.1131e+00  -0.017  -0.011
15.88010   7.066   4.003     0.13     0.14 2.1132e+00  -0.017  -0.011
15.90010   7.068   4.005     0.13     0.14 2.1133e+00  -0.017  -0.011
15.92010   7.071   4.008     0.13     0.14 2.1134e+00  -0.017  -0.011
15.94010   7.074   4.011     0.13     0.14 2.1135e+00  -0.017  -0.011
15.96010   7.076   4.014     0.13     0.14 2.1136e+00  -0.017  -0.011
15.98010   7.079   4.016     0.13     0.14 2.1137e+00  -0.017  -0.011
16.00010   7.081   4.019     0.13     0.14 2.1138e+00  -0.017  -0.011
16.02010   7.084   4.022     0.13     0.14 2.1139e+00  -0.017  -0.011
16.04010   7.086   4.025     0.13     0.14 2.1140e+00  -0.017  -0.011
16.06010   7.089   4.027     0.13     0.14 2.1141e+00  -0.017  -0.011
16.08010   7.092   4.030     0.13     0.14 2.1142e+00  -0.017  -0.011
16.10010   7.094   4.033     0.13     0.13 2.1143e+00  -0.017  -0.011
16.12010   7.097   4.035     0.13     0.13 2.1144e+00  -0.017  -0.011
16.14010   7.099   4.038     0.13     0.13 2.1144e+00  -0.017  -0.011
16.16010   7.102   4.041     0.13     0.13 2.1145e+00  -0.017  -0.011
16.18010   7.104   4.043     0.13     0.13 2.1146e+00  -0.017  -0.011
16.20010   7.107   4.046     0.13     0.13 2.1147e+00  -0.017  -0.011
16.22010   7.109   4.049     0.13     0.13 2.1148e+00  -0.017  -0.011
16.24010   7.112   4.051     0.12     0.13 2.1149e+00  -0.017  -0.011
16.26010   7.114   4.054     0.12     0.13 2.1150e+00  -0.017  -0.011
16.28010   7.117   4.057     0.12     0.13 2.1151e+00  -0.017  -0.011
16.30010   7.119   4.059     0.12     0.13 2.1152e+00  -0.017  -0.011
16.32010   7.122   4.062     0.12     0.13 2.1152e+00  -0.017  -0.011
16.34010   7.124   4.065     0.12     0.13 2.1153e+00  -0.017  -0.011
16.36010   7.127   4.067     0.12     0.13 2.1154e+00  -0.017  -0.011
16.38010   7.129   4.070     0.12     0.13 2.1155e+00  -0.017  -0.011
16.40010   7.132   4.073     0.12     0.13 2.1156e+00  -0.017  -0.011
16.42010   7.134   4.075     0.12     0.13 2.1157e+00  -0.017  -0.011
16.44010   7.136   4.078     0.12     0.13 2.1158e+00  -0.017  -0.011
16.46010   7.139   4.080     0.12     0.13 2.1159e+00  -0.017  -0.011
16.48010   7.141   4.083     0.12     0.13 2.1159e+00  -0.017  -0.011
16.50010   7.144   4.086     0.12     0.13 2.1160e+00  -0.017  -0.011
16.52010   7.146   4.088     0.12     0.13 2.1161e+00  -0.017  -0.011
16.54010   7.148   4.091     0.12     0.13 2.1162e+00  -0.017  -0.011
16.56010   7.151   4.094     0.12     0.13 2.1163e+00  -0.017  -0.011
16.58010   7.153   4.096     0.12     0.13 2.1164e+00  -0.017  -0.011
16.60010   7.156   4.099     0.12     0.13 2.1165e+00  -0.017  -0.011
16.62010   7.158   4.101     0.12     0.13 2.1165e+00  -0.017  -0.011
16.64010   7.160   4.104     0.12     0.13 2.1166e+00  -0.017  -0.011
16.66010   7.163   4.106     0.12     0.13 2.1167e+00  -0.017  -0.011
16.68010   7.165   4.109     0.12     0.13 2.1168e+00  -0.017  -0.011
16.70010   7.167   4.112     0.12     0.13 2.1169e+00  -0.017  -0.011
16.72010   7.170   4.114     0.12     0.13 2.1170e+00  -0.017  -0.011
16.74010   7.172   4.117     0.12     0.13 2.1170e+00  -0.017  -0.011
16.76010   7.174   4.119     0.12     0.13 2.1171e+00  -0.017  -0.010
16.78010   7.177   4.122     0.12     0.13 2.1172e+00  -0.017  -0.010
16.80010   7.179   4.124     0.12     0.13 2.1173e+00  -0.017  -0.010
16.82010   7.181   4.127     0.12     0.13 2.1174e+00  -0.017  -0.010
16.84010   7.184   4.130     0.11     0.13 2.1174e+00  -0.017  -0.010
16.86010   7.186   4.132     0.11     0.13 2.1175e+00  -0.016  -0.010
16.88010   7.188   4.135     0.11     0.13 2.1176e+00  -0.016  -0.010
16.90010   7.191   4.137     0.11     0.13 2.1177e+00  -0.016  -0.010
16.92010   7.193   4.140     0.11     0.13 2.1178e+00  -0.016  -0.010
16.94010   7.195   4.142     0.11     0.13 2.1178e+00  -0.016  -0.010
16.96010   7.197   4.145     0.11     0.13 2.1179e+00  -0.016  -0.010
16.98010   7.200   4.147     0.11     0.13 2.1180e+00  -0.016  -0.010
17.00010   7.202   4.150     0.11     0.13 2.1181e+00  -0.016  -0.010
17.02010   7.204   4.152     0.11     0.13 2.1182e+00  -0.016  -0.010
17.04010   7.206   4.155     0.11     0.12 2.1182e+00  -0.016  -0.010
17.06010   7.209   4.157     0.11     0.12 2.1183e+00  -0.016  -0.010
17.08010   7.211   4.160     0.11     0.12 2.1184e+00  -0.016  -0.010
17.10010   7.213   4.162     0.11     0.12 2.1185e+00  -0.016  -0.010
17.12010   7.215   4.165     0.11     0.12 2.1186e+00  -0.016  -0.010
17.14010   7.217   4.167     0.11     0.12 2.1186e+00  -0.016  -0.010
17.16010   7.220   4.170     0.11     0.12 2.1187e+00  -0.016  -0.010
17.18010   7.222   4.172     0.11     0.12 2.1188e+00  -0.016  -0.010
17.20010   7.224   4.175     0.11     0.12 2.1189e+00  -0.016  -0.010
17.22010   7.226   4.177     0.11     0.12 2.1189e+00  -0.016  -0.010
17.24010   7.228   4.180     0.11     0.12 2.1190e+00  -0.016  -0.010
17.26010   7.230   4.182     0.11     0.12 2.1191e+00  -0.016  -0.010
17.28010   7.233   4.184     0.11     0.12 2.1192e+00  -0.016  -0.010
17.30010   7.235   4.187     0.11     0.12 2.1192e+00  -0.016  -0.010
17.32010   7.237   4.189     0.11     0.12 2.1193e+00  -0.016  -0.010
17.34010   7.239   4.192     0.11     0.12 2.1194e+00  -0.016  -0.010
17.36010   7.241   4.194     0.11     0.12 2.1195e+00  -0.016  -0.010
17.38010   7.243   4.197     0.11     0.12 2.1195e+00  -0.016  -0.010
17.40010   7.245   4.199     0.11     0.12 2.1196e+00  -0.016  -0.010
17.42010   7.248   4.201     0.11     0.12 2.1197e+00  -0.016  -0.010
17.44010   7.250   4.204     0.11     0.12 2.1198e+00  -0.016  -0.010
17.46010   7.252   4.206     0.10     0.12 2.1198e+00  -0.016  -0.010
17.48010   7.254   4.209     0.10     0.12 2.1199e+00  -0.016  -0.010
17.50010   7.256   4.211     0.10     0.12 2.1200e+00  -0.016  -0.010
17.52010   7.258   4.214     0.10     0.12 2.1201e+00  -0.016  -0.010
17.54010   7.260   4.216     0.10     0.12 2.1201e+00  -0.016  -0.010
17.56010   7.262   4.218     0.10     0.12 2.1202e+00  -0.016  -0.010
17.58010   7.264   4.221     0.10     0.12 2.1203e+00  -0.016  -0.010
17.60010   7.266   4.223     0.10     0.12 2.1203e+00  -0.016  -0.010
17.62010   7.268   4.225     0.10     0.12 2.1204e+00  -0.016  -0.010
17.64010   7.270   4.228     0.10     0.12 2.1205e+00  -0.016  -0.010
17.66010   7.272   4.230     0.10     0.12 2.1206e+00  -0.016  -0.010
17.68010   7.274   4.233     0.10     0.12 2.1206e+00  -0.016  -0.010
17.70010   7.276   4.235     0.10     0.12 2.1207e+00  -0.016  -0.010
17.72010   7.278   4.237     0.10     0.12 2.1208e+00  -0.016  -0.010
17.74010   7.280   4.240     0.10     0.12 2.1208e+00  -0.016  -0.010
17.76010   7.282   4.242     0.10     0.12 2.1209e+00  -0.016  -0.010
17.78010   7.284   4.244     0.10     0.12 2.1210e+00  -0.016  -0.010
17.80010   7.286   4.247     0.10     0.12 2.1211e+00  -0.016  -0.010
17.82010   7.288   4.249     0.10     0.12 2.1211e+00  -0.016  -0.010
17.84010   7.290   4.251     0.10     0.12 2.1212e+00  -0.016  -0.010
17.86010   7.292   4.254     0.10     0.12 2.1213e+00  -0.016  -0.010
17.88010   7.294   4.256     0.10     0.12 2.1213e+00  -0.016  -0.010
17.90010   7.296   4.258     0.10     0.12 2.1214e+00  -0.016  -0.010
17.92010   7.298   4.261     0.10     0.12 2.1215e+00  -0.016  -0.010
17.94010   7.300   4.263     0.10     0.12 2.1215e+00  -0.016  -0.010
17.96010   7.302   4.265     0.10     0.12 2.1216e+00  -0.016  -0.010
17.98010   7.304   4.268     0.10     0.12 2.1217e+00  -0.016  -0.010
18.00010   7.306   4.270     0.10     0.11 2.1217e+00  -0.016  -0.010
18.02010   7.308   4.272     0.10     0.11 2.1218e+00  -0.016  -0.010
18.04010   7.310   4.274     0.10     0.11 2.1219e+00  -0.016  -0.010
18.06010   7.312   4.277     0.10     0.11 2.1219e+00  -0.016  -0.010
18.08010   7.314   4.279     0.09     0.11 2.1220e+00  -0.016  -0.010
18.10010   7.315   4.281     0.09     0.11 2.1221e+00  -0.016  -0.010
18.12010   7.317   4.284     0.09     0.11 2.1221e+00  -0.016  -0.010
18.14010   7.319   4.286     0.09     0.11 2.1222e+00  -0.016  -0.010
18.16010   7.321   4.288     0.09     0.11 2.1223e+00  -0.016  -0.010
18.18010   7.323   4.290     0.09     0.11 2.1223e+00  -0.016  -0.010
18.20010   7.325   4.293     0.09     0.11 2.1224e+00  -0.016  -0.010
18.22010   7.327   4.295     0.09     0.11 2.1225e+00  -0.016  -0.010
18.24010   7.329   4.297     0.09     0.11 2.1225e+00  -0.016  -0.010
18.26010   7.330   4.299     0.09     0.11 2.1226e+00  -0.016  -0.010
18.28010   7.332   4.302     0.09     0.11 2.1227e+00  -0.016  -0.010
18.30010   7.334   4.304     0.09     0.11 2.1227e+00  -0.016  -0.010
18.32010   7.336   4.306     0.09     0.11 2.1228e+00  -0.016  -0.010
18.34010   7.338   4.308     0.09     0.11 2.1229e+00  -0.016  -0.010
18.36010   7.340   4.311     0.09     0.11 2.1229e+00  -0.016  -0.010
18.38010   7.341   4.313     0.09     0.11 2.1230e+00  -0.016  -0.010
18.40010   7.343   4.315     0.09     0.11 2.1231e+00  -0.016  -0.010
18.42010   7.345   4.317     0.09     0.11 2.1231e+00  -0.016  -0.010
18.44010   7.347   4.319     0.09     0.11 2.1232e+00  -0.016  -0.010
18.46010   7.348   4.322     0.09     0.11 2.1233e+00  -0.016  -0.010
18.48010   7.350   4.324     0.09     0.11 2.1233e+00  -0.016  -0.010
18.50010   7.352   4.326     0.09     0.11 2.1234e+00  -0.016  -0.010
18.52010   7.354   4.328     0.09     0.11 2.1234e+00  -0.016  -0.010
18.54010   7.356   4.330     0.09     0.11 2.1235e+00  -0.016  -0.010
18.56010   7.357   4.333     0.09     0.11 2.1236e+00  -0.016  -0.010
18.58010   7.359   4.335     0.09     0.11 2.1236e+00  -0.016  -0.010
18.60010   7.361   4.337     0.09     0.11 2.1237e+00  -0.016  -0.010
18.62010   7.362   4.339     0.09     0.11 2.1238e+00  -0.016  -0.010
18.64010   7.364   4.341     0.09     0.11 2.1238e+00  -0.016  -0.010
18.66010   7.366   4.344     0.09     0.11 2.1239e+00  -0.016  -0.010
18.68010   7.368   4.346     0.09     0.11 2.1239e+00  -0.016  -0.010
18.70010   7.369   4.348     0.08     0.11 2.1240e+00  -0.016  -0.010
18.72010   7.371   4.350     0.08     0.11 2.1241e+00  -0.016  -0.010
18.74010   7.373   4.352     0.08     0.11 2.1241e+00  -0.016  -0.010
18.76010   7.374   4.354     0.08     0.11 2.1242e+00  -0.016  -0.010
18.78010   7.376   4.356     0.08     0.11 2.1243e+00  -0.016  -0.010
18.80010   7.378   4.359     0.08     0.11 2.1243e+00  -0.016  -0.010
18.82010   7.379   4.361     0.08     0.11 2.1244e+00  -0.016  -0.010
18.84010   7.381   4.363     0.08     0.11 2.1244e+00  -0.016  -0.010
18.86010   7.383   4.365     0.08     0.11 2.1245e+00  -0.016  -0.010
18.88010   7.384   4.367     0.08     0.11 2.1246e+00  -0.016  -0.010
18.90010   7.386   4.369     0.08     0.11 2.1246e+00  -0.016  -0.010
18.92010   7.388   4.371     0.08     0.11 2.1247e+00  -0.016  -0.010
18.94010   7.389   4.373     0.08     0.11 2.1247e+00  -0.016  -0.010
18.96010   7.391   4.376     0.08     0.11 2.1248e+00  -0.016  -0.010
18.98010   7.392   4.378     0.08     0.10 2.1249e+00  -0.016  -0.010
19.00010   7.394   4.380     0.08     0.10 2.1249e+00  -0.016  -0.010
19.02010   7.396   4.382     0.08     0.10 2.1250e+00  -0.016  -0.010
19.04010   7.397   4.384     0.08     0.10 2.1250e+00  -0.016  -0.010
19.06010   7.399   4.386     0.08     0.10 2.1251e+00  -0.016  -0.010
19.08010   7.400   4.388     0.08     0.10 2.1251e+00  -0.016  -0.010
19.10010   7.402   4.390     0.08     0.10 2.1252e+00  -0.016  -0.010
19.12010   7.404   4.392     0.08     0.10 2.1253e+00  -0.016  -0.010
19.14010   7.405   4.394     0.08     0.10 2.1253e+00  -0.016  -0.010
19.16010   7.407   4.396     0.08     0.10 2.1254e+00  -0.016  -0.010
19.18010   7.408   4.398     0.08     0.10 2.1254e+00  -0.016  -0.010
19.20010   7.410   4.400     0.08     0.10 2.1255e+00  -0.016  -0.010
19.22010   7.411   4.403     0.08     0.10 2.1256e+00  -0.016  -0.010
19.24010   7.413   4.405     0.08     0.10 2.1256e+00  -0.016  -0.010
19.26010   7.414   4.407     0.08     0.10 2.1257e+00  -0.016  -0.010
19.28010   7.416   4.409     0.08     0.10 2.1257e+00  -0.016  -0.010
19.30010   7.417   4.411     0.08     0.10 2.1258e+00  -0.016  -0.010
19.32010   7.419   4.413     0.08     0.10 2.1258e+00  -0.016  -0.010
19.34010   7.420   4.415     0.07     0.10 2.1259e+00  -0.015  -0.010
19.36010   7.422   4.417     0.07     0.10 2.1259e+00  -0.015  -0.010
19.38010   7.423   4.419     0.07     0.10 2.1260e+00  -0.015  -0.010
19.40010   7.425   4.421     0.07     0.10 2.1261e+00  -0.015  -0.010
19.42010   7.426   4.423     0.07     0.10 2.1261e+00  -0.015  -0.010
19.44010   7.428   4.425     0.07     0.10 2.1262e+00  -0.015  -0.010
19.46010   7.429   4.427     0.07     0.10 2.1262e+00  -0.015  -0.010
19.48010   7.431   4.429     0.07     0.10 2.1263e+00  -0.015  -0.010
19.50010   7.432   4.431     0.07     0.10 2.1263e+00  -0.015  -0.010
19.52010   7.434   4.433     0.07     0.10 2.1264e+00  -0.015  -0.010
19.54010   7.435   4.435     0.07     0.10 2.1264e+00  -0.015  -0.010
19.56010   7.437   4.437     0.07     0.10 2.1265e+00  -0.015  -0.010
19.58010   7.438   4.439     0.07     0.10 2.1266e+00  -0.015  -0.010
19.60010   7.439   4.441     0.07     0.10 2.1266e+00  -0.015  -0.010
19.62010   7.441   4.443     0.07     0.10 2.1267e+00  -0.015  -0.010
19.64010   7.442   4.445     0.07     0.10 2.1267e+00  -0.015  -0.010
19.66010   7.444   4.447     0.07     0.10 2.1268e+00  -0.015  -0.010
19.68010   7.445   4.449     0.07     0.10 2.1268e+00  -0.015  -0.010
19.70010   7.446   4.451     0.07     0.10 2.1269e+00  -0.015  -0.010
19.72010   7.448   4.453     0.07     0.10 2.1269e+00  -0.015  -0.010
19.74010   7.449   4.454     0.07     0.10 2.1270e+00  -0.015  -0.010
19.76010   7.451   4.456     0.07     0.10 2.1270e+00  -0.015  -0.010
19.78010   7.452   4.458     0.07     0.10 2.1271e+00  -0.015  -0.010
19.80010   7.453   4.460     0.07     0.10 2.1272e+00  -0.015  -0.010
19.82010   7.455   4.462     0.07     0.10 2.1272e+00  -0.015  -0.010
19.84010   7.456   4.464     0.07     0.10 2.1273e+00  -0.015  -0.010
19.86010   7.457   4.466     0.07     0.10 2.1273e+00  -0.015  -0.010
19.88010   7.459   4.468     0.07     0.10 2.1274e+00  -0.015  -0.010
19.90010   7.460   4.470     0.07     0.10 2.1274e+00  -0.015  -0.010
19.92010   7.461   4.472     0.07     0.10 2.1275e+00  -0.015  -0.010
19.94010   7.463   4.474     0.07     0.10 2.1275e+00  -0.015  -0.010
19.96010   7.464   4.476     0.07     0.09 2.1276e+00  -0.015  -0.010
19.98010   7.465   4.477     0.07     0.09 2.1276e+00  -0.015  -0.010
20.00010   7.467   4.479     0.06     0.09 2.1277e+00  -0.015  -0.010
