 0.02010   1.042   0.038    -0.80     1.75 -1.8612e-04 -36.597 -21.829
 0.04000   1.020   0.067    -1.39     1.09 1.8787e-03 -21.069 -44.907
 0.06000   0.990   0.078    -1.45    -0.00 2.2751e-02  21.162 -58.574
 0.08000   0.968   0.069    -0.57    -0.82 7.5141e-02  54.387 -14.404
 0.10000   0.966   0.052     0.30    -0.72 1.0576e-01  30.250  15.471
 0.12000   0.977   0.041     0.70    -0.38 1.1315e-01  12.928  17.168
 0.14000   0.993   0.037     0.87    -0.06 1.1411e-01   5.136  14.678
 0.16010   1.011   0.039     0.93     0.21 1.1354e-01   1.272  12.401
 0.18010   1.030   0.045     0.94     0.44 1.1263e-01  -0.934  10.727
 0.20010   1.048   0.056     0.90     0.64 1.1168e-01  -2.416   9.512
 0.22010   1.066   0.071     0.84     0.82 1.1076e-01  -3.581   8.612
 0.24010   1.082   0.089     0.76     0.99 1.0993e-01  -4.642   7.918
 0.26010   1.096   0.110     0.65     1.14 1.0918e-01  -5.737   7.338
 0.28010   1.108   0.135     0.53     1.28 1.0857e-01  -6.977   6.781
 0.30010   1.117   0.161     0.37     1.41 1.0812e-01  -8.473   6.131
 0.32010   1.123   0.191     0.19     1.53 1.0791e-01 -10.342   5.206
 0.34010   1.124   0.222    -0.04     1.62 1.0798e-01 -12.701   3.689
 0.36010   1.121   0.255    -0.33     1.67 1.0833e-01 -15.594   1.001
 0.38010   1.111   0.289    -0.67     1.64 1.0881e-01 -18.739  -3.895
 0.40010   1.094   0.320    -1.07     1.48 1.0907e-01 -20.759 -12.664
 0.42010   1.068   0.346    -1.46     1.10 1.0920e-01 -17.101 -26.657
 0.44010   1.036   0.362    -1.65     0.42 1.1302e-01   1.414 -39.298
 0.46010   1.005   0.363    -1.35    -0.30 1.2832e-01  25.752 -27.302
 0.48010   0.984   0.353    -0.81    -0.60 1.4612e-01  24.777  -5.061
 0.50010   0.972   0.341    -0.41    -0.60 1.5589e-01  15.137   3.192
 0.52010   0.966   0.329    -0.18    -0.52 1.6047e-01   8.827   4.633
 0.54010   0.964   0.320    -0.04    -0.43 1.6284e-01   5.327   4.377
 0.56010   0.964   0.312     0.04    -0.34 1.6427e-01   3.325   3.817
 0.58010   0.966   0.306     0.10    -0.27 1.6522e-01   2.108   3.277
 0.60010   0.968   0.301     0.13    -0.21 1.6592e-01   1.328   2.820
 0.62010   0.971   0.298     0.15    -0.16 1.6645e-01   0.802   2.445
 0.64010   0.974   0.295     0.16    -0.11 1.6686e-01   0.435   2.140
 0.66010   0.977   0.293     0.17    -0.07 1.6718e-01   0.170   1.889
 0.68010   0.981   0.292     0.17    -0.04 1.6742e-01  -0.025   1.681
 0.70010   0.984   0.291     0.17    -0.01 1.6761e-01  -0.173   1.507
 0.72010   0.987   0.292     0.16     0.02 1.6774e-01  -0.287   1.361
 0.74010   0.991   0.292     0.16     0.05 1.6782e-01  -0.376   1.235
 0.76010   0.994   0.293     0.15     0.07 1.6786e-01  -0.447   1.128
 0.78010   0.997   0.295     0.14     0.09 1.6787e-01  -0.503   1.034
 0.80010   0.999   0.297     0.13     0.11 1.6784e-01  -0.548   0.952
 0.82010   1.002   0.300     0.12     0.13 1.6779e-01  -0.585   0.880
 0.84010   1.004   0.302     0.11     0.15 1.6771e-01  -0.615   0.817
 0.86010   1.006   0.306     0.09     0.16 1.6761e-01  -0.640   0.760
 0.88010   1.008   0.309     0.08     0.18 1.6749e-01  -0.661   0.709
 0.90010   1.009   0.313     0.07     0.19 1.6736e-01  -0.678   0.663
 0.92010   1.010   0.317     0.05     0.20 1.6723e-01  -0.692   0.621
 0.94010   1.011   0.321     0.04     0.22 1.6708e-01  -0.704   0.583
 0.96010   1.012   0.325     0.02     0.23 1.6693e-01  -0.715   0.549
 0.98010   1.012   0.330     0.01     0.24 1.6678e-01  -0.723   0.517
 1.00010   1.012   0.335    -0.00     0.25 1.6663e-01  -0.730   0.488
 1.02010   1.012   0.340    -0.02     0.26 1.6649e-01  -0.736   0.461
 1.04010   1.011   0.345    -0.03     0.27 1.6635e-01  -0.741   0.436
 1.06010   1.011   0.351    -0.05     0.28 1.6623e-01  -0.745   0.413
 1.08010   1.009   0.356    -0.06     0.28 1.6612e-01  -0.749   0.392
 1.10010   1.008   0.362    -0.08     0.29 1.6603e-01  -0.752   0.371
 1.12010   1.006   0.368    -0.09     0.30 1.6596e-01  -0.754   0.352
 1.14010   1.004   0.374    -0.11     0.31 1.6591e-01  -0.756   0.335
 1.16010   1.002   0.380    -0.12     0.31 1.6588e-01  -0.758   0.318
 1.18010   0.999   0.386    -0.14     0.32 1.6589e-01  -0.759   0.302
 1.20010   0.996   0.393    -0.15     0.32 1.6592e-01  -0.760   0.287
 1.22010   0.993   0.399    -0.17     0.33 1.6599e-01  -0.760   0.273
 1.24010   0.989   0.406    -0.19     0.34 1.6610e-01  -0.761   0.260
 1.26010   0.986   0.413    -0.20     0.34 1.6624e-01  -0.761   0.248
 1.28010   0.981   0.420    -0.22     0.35 1.6643e-01  -0.760   0.236
 1.30010   0.977   0.427    -0.23     0.35 1.6667e-01  -0.760   0.224
 1.32010   0.972   0.434    -0.25     0.35 1.6696e-01  -0.759   0.214
 1.34010   0.967   0.441    -0.26     0.36 1.6730e-01  -0.758   0.204
 1.36010   0.962   0.448    -0.28     0.36 1.6769e-01  -0.756   0.194
 1.38010   0.956   0.455    -0.29     0.37 1.6815e-01  -0.755   0.185
 1.40010   0.950   0.463    -0.31     0.37 1.6867e-01  -0.752   0.177
 1.42010   0.944   0.470    -0.32     0.37 1.6926e-01  -0.750   0.169
 1.44010   0.937   0.478    -0.34     0.38 1.6992e-01  -0.747   0.162
 1.46010   0.930   0.485    -0.35     0.38 1.7067e-01  -0.744   0.156
 1.48010   0.923   0.493    -0.37     0.38 1.7149e-01  -0.740   0.150
 1.50010   0.916   0.500    -0.38     0.39 1.7240e-01  -0.736   0.145
 1.52010   0.908   0.508    -0.40     0.39 1.7340e-01  -0.731   0.140
 1.54010   0.900   0.516    -0.41     0.39 1.7450e-01  -0.726   0.137
 1.56010   0.892   0.524    -0.42     0.39 1.7570e-01  -0.720   0.134
 1.58010   0.883   0.532    -0.44     0.40 1.7701e-01  -0.713   0.132
 1.60010   0.874   0.540    -0.45     0.40 1.7844e-01  -0.705   0.131
 1.62010   0.865   0.548    -0.47     0.40 1.7999e-01  -0.697   0.132
 1.64010   0.855   0.556    -0.48     0.40 1.8168e-01  -0.687   0.134
 1.66010   0.846   0.564    -0.49     0.41 1.8350e-01  -0.677   0.137
 1.68010   0.836   0.572    -0.51     0.41 1.8547e-01  -0.665   0.143
 1.70010   0.825   0.580    -0.52     0.41 1.8760e-01  -0.652   0.150
 1.72010   0.815   0.589    -0.53     0.42 1.8990e-01  -0.637   0.159
 1.74010   0.804   0.597    -0.55     0.42 1.9238e-01  -0.621   0.172
 1.76010   0.793   0.605    -0.56     0.42 1.9505e-01  -0.603   0.187
 1.78010   0.782   0.614    -0.57     0.43 1.9792e-01  -0.584   0.205
 1.80010   0.770   0.622    -0.58     0.43 2.0102e-01  -0.561   0.228
 1.82010   0.758   0.631    -0.59     0.44 2.0436e-01  -0.537   0.256
 1.84010   0.746   0.640    -0.60     0.44 2.0795e-01  -0.509   0.290
 1.86010   0.734   0.649    -0.61     0.45 2.1181e-01  -0.478   0.330
 1.88010   0.722   0.658    -0.62     0.45 2.1598e-01  -0.444   0.378
 1.90010   0.709   0.667    -0.63     0.46 2.2047e-01  -0.405   0.437
 1.92010   0.697   0.676    -0.64     0.47 2.2531e-01  -0.360   0.508
 1.94010   0.684   0.686    -0.65     0.48 2.3055e-01  -0.310   0.594
 1.96010   0.671   0.696    -0.65     0.50 2.3621e-01  -0.251   0.698
 1.98010   0.658   0.706    -0.66     0.51 2.4235e-01  -0.183   0.828
 2.00010   0.645   0.716    -0.66     0.53 2.4903e-01  -0.102   0.989
 2.02010   0.631   0.727    -0.66     0.55 2.5631e-01  -0.003   1.193
 2.04010   0.618   0.738    -0.66     0.58 2.6429e-01   0.119   1.458
 2.06010   0.605   0.750    -0.65     0.61 2.7309e-01   0.275   1.808
 2.08010   0.592   0.763    -0.65     0.65 2.8288e-01   0.485   2.290
 2.10000   0.579   0.776    -0.63     0.70 2.9384e-01   0.781   2.980
 2.12000   0.567   0.791    -0.61     0.77 3.0647e-01   1.239   4.049
 2.14000   0.555   0.807    -0.58     0.87 3.2142e-01   2.036   5.881
 2.16000   0.544   0.826    -0.53     1.02 3.4019e-01   3.725   9.621
 2.18000   0.534   0.849    -0.41     1.30 3.6713e-01   9.073  20.564
 2.20000   0.529   0.882     0.12     2.32 4.3200e-01  88.936 147.531
 2.22000   0.704   0.894    11.44    -0.41 7.6780e+00  -3.482  -0.652
 2.24000   0.933   0.886    11.41    -0.42 7.6904e+00  -0.955  -0.513
 2.26000   1.161   0.878    11.40    -0.43 7.7019e+00  -0.598  -0.371
 2.28000   1.389   0.869    11.39    -0.44 7.7139e+00  -0.450  -0.264
 2.30000   1.616   0.860    11.38    -0.44 7.7266e+00  -0.358  -0.190
 2.32000   1.844   0.851    11.37    -0.44 7.7401e+00  -0.292  -0.138
 2.34000   2.071   0.842    11.37    -0.45 7.7546e+00  -0.242  -0.102
 2.36000   2.298   0.834    11.36    -0.45 7.7702e+00  -0.203  -0.077
 2.38000   2.525   0.825    11.36    -0.45 7.7869e+00  -0.172  -0.059
 2.40000   2.753   0.816    11.35    -0.45 7.8049e+00  -0.147  -0.046
 2.42000   2.980   0.807    11.35    -0.45 7.8243e+00  -0.127  -0.036
 2.44000   3.207   0.798    11.35    -0.45 7.8451e+00  -0.111  -0.029
 2.46000   3.434   0.789    11.35    -0.45 7.8675e+00  -0.097  -0.024
 2.48000   3.661   0.779    11.35    -0.45 7.8917e+00  -0.086  -0.019
 2.50000   3.887   0.770    11.34    -0.45 7.9177e+00  -0.077  -0.016
 2.52000   4.114   0.761    11.34    -0.45 7.9458e+00  -0.068  -0.013
 2.54000   4.341   0.752    11.34    -0.45 7.9760e+00  -0.062  -0.011
 2.56000   4.568   0.743    11.34    -0.45 8.0085e+00  -0.056  -0.010
 2.58000   4.795   0.734    11.34    -0.45 8.0436e+00  -0.051  -0.008
 2.60000   5.022   0.725    11.34    -0.45 8.0812e+00  -0.046  -0.007
 2.62000   5.248   0.716    11.34    -0.45 8.1218e+00  -0.042  -0.006
 2.64000   5.475   0.707    11.34    -0.45 8.1653e+00  -0.039  -0.005
 2.66000   5.702   0.698    11.34    -0.45 8.2119e+00  -0.036  -0.005
 2.68000   5.928   0.689    11.33    -0.45 8.2617e+00  -0.033  -0.004
 2.70000   6.155   0.680    11.33    -0.45 8.3149e+00  -0.031  -0.004
 2.72000   6.382   0.671    11.33    -0.45 8.3715e+00  -0.029  -0.003
 2.74000   6.608   0.662    11.33    -0.45 8.4315e+00  -0.027  -0.003
 2.76000   6.835   0.653    11.33    -0.45 8.4948e+00  -0.025  -0.003
 2.78000   7.062   0.643    11.33    -0.45 8.5613e+00  -0.023  -0.002
 2.80000   7.288   0.634    11.33    -0.45 8.6308e+00  -0.022  -0.002
 2.82000   7.515   0.625    11.33    -0.45 8.7029e+00  -0.021  -0.002
 2.84000   7.742   0.616    11.33    -0.45 8.7774e+00  -0.019  -0.002
 2.86000   7.968   0.607    11.33    -0.45 8.8537e+00  -0.018  -0.001
 2.88000   8.195   0.598    11.33    -0.45 8.9313e+00  -0.017  -0.001
 2.90000   8.421   0.589    11.33    -0.45 9.0096e+00  -0.016  -0.001
 2.92000   8.648   0.580    11.33    -0.45 9.0880e+00  -0.015  -0.001
 2.94000   8.875   0.571    11.33    -0.45 9.1658e+00  -0.015  -0.001
 2.96000   9.101   0.562    11.33    -0.45 9.2425e+00  -0.014  -0.001
 2.98000   9.328   0.553    11.33    -0.45 9.3175e+00  -0.013  -0.001
 3.00000   9.554   0.544    11.33    -0.45 9.3903e+00  -0.013  -0.001
 3.02000   9.781   0.534    11.33    -0.45 9.4605e+00  -0.012  -0.001
 3.04000  10.007   0.525    11.33    -0.45 9.5277e+00  -0.011  -0.001
 3.06000  10.234   0.516    11.33    -0.45 9.5918e+00  -0.011  -0.001
 3.08000  10.460   0.507    11.33    -0.45 9.6524e+00  -0.010  -0.001
 3.10000  10.687   0.498    11.33    -0.45 9.7097e+00  -0.010  -0.000
 3.12000  10.914   0.489    11.33    -0.45 9.7635e+00  -0.010  -0.000
 3.14000  11.140   0.480    11.33    -0.45 9.8140e+00  -0.009  -0.000
 3.16000  11.367   0.471    11.33    -0.45 9.8611e+00  -0.009  -0.000
 3.18000  11.593   0.462    11.33    -0.45 9.9051e+00  -0.009  -0.000
 3.20000  11.820   0.453    11.33    -0.45 9.9461e+00  -0.008  -0.000
 3.22000  12.046   0.444    11.33    -0.45 9.9842e+00  -0.008  -0.000
 3.24000  12.273   0.434    11.33    -0.45 1.0020e+01  -0.008  -0.000
 3.26000  12.499   0.425    11.33    -0.45 1.0053e+01  -0.007  -0.000
 3.28000  12.726   0.416    11.33    -0.45 1.0083e+01  -0.007  -0.000
 3.30000  12.952   0.407    11.33    -0.45 1.0111e+01  -0.007  -0.000
 3.32000  13.179   0.398    11.33    -0.45 1.0138e+01  -0.007  -0.000
 3.34000  13.405   0.389    11.33    -0.45 1.0162e+01  -0.006  -0.000
 3.36000  13.632   0.380    11.32    -0.45 1.0185e+01  -0.006  -0.000
 3.38000  13.858   0.371    11.32    -0.45 1.0207e+01  -0.006  -0.000
 3.40000  14.085   0.362    11.32    -0.45 1.0226e+01  -0.006  -0.000
 3.42000  14.311   0.353    11.32    -0.45 1.0245e+01  -0.006  -0.000
 3.44000  14.538   0.344    11.32    -0.45 1.0262e+01  -0.005  -0.000
 3.46000  14.764   0.334    11.32    -0.45 1.0278e+01  -0.005  -0.000
 3.48000  14.991   0.325    11.32    -0.45 1.0293e+01  -0.005  -0.000
 3.50000  15.217   0.316    11.32    -0.45 1.0308e+01  -0.005  -0.000
 3.52000  15.444   0.307    11.32    -0.45 1.0321e+01  -0.005  -0.000
 3.54000  15.670   0.298    11.32    -0.45 1.0333e+01  -0.005  -0.000
 3.56000  15.897   0.289    11.32    -0.45 1.0345e+01  -0.004  -0.000
 3.58000  16.123   0.280    11.32    -0.45 1.0356e+01  -0.004  -0.000
 3.60000  16.350   0.271    11.32    -0.45 1.0367e+01  -0.004  -0.000
 3.62000  16.576   0.262    11.32    -0.45 1.0376e+01  -0.004  -0.000
 3.64000  16.802   0.253    11.32    -0.45 1.0386e+01  -0.004  -0.000
 3.66000  17.029   0.243    11.32    -0.45 1.0394e+01  -0.004  -0.000
 3.68000  17.255   0.234    11.32    -0.45 1.0403e+01  -0.004  -0.000
 3.70000  17.482   0.225    11.32    -0.45 1.0410e+01  -0.004  -0.000
 3.72000  17.708   0.216    11.32    -0.45 1.0418e+01  -0.004  -0.000
 3.74000  17.935   0.207    11.32    -0.45 1.0425e+01  -0.003  -0.000
 3.76000  18.161   0.198    11.32    -0.45 1.0431e+01  -0.003  -0.000
 3.78000  18.388   0.189    11.32    -0.45 1.0438e+01  -0.003  -0.000
 3.80000  18.614   0.180    11.32    -0.45 1.0444e+01  -0.003  -0.000
 3.82000  18.841   0.171    11.32    -0.45 1.0450e+01  -0.003  -0.000
 3.84000  19.067   0.162    11.32    -0.45 1.0455e+01  -0.003  -0.000
 3.86000  19.294   0.153    11.32    -0.45 1.0460e+01  -0.003  -0.000
 3.88000  19.520   0.143    11.32    -0.45 1.0465e+01  -0.003  -0.000
 3.90000  19.746   0.134    11.32    -0.45 1.0470e+01  -0.003  -0.000
 3.92000  19.973   0.125    11.32    -0.45 1.0475e+01  -0.003  -0.000
 3.94000  20.199   0.116    11.32    -0.45 1.0479e+01  -0.003  -0.000
 3.96000  20.426   0.107    11.32    -0.45 1.0483e+01  -0.003  -0.000
 3.98000  20.652   0.098    11.32    -0.45 1.0487e+01  -0.003  -0.000
 4.00000  20.879   0.089    11.32    -0.45 1.0491e+01  -0.003  -0.000
 4.02000  21.105   0.080    11.32    -0.45 1.0495e+01  -0.003  -0.000
 4.04000  21.332   0.071    11.32    -0.45 1.0498e+01  -0.002  -0.000
 4.06000  21.558   0.062    11.32    -0.45 1.0501e+01  -0.002  -0.000
 4.08000  21.784   0.053    11.32    -0.45 1.0505e+01  -0.002  -0.000
 4.10000  22.011   0.043    11.32    -0.45 1.0508e+01  -0.002  -0.000
 4.12000  22.237   0.034    11.32    -0.45 1.0511e+01  -0.002  -0.000
 4.14000  22.464   0.025    11.32    -0.45 1.0514e+01  -0.002  -0.000
 4.16000  22.690   0.016    11.32    -0.45 1.0517e+01  -0.002   0.000
 4.18000  22.917   0.007    11.32    -0.45 1.0519e+01  -0.002   0.000
 4.20000  23.143  -0.002    11.32    -0.45 1.0522e+01  -0.002   0.000
 4.22000  23.370  -0.011    11.32    -0.45 1.0524e+01  -0.002   0.000
 4.24000  23.596  -0.020    11.32    -0.45 1.0527e+01  -0.002   0.000
 4.26000  23.822  -0.029    11.32    -0.45 1.0529e+01  -0.002   0.000
 4.28000  24.049  -0.038    11.32    -0.45 1.0531e+01  -0.002   0.000
 4.30000  24.275  -0.047    11.32    -0.45 1.0534e+01  -0.002   0.000
 4.32000  24.502  -0.057    11.32    -0.45 1.0536e+01  -0.002   0.000
 4.34000  24.728  -0.066    11.32    -0.45 1.0538e+01  -0.002   0.000
 4.36000  24.955  -0.075    11.32    -0.45 1.0540e+01  -0.002   0.000
 4.38000  25.181  -0.084    11.32    -0.45 1.0542e+01  -0.002   0.000
 4.40000  25.407  -0.093    11.32    -0.45 1.0544e+01  -0.002   0.000
 4.42000  25.634  -0.102    11.32    -0.45 1.0545e+01  -0.002   0.000
 4.44000  25.860  -0.111    11.32    -0.45 1.0547e+01  -0.002   0.000
 4.46000  26.087  -0.120    11.32    -0.45 1.0549e+01  -0.002   0.000
 4.48000  26.313  -0.129    11.32    -0.45 1.0550e+01  -0.002   0.000
 4.50000  26.540  -0.138    11.32    -0.45 1.0552e+01  -0.002   0.000
 4.52000  26.766  -0.147    11.32    -0.45 1.0554e+01  -0.002   0.000
 4.54000  26.992  -0.157    11.32    -0.45 1.0555e+01  -0.002   0.000
 4.56000  27.219  -0.166    11.32    -0.45 1.0557e+01  -0.002   0.000
 4.58000  27.445  -0.175    11.32    -0.45 1.0558e+01  -0.001   0.000
 4.60000  27.672  -0.184    11.32    -0.45 1.0559e+01  -0.001   0.000
 4.62000  27.898  -0.193    11.32    -0.45 1.0561e+01  -0.001   0.000
 4.64000  28.125  -0.202    11.32    -0.45 1.0562e+01  -0.001   0.000
 4.66000  28.351  -0.211    11.32    -0.45 1.0563e+01  -0.001   0.000
 4.68000  28.577  -0.220    11.32    -0.45 1.0565e+01  -0.001   0.000
 4.70000  28.804  -0.229    11.32    -0.45 1.0566e+01  -0.001   0.000
 4.72000  29.030  -0.238    11.32    -0.45 1.0567e+01  -0.001   0.000
 4.74000  29.257  -0.248    11.32    -0.45 1.0568e+01  -0.001   0.000
 4.76000  29.483  -0.257    11.32    -0.45 1.0569e+01  -0.001   0.000
 4.78000  29.710  -0.266    11.32    -0.45 1.0570e+01  -0.001   0.000
 4.80000  29.936  -0.275    11.32    -0.45 1.0571e+01  -0.001   0.000
 4.82000  30.162  -0.284    11.32    -0.45 1.0572e+01  -0.001   0.000
 4.84000  30.389  -0.293    11.32    -0.45 1.0573e+01  -0.001   0.000
 4.86000  30.615  -0.302    11.32    -0.45 1.0574e+01  -0.001   0.000
 4.88000  30.842  -0.311    11.32    -0.45 1.0575e+01  -0.001   0.000
 4.90000  31.068  -0.320    11.32    -0.45 1.0576e+01  -0.001   0.000
 4.92000  31.294  -0.329    11.32    -0.45 1.0577e+01  -0.001   0.000
 4.94000  31.521  -0.338    11.32    -0.45 1.0578e+01  -0.001   0.000
 4.96000  31.747  -0.348    11.32    -0.45 1.0579e+01  -0.001   0.000
 4.98000  31.974  -0.357    11.32    -0.45 1.0580e+01  -0.001   0.000
 5.00000  32.200  -0.366    11.32    -0.45 1.0581e+01  -0.001   0.000
 5.02000  32.427  -0.375    11.32    -0.45 1.0582e+01  -0.001   0.000
 5.04000  32.653  -0.384    11.32    -0.45 1.0582e+01  -0.001   0.000
 5.06000  32.879  -0.393    11.32    -0.45 1.0583e+01  -0.001   0.000
 5.08000  33.106  -0.402    11.32    -0.45 1.0584e+01  -0.001   0.000
 5.10000  33.332  -0.411    11.32    -0.45 1.0585e+01  -0.001   0.000
 5.12000  33.559  -0.420    11.32    -0.45 1.0585e+01  -0.001   0.000
 5.14000  33.785  -0.429    11.32    -0.45 1.0586e+01  -0.001   0.000
 5.16000  34.011  -0.438    11.32    -0.45 1.0587e+01  -0.001   0.000
 5.18000  34.238  -0.448    11.32    -0.45 1.0588e+01  -0.001   0.000
 5.20000  34.464  -0.457    11.32    -0.45 1.0588e+01  -0.001   0.000
 5.22000  34.691  -0.466    11.32    -0.45 1.0589e+01  -0.001   0.000
 5.24000  34.917  -0.475    11.32    -0.45 1.0590e+01  -0.001   0.000
 5.26000  35.143  -0.484    11.32    -0.45 1.0590e+01  -0.001   0.000
 5.28000  35.370  -0.493    11.32    -0.45 1.0591e+01  -0.001   0.000
 5.30000  35.596  -0.502    11.32    -0.45 1.0591e+01  -0.001   0.000
 5.32000  35.823  -0.511    11.32    -0.45 1.0592e+01  -0.001   0.000
 5.34000  36.049  -0.520    11.32    -0.45 1.0593e+01  -0.001   0.000
 5.36000  36.275  -0.529    11.32    -0.45 1.0593e+01  -0.001   0.000
 5.38000  36.502  -0.538    11.32    -0.45 1.0594e+01  -0.001   0.000
 5.40000  36.728  -0.548    11.32    -0.45 1.0594e+01  -0.001   0.000
 5.42000  36.955  -0.557    11.32    -0.45 1.0595e+01  -0.001   0.000
 5.44000  37.181  -0.566    11.32    -0.45 1.0596e+01  -0.001   0.000
 5.46000  37.408  -0.575    11.32    -0.45 1.0596e+01  -0.001   0.000
 5.48000  37.634  -0.584    11.32    -0.45 1.0597e+01  -0.001   0.000
 5.50000  37.860  -0.593    11.32    -0.45 1.0597e+01  -0.001   0.000
 5.52000  38.087  -0.602    11.32    -0.45 1.0598e+01  -0.001   0.000
 5.54000  38.313  -0.611    11.32    -0.45 1.0598e+01  -0.001   0.000
 5.56000  38.540  -0.620    11.32    -0.45 1.0599e+01  -0.001   0.000
 5.58000  38.766  -0.629    11.32    -0.45 1.0599e+01  -0.001   0.000
 5.60000  38.992  -0.638    11.32    -0.45 1.0600e+01  -0.001   0.000
 5.62000  39.219  -0.648    11.32    -0.45 1.0600e+01  -0.001   0.000
 5.64000  39.445  -0.657    11.32    -0.45 1.0600e+01  -0.001   0.000
 5.66000  39.672  -0.666    11.32    -0.45 1.0601e+01  -0.001   0.000
 5.68000  39.898  -0.675    11.32    -0.45 1.0601e+01  -0.001   0.000
 5.70000  40.124  -0.684    11.32    -0.45 1.0602e+01  -0.001   0.000
 5.72000  40.351  -0.693    11.32    -0.45 1.0602e+01  -0.001   0.000
 5.74010  40.578  -0.702    11.32    -0.45 1.0603e+01  -0.001   0.000
 5.76010  40.805  -0.711    11.32    -0.45 1.0603e+01  -0.001   0.000
 5.78010  41.031  -0.720    11.32    -0.45 1.0603e+01  -0.001   0.000
 5.80010  41.257  -0.729    11.32    -0.45 1.0604e+01  -0.001   0.000
 5.82010  41.484  -0.739    11.32    -0.45 1.0604e+01  -0.001   0.000
 5.84010  41.710  -0.748    11.32    -0.45 1.0605e+01  -0.001   0.000
 5.86010  41.937  -0.757    11.32    -0.45 1.0605e+01  -0.001   0.000
 5.88010  42.163  -0.766    11.32    -0.45 1.0605e+01  -0.001   0.000
 5.90010  42.389  -0.775    11.32    -0.45 1.0606e+01  -0.001   0.000
 5.92010  42.616  -0.784    11.32    -0.45 1.0606e+01  -0.001   0.000
 5.94010  42.842  -0.793    11.32    -0.45 1.0606e+01  -0.001   0.000
 5.96010  43.069  -0.802    11.32    -0.45 1.0607e+01  -0.001   0.000
 5.98010  43.295  -0.811    11.32    -0.45 1.0607e+01  -0.001   0.000
 6.00010  43.521  -0.820    11.32    -0.45 1.0608e+01  -0.001   0.000
 6.02010  43.748  -0.829    11.32    -0.45 1.0608e+01  -0.001   0.000
 6.04010  43.974  -0.839    11.32    -0.45 1.0608e+01  -0.001   0.000
 6.06010  44.201  -0.848    11.32    -0.45 1.0609e+01  -0.001   0.000
 6.08010  44.427  -0.857    11.32    -0.45 1.0609e+01  -0.001   0.000
 6.10010  44.653  -0.866    11.32    -0.45 1.0609e+01  -0.001   0.000
 6.12010  44.880  -0.875    11.32    -0.45 1.0609e+01  -0.001   0.000
 6.14010  45.106  -0.884    11.32    -0.45 1.0610e+01  -0.001   0.000
 6.16010  45.333  -0.893    11.32    -0.45 1.0610e+01  -0.001   0.000
 6.18010  45.559  -0.902    11.32    -0.45 1.0610e+01  -0.001   0.000
 6.20010  45.785  -0.911    11.32    -0.45 1.0611e+01  -0.001   0.000
 6.22010  46.012  -0.920    11.32    -0.45 1.0611e+01  -0.001   0.000
 6.24010  46.238  -0.929    11.32    -0.45 1.0611e+01  -0.001   0.000
 6.26010  46.465  -0.939    11.32    -0.45 1.0612e+01  -0.001   0.000
 6.28010  46.691  -0.948    11.32    -0.45 1.0612e+01  -0.001   0.000
 6.30010  46.917  -0.957    11.32    -0.45 1.0612e+01  -0.000   0.000
 6.32010  47.144  -0.966    11.32    -0.45 1.0612e+01  -0.000   0.000
 6.34010  47.370  -0.975    11.32    -0.45 1.0613e+01  -0.000   0.000
 6.36010  47.597  -0.984    11.32    -0.45 1.0613e+01  -0.000   0.000
 6.38010  47.823  -0.993    11.32    -0.45 1.0613e+01  -0.000   0.000
 6.40010  48.049  -1.002    11.32    -0.45 1.0613e+01  -0.000   0.000
 6.42010  48.276  -1.011    11.32    -0.45 1.0614e+01  -0.000   0.000
 6.44010  48.502  -1.020    11.32    -0.45 1.0614e+01  -0.000   0.000
 6.46010  48.729  -1.029    11.32    -0.45 1.0614e+01  -0.000   0.000
 6.48010  48.955  -1.039    11.32    -0.45 1.0614e+01  -0.000   0.000
 6.50010  49.181  -1.048    11.32    -0.45 1.0615e+01  -0.000   0.000
 6.52010  49.408  -1.057    11.32    -0.45 1.0615e+01  -0.000   0.000
 6.54010  49.634  -1.066    11.32    -0.45 1.0615e+01  -0.000   0.000
 6.56010  49.861  -1.075    11.32    -0.45 1.0615e+01  -0.000   0.000
 6.58010  50.087  -1.084    11.32    -0.45 1.0616e+01  -0.000   0.000
 6.60010  50.313  -1.093    11.32    -0.45 1.0616e+01  -0.000   0.000
 6.62010  50.540  -1.102    11.32    -0.45 1.0616e+01  -0.000   0.000
 6.64010  50.766  -1.111    11.32    -0.45 1.0616e+01  -0.000   0.000
 6.66010  50.993  -1.120    11.32    -0.45 1.0617e+01  -0.000   0.000
 6.68010  51.219  -1.129    11.32    -0.45 1.0617e+01  -0.000   0.000
 6.70010  51.445  -1.139    11.32    -0.45 1.0617e+01  -0.000   0.000
 6.72010  51.672  -1.148    11.32    -0.45 1.0617e+01  -0.000   0.000
 6.74010  51.898  -1.157    11.32    -0.45 1.0617e+01  -0.000   0.000
 6.76010  52.124  -1.166    11.32    -0.45 1.0618e+01  -0.000   0.000
 6.78010  52.351  -1.175    11.32    -0.45 1.0618e+01  -0.000   0.000
 6.80010  52.577  -1.184    11.32    -0.45 1.0618e+01  -0.000   0.000
 6.82010  52.804  -1.193    11.32    -0.45 1.0618e+01  -0.000   0.000
 6.84010  53.030  -1.202    11.32    -0.45 1.0618e+01  -0.000   0.000
 6.86010  53.256  -1.211    11.32    -0.45 1.0619e+01  -0.000   0.000
 6.88010  53.483  -1.220    11.32    -0.45 1.0619e+01  -0.000   0.000
 6.90010  53.709  -1.230    11.32    -0.45 1.0619e+01  -0.000   0.000
 6.92010  53.936  -1.239    11.32    -0.45 1.0619e+01  -0.000   0.000
 6.94010  54.162  -1.248    11.32    -0.45 1.0619e+01  -0.000   0.000
 6.96010  54.388  -1.257    11.32    -0.45 1.0620e+01  -0.000   0.000
 6.98010  54.615  -1.266    11.32    -0.45 1.0620e+01  -0.000   0.000
 7.00010  54.841  -1.275    11.32    -0.45 1.0620e+01  -0.000   0.000
 7.02010  55.068  -1.284    11.32    -0.45 1.0620e+01  -0.000   0.000
 7.04010  55.294  -1.293    11.32    -0.45 1.0620e+01  -0.000   0.000
 7.06010  55.520  -1.302    11.32    -0.45 1.0621e+01  -0.000   0.000
 7.08010  55.747  -1.311    11.32    -0.45 1.0621e+01  -0.000   0.000
 7.10010  55.973  -1.320    11.32    -0.45 1.0621e+01  -0.000   0.000
 7.12010  56.199  -1.330    11.32    -0.45 1.0621e+01  -0.000   0.000
 7.14010  56.426  -1.339    11.32    -0.45 1.0621e+01  -0.000   0.000
 7.16010  56.652  -1.348    11.32    -0.45 1.0621e+01  -0.000   0.000
 7.18010  56.879  -1.357    11.32    -0.45 1.0622e+01  -0.000   0.000
 7.20010  57.105  -1.366    11.32    -0.45 1.0622e+01  -0.000   0.000
 7.22010  57.331  -1.375    11.32    -0.45 1.0622e+01  -0.000   0.000
 7.24010  57.558  -1.384    11.32    -0.45 1.0622e+01  -0.000   0.000
 7.26010  57.784  -1.393    11.32    -0.45 1.0622e+01  -0.000   0.000
 7.28010  58.011  -1.402    11.32    -0.45 1.0622e+01  -0.000   0.000
 7.30010  58.237  -1.411    11.32    -0.45 1.0622e+01  -0.000   0.000
 7.32010  58.463  -1.420    11.32    -0.45 1.0623e+01  -0.000   0.000
 7.34010  58.690  -1.430    11.32    -0.45 1.0623e+01  -0.000   0.000
 7.36010  58.916  -1.439    11.32    -0.45 1.0623e+01  -0.000   0.000
 7.38010  59.142  -1.448    11.32    -0.45 1.0623e+01  -0.000   0.000
 7.40010  59.369  -1.457    11.32    -0.45 1.0623e+01  -0.000   0.000
 7.42010  59.595  -1.466    11.32    -0.45 1.0623e+01  -0.000   0.000
 7.44010  59.822  -1.475    11.32    -0.45 1.0624e+01  -0.000   0.000
 7.46010  60.048  -1.484    11.32    -0.45 1.0624e+01  -0.000   0.000
 7.48010  60.274  -1.493    11.32    -0.45 1.0624e+01  -0.000   0.000
 7.50010  60.501  -1.502    11.32    -0.45 1.0624e+01  -0.000   0.000
 7.52010  60.727  -1.511    11.32    -0.45 1.0624e+01  -0.000   0.000
 7.54010  60.954  -1.520    11.32    -0.45 1.0624e+01  -0.000   0.000
 7.56010  61.180  -1.530    11.32    -0.45 1.0624e+01  -0.000   0.000
 7.58010  61.406  -1.539    11.32    -0.45 1.0625e+01  -0.000   0.000
 7.60010  61.633  -1.548    11.32    -0.45 1.0625e+01  -0.000   0.000
 7.62010  61.859  -1.557    11.32    -0.45 1.0625e+01  -0.000   0.000
 7.64010  62.086  -1.566    11.32    -0.45 1.0625e+01  -0.000   0.000
 7.66010  62.312  -1.575    11.32    -0.45 1.0625e+01  -0.000   0.000
 7.68010  62.538  -1.584    11.32    -0.45 1.0625e+01  -0.000   0.000
 7.70010  62.765  -1.593    11.32    -0.45 1.0625e+01  -0.000   0.000
 7.72010  62.991  -1.602    11.32    -0.45 1.0625e+01  -0.000   0.000
 7.74010  63.217  -1.611    11.32    -0.45 1.0626e+01  -0.000   0.000
 7.76010  63.444  -1.620    11.32    -0.45 1.0626e+01  -0.000   0.000
 7.78010  63.670  -1.630    11.32    -0.45 1.0626e+01  -0.000   0.000
 7.80010  63.897  -1.639    11.32    -0.45 1.0626e+01  -0.000   0.000
 7.82010  64.123  -1.648    11.32    -0.45 1.0626e+01  -0.000   0.000
 7.84010  64.349  -1.657    11.32    -0.45 1.0626e+01  -0.000   0.000
 7.86010  64.576  -1.666    11.32    -0.45 1.0626e+01  -0.000   0.000
 7.88010  64.802  -1.675    11.32    -0.45 1.0626e+01  -0.000   0.000
 7.90010  65.028  -1.684    11.32    -0.45 1.0627e+01  -0.000   0.000
 7.92010  65.255  -1.693    11.32    -0.45 1.0627e+01  -0.000   0.000
 7.94010  65.481  -1.702    11.32    -0.45 1.0627e+01  -0.000   0.000
 7.96010  65.708  -1.711    11.32    -0.45 1.0627e+01  -0.000   0.000
 7.98010  65.934  -1.720    11.32    -0.45 1.0627e+01  -0.000   0.000
 8.00010  66.160  -1.730    11.32    -0.45 1.0627e+01  -0.000   0.000
 8.02010  66.387  -1.739    11.32    -0.45 1.0627e+01  -0.000   0.000
 8.04010  66.613  -1.748    11.32    -0.45 1.0627e+01  -0.000   0.000
 8.06010  66.840  -1.757    11.32    -0.45 1.0627e+01  -0.000   0.000
 8.08010  67.066  -1.766    11.32    -0.45 1.0628e+01  -0.000   0.000
 8.10010  67.292  -1.775    11.32    -0.45 1.0628e+01  -0.000   0.000
 8.12010  67.519  -1.784    11.32    -0.45 1.0628e+01  -0.000   0.000
 8.14010  67.745  -1.793    11.32    -0.45 1.0628e+01  -0.000   0.000
 8.16010  67.971  -1.802    11.32    -0.45 1.0628e+01  -0.000   0.000
 8.18010  68.198  -1.811    11.32    -0.45 1.0628e+01  -0.000   0.000
 8.20010  68.424  -1.820    11.32    -0.45 1.0628e+01  -0.000   0.000
 8.22010  68.651  -1.830    11.32    -0.45 1.0628e+01  -0.000   0.000
 8.24010  68.877  -1.839    11.32    -0.45 1.0628e+01  -0.000   0.000
 8.26010  69.103  -1.848    11.32    -0.45 1.0628e+01  -0.000   0.000
 8.28010  69.330  -1.857    11.32    -0.45 1.0629e+01  -0.000   0.000
 8.30010  69.556  -1.866    11.32    -0.45 1.0629e+01  -0.000   0.000
 8.32010  69.783  -1.875    11.32    -0.45 1.0629e+01  -0.000   0.000
 8.34010  70.009  -1.884    11.32    -0.45 1.0629e+01  -0.000   0.000
 8.36010  70.235  -1.893    11.32    -0.45 1.0629e+01  -0.000   0.000
 8.38010  70.462  -1.902    11.32    -0.45 1.0629e+01  -0.000   0.000
 8.40010  70.688  -1.911    11.32    -0.45 1.0629e+01  -0.000   0.000
 8.42010  70.914  -1.920    11.32    -0.45 1.0629e+01  -0.000   0.000
 8.44010  71.141  -1.930    11.32    -0.45 1.0629e+01  -0.000   0.000
 8.46010  71.367  -1.939    11.32    -0.45 1.0629e+01  -0.000   0.000
 8.48010  71.594  -1.948    11.32    -0.45 1.0630e+01  -0.000   0.000
 8.50010  71.820  -1.957    11.32    -0.45 1.0630e+01  -0.000   0.000
 8.52010  72.046  -1.966    11.32    -0.45 1.0630e+01  -0.000   0.000
 8.54010  72.273  -1.975    11.32    -0.45 1.0630e+01  -0.000   0.000
 8.56010  72.499  -1.984    11.32    -0.45 1.0630e+01  -0.000   0.000
 8.58010  72.725  -1.993    11.32    -0.45 1.0630e+01  -0.000   0.000
 8.60010  72.952  -2.002    11.32    -0.45 1.0630e+01  -0.000   0.000
 8.62010  73.178  -2.011    11.32    -0.45 1.0630e+01  -0.000   0.000
 8.64010  73.405  -2.020    11.32    -0.45 1.0630e+01  -0.000   0.000
 8.66010  73.631  -2.030    11.32    -0.45 1.0630e+01  -0.000   0.000
 8.68010  73.857  -2.039    11.32    -0.45 1.0630e+01  -0.000   0.000
 8.70010  74.084  -2.048    11.32    -0.45 1.0630e+01  -0.000   0.000
 8.72010  74.310  -2.057    11.32    -0.45 1.0631e+01  -0.000   0.000
 8.74010  74.537  -2.066    11.32    -0.45 1.0631e+01  -0.000   0.000
 8.76010  74.763  -2.075    11.32    -0.45 1.0631e+01  -0.000   0.000
 8.78010  74.989  -2.084    11.32    -0.45 1.0631e+01  -0.000   0.000
 8.80010  75.216  -2.093    11.32    -0.45 1.0631e+01  -0.000   0.000
 8.82010  75.442  -2.102    11.32    -0.45 1.0631e+01  -0.000   0.000
 8.84010  75.668  -2.111    11.32    -0.45 1.0631e+01  -0.000   0.000
 8.86010  75.895  -2.121    11.32    -0.45 1.0631e+01  -0.000   0.000
 8.88010  76.121  -2.130    11.32    -0.45 1.0631e+01  -0.000   0.000
 8.90010  76.348  -2.139    11.32    -0.45 1.0631e+01  -0.000   0.000
 8.92010  76.574  -2.148    11.32    -0.45 1.0631e+01  -0.000   0.000
 8.94010  76.800  -2.157    11.32    -0.45 1.0631e+01  -0.000   0.000
 8.96010  77.027  -2.166    11.32    -0.45 1.0632e+01  -0.000   0.000
 8.98010  77.253  -2.175    11.32    -0.45 1.0632e+01  -0.000   0.000
 9.00010  77.479  -2.184    11.32    -0.45 1.0632e+01  -0.000   0.000
 9.02010  77.706  -2.193    11.32    -0.45 1.0632e+01  -0.000   0.000
 9.04010  77.932  -2.202    11.32    -0.45 1.0632e+01  -0.000   0.000
 9.06010  78.159  -2.211    11.32    -0.45 1.0632e+01  -0.000   0.000
 9.08010  78.385  -2.221    11.32    -0.45 1.0632e+01  -0.000   0.000
 9.10010  78.611  -2.230    11.32    -0.45 1.0632e+01  -0.000   0.000
 9.12010  78.838  -2.239    11.32    -0.45 1.0632e+01  -0.000   0.000
 9.14010  79.064  -2.248    11.32    -0.45 1.0632e+01  -0.000   0.000
 9.16010  79.290  -2.257    11.32    -0.45 1.0632e+01  -0.000   0.000
 9.18010  79.517  -2.266    11.32    -0.45 1.0632e+01  -0.000   0.000
 9.20010  79.743  -2.275    11.32    -0.45 1.0632e+01  -0.000   0.000
 9.22010  79.970  -2.284    11.32    -0.45 1.0632e+01  -0.000   0.000
 9.24010  80.196  -2.293    11.32    -0.45 1.0633e+01  -0.000   0.000
 9.26010  80.422  -2.302    11.32    -0.45 1.0633e+01  -0.000   0.000
 9.28010  80.649  -2.311    11.32    -0.45 1.0633e+01  -0.000   0.000
 9.30010  80.875  -2.321    11.32    -0.45 1.0633e+01  -0.000   0.000
 9.32010  81.101  -2.330    11.32    -0.45 1.0633e+01  -0.000   0.000
 9.34010  81.328  -2.339    11.32    -0.45 1.0633e+01  -0.000   0.000
 9.36010  81.554  -2.348    11.32    -0.45 1.0633e+01  -0.000   0.000
 9.38010  81.781  -2.357    11.32    -0.45 1.0633e+01  -0.000   0.000
 9.40010  82.007  -2.366    11.32    -0.45 1.0633e+01  -0.000   0.000
 9.42010  82.233  -2.375    11.32    -0.45 1.0633e+01  -0.000   0.000
 9.44010  82.460  -2.384    11.32    -0.45 1.0633e+01  -0.000   0.000
 9.46010  82.686  -2.393    11.32    -0.45 1.0633e+01  -0.000   0.000
 9.48010  82.913  -2.402    11.32    -0.45 1.0633e+01  -0.000   0.000
 9.50010  83.139  -2.411    11.32    -0.45 1.0633e+01  -0.000   0.000
 9.52010  83.365  -2.421    11.32    -0.45 1.0633e+01  -0.000   0.000
 9.54010  83.592  -2.430    11.32    -0.45 1.0634e+01  -0.000   0.000
 9.56010  83.818  -2.439    11.32    -0.45 1.0634e+01  -0.000   0.000
 9.58010  84.044  -2.448    11.32    -0.45 1.0634e+01  -0.000   0.000
 9.60010  84.271  -2.457    11.32    -0.45 1.0634e+01  -0.000   0.000
 9.62010  84.497  -2.466    11.32    -0.45 1.0634e+01  -0.000   0.000
 9.64010  84.724  -2.475    11.32    -0.45 1.0634e+01  -0.000   0.000
 9.66010  84.950  -2.484    11.32    -0.45 1.0634e+01  -0.000   0.000
 9.68010  85.176  -2.493    11.32    -0.45 1.0634e+01  -0.000   0.000
 9.70010  85.403  -2.502    11.32    -0.45 1.0634e+01  -0.000   0.000
 9.72010  85.629  -2.511    11.32    -0.45 1.0634e+01  -0.000   0.000
 9.74010  85.855  -2.521    11.32    -0.45 1.0634e+01  -0.000   0.000
 9.76010  86.082  -2.530    11.32    -0.45 1.0634e+01  -0.000   0.000
 9.78010  86.308  -2.539    11.32    -0.45 1.0634e+01  -0.000   0.000
 9.80010  86.535  -2.548    11.32    -0.45 1.0634e+01  -0.000   0.000
 9.82010  86.761  -2.557    11.32    -0.45 1.0634e+01  -0.000   0.000
 9.84010  86.987  -2.566    11.32    -0.45 1.0634e+01  -0.000   0.000
 9.86010  87.214  -2.575    11.32    -0.45 1.0635e+01  -0.000   0.000
 9.88010  87.440  -2.584    11.32    -0.45 1.0635e+01  -0.000   0.000
 9.90010  87.666  -2.593    11.32    -0.45 1.0635e+01  -0.000   0.000
 9.92010  87.893  -2.602    11.32    -0.45 1.0635e+01  -0.000   0.000
 9.94010  88.119  -2.611    11.32    -0.45 1.0635e+01  -0.000   0.000
 9.96010  88.346  -2.621    11.32    -0.45 1.0635e+01  -0.000   0.000
 9.98010  88.572  -2.630    11.32    -0.45 1.0635e+01  -0.000   0.000
10.00010  88.798  -2.639    11.32    -0.45 1.0635e+01  -0.000   0.000
10.02010  89.025  -2.648    11.32    -0.45 1.0635e+01  -0.000   0.000
10.04010  89.251  -2.657    11.32    -0.45 1.0635e+01  -0.000   0.000
10.06010  89.477  -2.666    11.32    -0.45 1.0635e+01  -0.000   0.000
10.08010  89.704  -2.675    11.32    -0.45 1.0635e+01  -0.000   0.000
10.10010  89.930  -2.684    11.32    -0.45 1.0635e+01  -0.000   0.000
10.12010  90.157  -2.693    11.32    -0.45 1.0635e+01  -0.000   0.000
10.14010  90.383  -2.702    11.32    -0.45 1.0635e+01  -0.000   0.000
10.16010  90.609  -2.711    11.32    -0.45 1.0635e+01  -0.000   0.000
10.18010  90.836  -2.721    11.32    -0.45 1.0635e+01  -0.000   0.000
10.20010  91.062  -2.730    11.32    -0.45 1.0635e+01  -0.000   0.000
10.22010  91.288  -2.739    11.32    -0.45 1.0635e+01  -0.000   0.000
10.24010  91.515  -2.748    11.32    -0.45 1.0636e+01  -0.000   0.000
10.26010  91.741  -2.757    11.32    -0.45 1.0636e+01  -0.000   0.000
10.28010  91.968  -2.766    11.32    -0.45 1.0636e+01  -0.000   0.000
10.30010  92.194  -2.775    11.32    -0.45 1.0636e+01  -0.000   0.000
10.32010  92.420  -2.784    11.32    -0.45 1.0636e+01  -0.000   0.000
10.34010  92.647  -2.793    11.32    -0.45 1.0636e+01  -0.000   0.000
10.36010  92.873  -2.802    11.32    -0.45 1.0636e+01  -0.000   0.000
10.38010  93.099  -2.811    11.32    -0.45 1.0636e+01  -0.000   0.000
10.40010  93.326  -2.821    11.32    -0.45 1.0636e+01  -0.000   0.000
10.42010  93.552  -2.830    11.32    -0.45 1.0636e+01  -0.000   0.000
10.44010  93.779  -2.839    11.32    -0.45 1.0636e+01  -0.000   0.000
10.46010  94.005  -2.848    11.32    -0.45 1.0636e+01  -0.000   0.000
10.48010  94.231  -2.857    11.32    -0.45 1.0636e+01  -0.000   0.000
10.50010  94.458  -2.866    11.32    -0.45 1.0636e+01  -0.000   0.000
10.52010  94.684  -2.875    11.32    -0.45 1.0636e+01  -0.000   0.000
10.54010  94.910  -2.884    11.32    -0.45 1.0636e+01  -0.000   0.000
10.56010  95.137  -2.893    11.32    -0.45 1.0636e+01  -0.000   0.000
10.58010  95.363  -2.902    11.32    -0.45 1.0636e+01  -0.000   0.000
10.60010  95.590  -2.911    11.32    -0.45 1.0636e+01  -0.000   0.000
10.62010  95.816  -2.921    11.32    -0.45 1.0636e+01  -0.000   0.000
10.64010  96.042  -2.930    11.32    -0.45 1.0636e+01  -0.000   0.000
10.66010  96.269  -2.939    11.32    -0.45 1.0637e+01  -0.000   0.000
10.68010  96.495  -2.948    11.32    -0.45 1.0637e+01  -0.000   0.000
10.70010  96.721  -2.957    11.32    -0.45 1.0637e+01  -0.000   0.000
10.72010  96.948  -2.966    11.32    -0.45 1.0637e+01  -0.000   0.000
10.74010  97.174  -2.975    11.32    -0.45 1.0637e+01  -0.000   0.000
10.76010  97.401  -2.984    11.32    -0.45 1.0637e+01  -0.000   0.000
10.78010  97.627  -2.993    11.32    -0.45 1.0637e+01  -0.000   0.000
10.80010  97.853  -3.002    11.32    -0.45 1.0637e+01  -0.000   0.000
10.82010  98.080  -3.011    11.32    -0.45 1.0637e+01  -0.000   0.000
10.84010  98.306  -3.021    11.32    -0.45 1.0637e+01  -0.000   0.000
10.86010  98.532  -3.030    11.32    -0.45 1.0637e+01  -0.000   0.000
10.88010  98.759  -3.039    11.32    -0.45 1.0637e+01  -0.000   0.000
10.90010  98.985  -3.048    11.32    -0.45 1.0637e+01  -0.000   0.000
10.92010  99.211  -3.057    11.32    -0.45 1.0637e+01  -0.000   0.000
10.94010  99.438  -3.066    11.32    -0.45 1.0637e+01  -0.000   0.000
10.96010  99.664  -3.075    11.32    -0.45 1.0637e+01  -0.000   0.000
10.98010  99.891  -3.084    11.32    -0.45 1.0637e+01  -0.000   0.000
11.00010 100.117  -3.093    11.32    -0.45 1.0637e+01  -0.000   0.000
11.02010 100.343  -3.102    11.32    -0.45 1.0637e+01  -0.000   0.000
11.04010 100.570  -3.111    11.32    -0.45 1.0637e+01  -0.000   0.000
11.06010 100.796  -3.121    11.32    -0.45 1.0637e+01  -0.000   0.000
11.08010 101.022  -3.130    11.32    -0.45 1.0637e+01  -0.000   0.000
11.10010 101.249  -3.139    11.32    -0.45 1.0637e+01  -0.000   0.000
11.12010 101.475  -3.148    11.32    -0.45 1.0637e+01  -0.000   0.000
11.14010 101.702  -3.157    11.32    -0.45 1.0638e+01  -0.000   0.000
11.16010 101.928  -3.166    11.32    -0.45 1.0638e+01  -0.000   0.000
11.18010 102.154  -3.175    11.32    -0.45 1.0638e+01  -0.000   0.000
11.20010 102.381  -3.184    11.32    -0.45 1.0638e+01  -0.000   0.000
11.22010 102.607  -3.193    11.32    -0.45 1.0638e+01  -0.000   0.000
11.24010 102.833  -3.202    11.32    -0.45 1.0638e+01  -0.000   0.000
11.26010 103.060  -3.211    11.32    -0.45 1.0638e+01  -0.000   0.000
11.28010 103.286  -3.221    11.32    -0.45 1.0638e+01  -0.000   0.000
11.30010 103.513  -3.230    11.32    -0.45 1.0638e+01  -0.000   0.000
11.32010 103.739  -3.239    11.32    -0.45 1.0638e+01  -0.000   0.000
11.34010 103.965  -3.248    11.32    -0.45 1.0638e+01  -0.000   0.000
11.36010 104.192  -3.257    11.32    -0.45 1.0638e+01  -0.000   0.000
11.38010 104.418  -3.266    11.32    -0.45 1.0638e+01  -0.000   0.000
11.40010 104.644  -3.275    11.32    -0.45 1.0638e+01  -0.000   0.000
11.42010 104.871  -3.284    11.32    -0.45 1.0638e+01  -0.000   0.000
11.44010 105.097  -3.293    11.32    -0.45 1.0638e+01  -0.000   0.000
11.46010 105.324  -3.302    11.32    -0.45 1.0638e+01  -0.000   0.000
11.48010 105.550  -3.311    11.32    -0.45 1.0638e+01  -0.000   0.000
11.50010 105.776  -3.321    11.32    -0.45 1.0638e+01  -0.000   0.000
11.52010 106.003  -3.330    11.32    -0.45 1.0638e+01  -0.000   0.000
11.54010 106.229  -3.339    11.32    -0.45 1.0638e+01  -0.000   0.000
11.56010 106.455  -3.348    11.32    -0.45 1.0638e+01  -0.000   0.000
11.58010 106.682  -3.357    11.32    -0.45 1.0638e+01  -0.000   0.000
11.60010 106.908  -3.366    11.32    -0.45 1.0638e+01  -0.000   0.000
11.62010 107.135  -3.375    11.32    -0.45 1.0638e+01  -0.000   0.000
11.64010 107.361  -3.384    11.32    -0.45 1.0638e+01  -0.000   0.000
11.66010 107.587  -3.393    11.32    -0.45 1.0638e+01  -0.000   0.000
11.68010 107.814  -3.402    11.32    -0.45 1.0639e+01  -0.000   0.000
11.70010 108.040  -3.412    11.32    -0.45 1.0639e+01  -0.000   0.000
11.72010 108.266  -3.421    11.32    -0.45 1.0639e+01  -0.000   0.000
11.74010 108.493  -3.430    11.32    -0.45 1.0639e+01  -0.000   0.000
11.76010 108.719  -3.439    11.32    -0.45 1.0639e+01  -0.000   0.000
11.78010 108.945  -3.448    11.32    -0.45 1.0639e+01  -0.000   0.000
11.80010 109.172  -3.457    11.32    -0.45 1.0639e+01  -0.000   0.000
11.82010 109.398  -3.466    11.32    -0.45 1.0639e+01  -0.000   0.000
11.84010 109.625  -3.475    11.32    -0.45 1.0639e+01  -0.000   0.000
11.86010 109.851  -3.484    11.32    -0.45 1.0639e+01  -0.000   0.000
11.88010 110.077  -3.493    11.32    -0.45 1.0639e+01  -0.000   0.000
11.90010 110.304  -3.502    11.32    -0.45 1.0639e+01  -0.000   0.000
11.92010 110.530  -3.512    11.32    -0.45 1.0639e+01  -0.000   0.000
11.94010 110.756  -3.521    11.32    -0.45 1.0639e+01  -0.000   0.000
11.96010 110.983  -3.530    11.32    -0.45 1.0639e+01  -0.000   0.000
11.98010 111.209  -3.539    11.32    -0.45 1.0639e+01  -0.000   0.000
12.00010 111.436  -3.548    11.32    -0.45 1.0639e+01  -0.000   0.000
12.02010 111.662  -3.557    11.32    -0.45 1.0639e+01  -0.000   0.000
12.04010 111.888  -3.566    11.32    -0.45 1.0639e+01  -0.000   0.000
12.06010 112.115  -3.575    11.32    -0.45 1.0639e+01  -0.000   0.000
12.08010 112.341  -3.584    11.32    -0.45 1.0639e+01  -0.000   0.000
12.10010 112.567  -3.593    11.32    -0.45 1.0639e+01  -0.000   0.000
12.12010 112.794  -3.602    11.32    -0.45 1.0639e+01  -0.000   0.000
12.14010 113.020  -3.612    11.32    -0.45 1.0639e+01  -0.000   0.000
12.16010 113.247  -3.621    11.32    -0.45 1.0639e+01  -0.000   0.000
12.18010 113.473  -3.630    11.32    -0.45 1.0639e+01  -0.000   0.000
12.20010 113.699  -3.639    11.32    -0.45 1.0639e+01  -0.000   0.000
12.22010 113.926  -3.648    11.32    -0.45 1.0639e+01  -0.000   0.000
12.24010 114.152  -3.657    11.32    -0.45 1.0639e+01  -0.000   0.000
12.26010 114.378  -3.666    11.32    -0.45 1.0639e+01  -0.000   0.000
12.28010 114.605  -3.675    11.32    -0.45 1.0639e+01  -0.000   0.000
12.30010 114.831  -3.684    11.32    -0.45 1.0640e+01  -0.000   0.000
12.32010 115.058  -3.693    11.32    -0.45 1.0640e+01  -0.000   0.000
12.34010 115.284  -3.702    11.32    -0.45 1.0640e+01  -0.000   0.000
12.36010 115.510  -3.712    11.32    -0.45 1.0640e+01  -0.000   0.000
12.38010 115.737  -3.721    11.32    -0.45 1.0640e+01  -0.000   0.000
12.40010 115.963  -3.730    11.32    -0.45 1.0640e+01  -0.000   0.000
12.42010 116.189  -3.739    11.32    -0.45 1.0640e+01  -0.000   0.000
12.44010 116.416  -3.748    11.32    -0.45 1.0640e+01  -0.000   0.000
12.46010 116.642  -3.757    11.32    -0.45 1.0640e+01  -0.000   0.000
12.48010 116.868  -3.766    11.32    -0.45 1.0640e+01  -0.000   0.000
12.50010 117.095  -3.775    11.32    -0.45 1.0640e+01  -0.000   0.000
12.52010 117.321  -3.784    11.32    -0.45 1.0640e+01  -0.000   0.000
12.54010 117.548  -3.793    11.32    -0.45 1.0640e+01  -0.000   0.000
12.56010 117.774  -3.802    11.32    -0.45 1.0640e+01  -0.000   0.000
12.58010 118.000  -3.812    11.32    -0.45 1.0640e+01  -0.000   0.000
12.60010 118.227  -3.821    11.32    -0.45 1.0640e+01  -0.000   0.000
12.62010 118.453  -3.830    11.32    -0.45 1.0640e+01  -0.000   0.000
12.64010 118.679  -3.839    11.32    -0.45 1.0640e+01  -0.000   0.000
12.66010 118.906  -3.848    11.32    -0.45 1.0640e+01  -0.000   0.000
12.68010 119.132  -3.857    11.32    -0.45 1.0640e+01  -0.000   0.000
12.70010 119.359  -3.866    11.32    -0.45 1.0640e+01  -0.000   0.000
12.72010 119.585  -3.875    11.32    -0.45 1.0640e+01  -0.000   0.000
12.74010 119.811  -3.884    11.32    -0.45 1.0640e+01  -0.000   0.000
12.76010 120.038  -3.893    11.32    -0.45 1.0640e+01  -0.000   0.000
12.78010 120.264  -3.902    11.32    -0.45 1.0640e+01  -0.000   0.000
12.80010 120.490  -3.912    11.32    -0.45 1.0640e+01  -0.000   0.000
12.82010 120.717  -3.921    11.32    -0.45 1.0640e+01  -0.000   0.000
12.84010 120.943  -3.930    11.32    -0.45 1.0640e+01  -0.000   0.000
12.86010 121.170  -3.939    11.32    -0.45 1.0640e+01  -0.000   0.000
12.88010 121.396  -3.948    11.32    -0.45 1.0640e+01  -0.000   0.000
12.90010 121.622  -3.957    11.32    -0.45 1.0640e+01  -0.000   0.000
12.92010 121.849  -3.966    11.32    -0.45 1.0640e+01  -0.000   0.000
12.94010 122.075  -3.975    11.32    -0.45 1.0640e+01  -0.000   0.000
12.96010 122.301  -3.984    11.32    -0.45 1.0640e+01  -0.000   0.000
12.98010 122.528  -3.993    11.32    -0.45 1.0640e+01  -0.000   0.000
13.00010 122.754  -4.002    11.32    -0.45 1.0640e+01  -0.000   0.000
13.02010 122.980  -4.012    11.32    -0.45 1.0641e+01  -0.000   0.000
13.04010 123.207  -4.021    11.32    -0.45 1.0641e+01  -0.000   0.000
13.06010 123.433  -4.030    11.32    -0.45 1.0641e+01  -0.000   0.000
13.08010 123.660  -4.039    11.32    -0.45 1.0641e+01  -0.000   0.000
13.10010 123.886  -4.048    11.32    -0.45 1.0641e+01  -0.000   0.000
13.12010 124.112  -4.057    11.32    -0.45 1.0641e+01  -0.000   0.000
13.14010 124.339  -4.066    11.32    -0.45 1.0641e+01  -0.000   0.000
13.16010 124.565  -4.075    11.32    -0.45 1.0641e+01  -0.000   0.000
13.18010 124.791  -4.084    11.32    -0.45 1.0641e+01  -0.000   0.000
13.20010 125.018  -4.093    11.32    -0.45 1.0641e+01  -0.000   0.000
13.22010 125.244  -4.102    11.32    -0.45 1.0641e+01  -0.000   0.000
13.24010 125.471  -4.112    11.32    -0.45 1.0641e+01  -0.000   0.000
13.26010 125.697  -4.121    11.32    -0.45 1.0641e+01  -0.000   0.000
13.28010 125.923  -4.130    11.32    -0.45 1.0641e+01  -0.000   0.000
13.30010 126.150  -4.139    11.32    -0.45 1.0641e+01  -0.000   0.000
13.32010 126.376  -4.148    11.32    -0.45 1.0641e+01  -0.000   0.000
13.34010 126.602  -4.157    11.32    -0.45 1.0641e+01  -0.000   0.000
13.36010 126.829  -4.166    11.32    -0.45 1.0641e+01  -0.000   0.000
13.38010 127.055  -4.175    11.32    -0.45 1.0641e+01  -0.000   0.000
13.40010 127.281  -4.184    11.32    -0.45 1.0641e+01  -0.000   0.000
13.42010 127.508  -4.193    11.32    -0.45 1.0641e+01  -0.000   0.000
13.44010 127.734  -4.202    11.32    -0.45 1.0641e+01  -0.000   0.000
13.46010 127.961  -4.212    11.32    -0.45 1.0641e+01  -0.000   0.000
13.48010 128.187  -4.221    11.32    -0.45 1.0641e+01  -0.000   0.000
13.50010 128.413  -4.230    11.32    -0.45 1.0641e+01  -0.000   0.000
13.52010 128.640  -4.239    11.32    -0.45 1.0641e+01  -0.000   0.000
13.54010 128.866  -4.248    11.32    -0.45 1.0641e+01  -0.000   0.000
13.56010 129.092  -4.257    11.32    -0.45 1.0641e+01  -0.000   0.000
13.58010 129.319  -4.266    11.32    -0.45 1.0641e+01  -0.000   0.000
13.60010 129.545  -4.275    11.32    -0.45 1.0641e+01  -0.000   0.000
13.62010 129.772  -4.284    11.32    -0.45 1.0641e+01  -0.000   0.000
13.64010 129.998  -4.293    11.32    -0.45 1.0641e+01  -0.000   0.000
13.66010 130.224  -4.302    11.32    -0.45 1.0641e+01  -0.000   0.000
13.68010 130.451  -4.312    11.32    -0.45 1.0641e+01  -0.000   0.000
13.70010 130.677  -4.321    11.32    -0.45 1.0641e+01  -0.000   0.000
13.72010 130.903  -4.330    11.32    -0.45 1.0641e+01  -0.000   0.000
13.74010 131.130  -4.339    11.32    -0.45 1.0641e+01  -0.000   0.000
13.76010 131.356  -4.348    11.32    -0.45 1.0641e+01  -0.000   0.000
13.78010 131.582  -4.357    11.32    -0.45 1.0641e+01  -0.000   0.000
13.80010 131.809  -4.366    11.32    -0.45 1.0641e+01  -0.000   0.000
13.82010 132.035  -4.375    11.32    -0.45 1.0641e+01  -0.000   0.000
13.84010 132.262  -4.384    11.32    -0.45 1.0641e+01  -0.000   0.000
13.86010 132.488  -4.393    11.32    -0.45 1.0642e+01  -0.000   0.000
13.88010 132.714  -4.402    11.32    -0.45 1.0642e+01  -0.000   0.000
13.90010 132.941  -4.412    11.32    -0.45 1.0642e+01  -0.000   0.000
13.92010 133.167  -4.421    11.32    -0.45 1.0642e+01  -0.000   0.000
13.94010 133.393  -4.430    11.32    -0.45 1.0642e+01  -0.000   0.000
13.96010 133.620  -4.439    11.32    -0.45 1.0642e+01  -0.000   0.000
13.98010 133.846  -4.448    11.32    -0.45 1.0642e+01  -0.000   0.000
14.00010 134.073  -4.457    11.32    -0.45 1.0642e+01  -0.000   0.000
14.02010 134.299  -4.466    11.32    -0.45 1.0642e+01  -0.000   0.000
14.04010 134.525  -4.475    11.32    -0.45 1.0642e+01  -0.000   0.000
14.06010 134.752  -4.484    11.32    -0.45 1.0642e+01  -0.000   0.000
14.08010 134.978  -4.493    11.32    -0.45 1.0642e+01  -0.000   0.000
14.10010 135.204  -4.502    11.32    -0.45 1.0642e+01  -0.000   0.000
14.12010 135.431  -4.512    11.32    -0.45 1.0642e+01  -0.000   0.000
14.14010 135.657  -4.521    11.32    -0.45 1.0642e+01  -0.000   0.000
14.16010 135.883  -4.530    11.32    -0.45 1.0642e+01  -0.000   0.000
14.18010 136.110  -4.539    11.32    -0.45 1.0642e+01  -0.000   0.000
14.20010 136.336  -4.548    11.32    -0.45 1.0642e+01  -0.000   0.000
14.22010 136.563  -4.557    11.32    -0.45 1.0642e+01  -0.000   0.000
14.24010 136.789  -4.566    11.32    -0.45 1.0642e+01  -0.000   0.000
14.26010 137.015  -4.575    11.32    -0.45 1.0642e+01  -0.000   0.000
14.28010 137.242  -4.584    11.32    -0.45 1.0642e+01  -0.000   0.000
14.30010 137.468  -4.593    11.32    -0.45 1.0642e+01  -0.000   0.000
14.32010 137.694  -4.602    11.32    -0.45 1.0642e+01  -0.000   0.000
14.34010 137.921  -4.612    11.32    -0.45 1.0642e+01  -0.000   0.000
14.36010 138.147  -4.621    11.32    -0.45 1.0642e+01  -0.000   0.000
14.38010 138.374  -4.630    11.32    -0.45 1.0642e+01  -0.000   0.000
14.40010 138.600  -4.639    11.32    -0.45 1.0642e+01  -0.000   0.000
14.42010 138.826  -4.648    11.32    -0.45 1.0642e+01  -0.000   0.000
14.44010 139.053  -4.657    11.32    -0.45 1.0642e+01  -0.000   0.000
14.46010 139.279  -4.666    11.32    -0.45 1.0642e+01  -0.000   0.000
14.48010 139.505  -4.675    11.32    -0.45 1.0642e+01  -0.000   0.000
14.50010 139.732  -4.684    11.32    -0.45 1.0642e+01  -0.000   0.000
14.52010 139.958  -4.693    11.32    -0.45 1.0642e+01  -0.000   0.000
14.54010 140.184  -4.702    11.32    -0.45 1.0642e+01  -0.000   0.000
14.56010 140.411  -4.712    11.32    -0.45 1.0642e+01  -0.000   0.000
14.58010 140.637  -4.721    11.32    -0.45 1.0642e+01  -0.000   0.000
14.60010 140.864  -4.730    11.32    -0.45 1.0642e+01  -0.000   0.000
14.62010 141.090  -4.739    11.32    -0.45 1.0642e+01  -0.000   0.000
14.64010 141.316  -4.748    11.32    -0.45 1.0642e+01  -0.000   0.000
14.66010 141.543  -4.757    11.32    -0.45 1.0642e+01  -0.000   0.000
14.68010 141.769  -4.766    11.32    -0.45 1.0642e+01  -0.000   0.000
14.70010 141.995  -4.775    11.32    -0.45 1.0642e+01  -0.000   0.000
14.72010 142.222  -4.784    11.32    -0.45 1.0642e+01  -0.000   0.000
14.74010 142.448  -4.793    11.32    -0.45 1.0642e+01  -0.000   0.000
14.76010 142.674  -4.802    11.32    -0.45 1.0642e+01  -0.000   0.000
14.78010 142.901  -4.812    11.32    -0.45 1.0642e+01  -0.000   0.000
14.80010 143.127  -4.821    11.32    -0.45 1.0642e+01  -0.000   0.000
14.82010 143.354  -4.830    11.32    -0.45 1.0642e+01  -0.000   0.000
14.84010 143.580  -4.839    11.32    -0.45 1.0642e+01  -0.000   0.000
14.86010 143.806  -4.848    11.32    -0.45 1.0642e+01  -0.000   0.000
14.88010 144.033  -4.857    11.32    -0.45 1.0643e+01  -0.000   0.000
14.90010 144.259  -4.866    11.32    -0.45 1.0643e+01  -0.000   0.000
14.92010 144.485  -4.875    11.32    -0.45 1.0643e+01  -0.000   0.000
14.94010 144.712  -4.884    11.32    -0.45 1.0643e+01  -0.000   0.000
14.96010 144.938  -4.893    11.32    -0.45 1.0643e+01  -0.000   0.000
14.98010 145.165  -4.902    11.32    -0.45 1.0643e+01  -0.000   0.000
15.00010 145.391  -4.912    11.32    -0.45 1.0643e+01  -0.000   0.000
15.02010 145.617  -4.921    11.32    -0.45 1.0643e+01  -0.000   0.000
15.04010 145.844  -4.930    11.32    -0.45 1.0643e+01  -0.000   0.000
15.06010 146.070  -4.939    11.32    -0.45 1.0643e+01  -0.000   0.000
15.08010 146.296  -4.948    11.32    -0.45 1.0643e+01  -0.000   0.000
15.10010 146.523  -4.957    11.32    -0.45 1.0643e+01  -0.000   0.000
15.12010 146.749  -4.966    11.32    -0.45 1.0643e+01  -0.000   0.000
15.14010 146.975  -4.975    11.32    -0.45 1.0643e+01  -0.000   0.000
15.16010 147.202  -4.984    11.32    -0.45 1.0643e+01  -0.000   0.000
15.18010 147.428  -4.993    11.32    -0.45 1.0643e+01  -0.000   0.000
15.20010 147.655  -5.002    11.32    -0.45 1.0643e+01  -0.000   0.000
15.22010 147.881  -5.012    11.32    -0.45 1.0643e+01  -0.000   0.000
15.24010 148.107  -5.021    11.32    -0.45 1.0643e+01  -0.000   0.000
15.26010 148.334  -5.030    11.32    -0.45 1.0643e+01  -0.000   0.000
15.28010 148.560  -5.039    11.32    -0.45 1.0643e+01  -0.000   0.000
15.30010 148.786  -5.048    11.32    -0.45 1.0643e+01  -0.000   0.000
15.32010 149.013  -5.057    11.32    -0.45 1.0643e+01  -0.000   0.000
15.34010 149.239  -5.066    11.32    -0.45 1.0643e+01  -0.000   0.000
15.36010 149.465  -5.075    11.32    -0.45 1.0643e+01  -0.000   0.000
15.38010 149.692  -5.084    11.32    -0.45 1.0643e+01  -0.000   0.000
15.40010 149.918  -5.093    11.32    -0.45 1.0643e+01  -0.000   0.000
15.42010 150.145  -5.102    11.32    -0.45 1.0643e+01  -0.000   0.000
15.44010 150.371  -5.112    11.32    -0.45 1.0643e+01  -0.000   0.000
15.46010 150.597  -5.121    11.32    -0.45 1.0643e+01  -0.000   0.000
15.48010 150.824  -5.130    11.32    -0.45 1.0643e+01  -0.000   0.000
15.50010 151.050  -5.139    11.32    -0.45 1.0643e+01  -0.000   0.000
15.52010 151.276  -5.148    11.32    -0.45 1.0643e+01  -0.000   0.000
15.54010 151.503  -5.157    11.32    -0.45 1.0643e+01  -0.000   0.000
15.56010 151.729  -5.166    11.32    -0.45 1.0643e+01  -0.000   0.000
15.58010 151.956  -5.175    11.32    -0.45 1.0643e+01  -0.000   0.000
15.60010 152.182  -5.184    11.32    -0.45 1.0643e+01  -0.000   0.000
15.62010 152.408  -5.193    11.32    -0.45 1.0643e+01  -0.000   0.000
15.64010 152.635  -5.202    11.32    -0.45 1.0643e+01  -0.000   0.000
15.66010 152.861  -5.212    11.32    -0.45 1.0643e+01  -0.000   0.000
15.68010 153.087  -5.221    11.32    -0.45 1.0643e+01  -0.000   0.000
15.70010 153.314  -5.230    11.32    -0.45 1.0643e+01  -0.000   0.000
15.72010 153.540  -5.239    11.32    -0.45 1.0643e+01  -0.000   0.000
15.74010 153.766  -5.248    11.32    -0.45 1.0643e+01  -0.000   0.000
15.76010 153.993  -5.257    11.32    -0.45 1.0643e+01  -0.000   0.000
15.78010 154.219  -5.266    11.32    -0.45 1.0643e+01  -0.000   0.000
15.80010 154.446  -5.275    11.32    -0.45 1.0643e+01  -0.000   0.000
15.82010 154.672  -5.284    11.32    -0.45 1.0643e+01  -0.000   0.000
15.84010 154.898  -5.293    11.32    -0.45 1.0643e+01  -0.000   0.000
15.86010 155.125  -5.303    11.32    -0.45 1.0643e+01  -0.000   0.000
15.88010 155.351  -5.312    11.32    -0.45 1.0643e+01  -0.000   0.000
15.90010 155.577  -5.321    11.32    -0.45 1.0643e+01  -0.000   0.000
15.92010 155.804  -5.330    11.32    -0.45 1.0643e+01  -0.000   0.000
15.94010 156.030  -5.339    11.32    -0.45 1.0643e+01  -0.000   0.000
15.96010 156.256  -5.348    11.32    -0.45 1.0643e+01  -0.000   0.000
15.98010 156.483  -5.357    11.32    -0.45 1.0643e+01  -0.000   0.000
16.00010 156.709  -5.366    11.32    -0.45 1.0643e+01  -0.000   0.000
16.02010 156.936  -5.375    11.32    -0.45 1.0643e+01  -0.000   0.000
16.04010 157.162  -5.384    11.32    -0.45 1.0643e+01  -0.000   0.000
16.06010 157.388  -5.393    11.32    -0.45 1.0643e+01  -0.000   0.000
16.08010 157.615  -5.403    11.32    -0.45 1.0643e+01  -0.000   0.000
16.10010 157.841  -5.412    11.32    -0.45 1.0643e+01  -0.000   0.000
16.12010 158.067  -5.421    11.32    -0.45 1.0644e+01  -0.000   0.000
16.14010 158.294  -5.430    11.32    -0.45 1.0644e+01  -0.000   0.000
16.16010 158.520  -5.439    11.32    -0.45 1.0644e+01  -0.000   0.000
16.18010 158.747  -5.448    11.32    -0.45 1.0644e+01  -0.000   0.000
16.20010 158.973  -5.457    11.32    -0.45 1.0644e+01  -0.000   0.000
16.22010 159.199  -5.466    11.32    -0.45 1.0644e+01  -0.000   0.000
16.24010 159.426  -5.475    11.32    -0.45 1.0644e+01  -0.000   0.000
16.26010 159.652  -5.484    11.32    -0.45 1.0644e+01  -0.000   0.000
16.28010 159.878  -5.493    11.32    -0.45 1.0644e+01  -0.000   0.000
16.30010 160.105  -5.503    11.32    -0.45 1.0644e+01  -0.000   0.000
16.32010 160.331  -5.512    11.32    -0.45 1.0644e+01  -0.000   0.000
16.34010 160.557  -5.521    11.32    -0.45 1.0644e+01  -0.000   0.000
16.36010 160.784  -5.530    11.32    -0.45 1.0644e+01  -0.000   0.000
16.38010 161.010  -5.539    11.32    -0.45 1.0644e+01  -0.000   0.000
16.40010 161.237  -5.548    11.32    -0.45 1.0644e+01  -0.000   0.000
16.42010 161.463  -5.557    11.32    -0.45 1.0644e+01  -0.000   0.000
16.44010 161.689  -5.566    11.32    -0.45 1.0644e+01  -0.000   0.000
16.46010 161.916  -5.575    11.32    -0.45 1.0644e+01  -0.000   0.000
16.48010 162.142  -5.584    11.32    -0.45 1.0644e+01  -0.000   0.000
16.50010 162.368  -5.593    11.32    -0.45 1.0644e+01  -0.000   0.000
16.52010 162.595  -5.603    11.32    -0.45 1.0644e+01  -0.000   0.000
16.54010 162.821  -5.612    11.32    -0.45 1.0644e+01  -0.000   0.000
16.56010 163.047  -5.621    11.32    -0.45 1.0644e+01  -0.000   0.000
16.58010 163.274  -5.630    11.32    -0.45 1.0644e+01  -0.000   0.000
16.60010 163.500  -5.639    11.32    -0.45 1.0644e+01  -0.000   0.000
16.62010 163.727  -5.648    11.32    -0.45 1.0644e+01  -0.000   0.000
16.64010 163.953  -5.657    11.32    -0.45 1.0644e+01  -0.000   0.000
16.66010 164.179  -5.666    11.32    -0.45 1.0644e+01  -0.000   0.000
16.68010 164.406  -5.675    11.32    -0.45 1.0644e+01  -0.000   0.000
16.70010 164.632  -5.684    11.32    -0.45 1.0644e+01  -0.000   0.000
16.72010 164.858  -5.693    11.32    -0.45 1.0644e+01  -0.000   0.000
16.74010 165.085  -5.703    11.32    -0.45 1.0644e+01  -0.000   0.000
16.76010 165.311  -5.712    11.32    -0.45 1.0644e+01  -0.000   0.000
16.78010 165.537  -5.721    11.32    -0.45 1.0644e+01  -0.000   0.000
16.80010 165.764  -5.730    11.32    -0.45 1.0644e+01  -0.000   0.000
16.82010 165.990  -5.739    11.32    -0.45 1.0644e+01  -0.000   0.000
16.84010 166.217  -5.748    11.32    -0.45 1.0644e+01  -0.000   0.000
16.86010 166.443  -5.757    11.32    -0.45 1.0644e+01  -0.000   0.000
16.88010 166.669  -5.766    11.32    -0.45 1.0644e+01  -0.000   0.000
16.90010 166.896  -5.775    11.32    -0.45 1.0644e+01  -0.000   0.000
16.92010 167.122  -5.784    11.32    -0.45 1.0644e+01  -0.000   0.000
16.94010 167.348  -5.793    11.32    -0.45 1.0644e+01  -0.000   0.000
16.96010 167.575  -5.803    11.32    -0.45 1.0644e+01  -0.000   0.000
16.98010 167.801  -5.812    11.32    -0.45 1.0644e+01  -0.000   0.000
17.00010 168.027  -5.821    11.32    -0.45 1.0644e+01  -0.000   0.000
17.02010 168.254  -5.830    11.32    -0.45 1.0644e+01  -0.000   0.000
17.04010 168.480  -5.839    11.32    -0.45 1.0644e+01  -0.000   0.000
17.06010 168.707  -5.848    11.32    -0.45 1.0644e+01  -0.000   0.000
17.08010 168.933  -5.857    11.32    -0.45 1.0644e+01  -0.000   0.000
17.10010 169.159  -5.866    11.32    -0.45 1.0644e+01  -0.000   0.000
17.12010 169.386  -5.875    11.32    -0.45 1.0644e+01  -0.000   0.000
17.14010 169.612  -5.884    11.32    -0.45 1.0644e+01  -0.000   0.000
17.16010 169.838  -5.893    11.32    -0.45 1.0644e+01  -0.000   0.000
17.18010 170.065  -5.903    11.32    -0.45 1.0644e+01  -0.000   0.000
17.20010 170.291  -5.912    11.32    -0.45 1.0644e+01  -0.000   0.000
17.22010 170.518  -5.921    11.32    -0.45 1.0644e+01  -0.000   0.000
17.24010 170.744  -5.930    11.32    -0.45 1.0644e+01  -0.000   0.000
17.26010 170.970  -5.939    11.32    -0.45 1.0644e+01  -0.000   0.000
17.28010 171.197  -5.948    11.32    -0.45 1.0644e+01  -0.000   0.000
17.30010 171.423  -5.957    11.32    -0.45 1.0644e+01  -0.000   0.000
17.32010 171.649  -5.966    11.32    -0.45 1.0644e+01  -0.000   0.000
17.34010 171.876  -5.975    11.32    -0.45 1.0644e+01  -0.000   0.000
17.36010 172.102  -5.984    11.32    -0.45 1.0644e+01  -0.000   0.000
17.38010 172.328  -5.993    11.32    -0.45 1.0644e+01  -0.000   0.000
17.40010 172.555  -6.003    11.32    -0.45 1.0644e+01  -0.000   0.000
17.42010 172.781  -6.012    11.32    -0.45 1.0644e+01  -0.000   0.000
17.44010 173.008  -6.021    11.32    -0.45 1.0644e+01  -0.000   0.000
17.46010 173.234  -6.030    11.32    -0.45 1.0644e+01  -0.000   0.000
17.48010 173.460  -6.039    11.32    -0.45 1.0644e+01  -0.000   0.000
17.50010 173.687  -6.048    11.32    -0.45 1.0644e+01  -0.000   0.000
17.52010 173.913  -6.057    11.32    -0.45 1.0644e+01  -0.000   0.000
17.54010 174.139  -6.066    11.32    -0.45 1.0644e+01  -0.000   0.000
17.56010 174.366  -6.075    11.32    -0.45 1.0644e+01  -0.000   0.000
17.58010 174.592  -6.084    11.32    -0.45 1.0644e+01  -0.000   0.000
17.60010 174.818  -6.093    11.32    -0.45 1.0644e+01  -0.000   0.000
17.62010 175.045  -6.103    11.32    -0.45 1.0644e+01  -0.000   0.000
17.64010 175.271  -6.112    11.32    -0.45 1.0644e+01  -0.000   0.000
17.66010 175.498  -6.121    11.32    -0.45 1.0645e+01  -0.000   0.000
17.68010 175.724  -6.130    11.32    -0.45 1.0645e+01  -0.000   0.000
17.70010 175.950  -6.139    11.32    -0.45 1.0645e+01  -0.000   0.000
17.72010 176.177  -6.148    11.32    -0.45 1.0645e+01  -0.000   0.000
17.74010 176.403  -6.157    11.32    -0.45 1.0645e+01  -0.000   0.000
17.76010 176.629  -6.166    11.32    -0.45 1.0645e+01  -0.000   0.000
17.78010 176.856  -6.175    11.32    -0.45 1.0645e+01  -0.000   0.000
17.80010 177.082  -6.184    11.32    -0.45 1.0645e+01  -0.000   0.000
17.82010 177.308  -6.193    11.32    -0.45 1.0645e+01  -0.000   0.000
17.84010 177.535  -6.203    11.32    -0.45 1.0645e+01  -0.000   0.000
17.86010 177.761  -6.212    11.32    -0.45 1.0645e+01  -0.000   0.000
17.88010 177.988  -6.221    11.32    -0.45 1.0645e+01  -0.000   0.000
17.90010 178.214  -6.230    11.32    -0.45 1.0645e+01  -0.000   0.000
17.92010 178.440  -6.239    11.32    -0.45 1.0645e+01  -0.000   0.000
17.94010 178.667  -6.248    11.32    -0.45 1.0645e+01  -0.000   0.000
17.96010 178.893  -6.257    11.32    -0.45 1.0645e+01  -0.000   0.000
17.98010 179.119  -6.266    11.32    -0.45 1.0645e+01  -0.000   0.000
18.00010 179.346  -6.275    11.32    -0.45 1.0645e+01  -0.000   0.000
18.02010 179.572  -6.284    11.32    -0.45 1.0645e+01  -0.000   0.000
18.04010 179.798  -6.293    11.32    -0.45 1.0645e+01  -0.000   0.000
18.06010 180.025  -6.303    11.32    -0.45 1.0645e+01  -0.000   0.000
18.08010 180.251  -6.312    11.32    -0.45 1.0645e+01  -0.000   0.000
18.10010 180.478  -6.321    11.32    -0.45 1.0645e+01  -0.000   0.000
18.12010 180.704  -6.330    11.32    -0.45 1.0645e+01  -0.000   0.000
18.14010 180.930  -6.339    11.32    -0.45 1.0645e+01  -0.000   0.000
18.16010 181.157  -6.348    11.32    -0.45 1.0645e+01  -0.000   0.000
18.18010 181.383  -6.357    11.32    -0.45 1.0645e+01  -0.000   0.000
18.20010 181.609  -6.366    11.32    -0.45 1.0645e+01  -0.000   0.000
18.22010 181.836  -6.375    11.32    -0.45 1.0645e+01  -0.000   0.000
18.24010 182.062  -6.384    11.32    -0.45 1.0645e+01  -0.000   0.000
18.26010 182.288  -6.393    11.32    -0.45 1.0645e+01  -0.000   0.000
18.28010 182.515  -6.403    11.32    -0.45 1.0645e+01  -0.000   0.000
18.30010 182.741  -6.412    11.32    -0.45 1.0645e+01  -0.000   0.000
18.32010 182.968  -6.421    11.32    -0.45 1.0645e+01  -0.000   0.000
18.34010 183.194  -6.430    11.32    -0.45 1.0645e+01  -0.000   0.000
18.36010 183.420  -6.439    11.32    -0.45 1.0645e+01  -0.000   0.000
18.38010 183.647  -6.448    11.32    -0.45 1.0645e+01  -0.000   0.000
18.40010 183.873  -6.457    11.32    -0.45 1.0645e+01  -0.000   0.000
18.42010 184.099  -6.466    11.32    -0.45 1.0645e+01  -0.000   0.000
18.44010 184.326  -6.475    11.32    -0.45 1.0645e+01  -0.000   0.000
18.46010 184.552  -6.484    11.32    -0.45 1.0645e+01  -0.000   0.000
18.48010 184.778  -6.493    11.32    -0.45 1.0645e+01  -0.000   0.000
18.50010 185.005  -6.503    11.32    -0.45 1.0645e+01  -0.000   0.000
18.52010 185.231  -6.512    11.32    -0.45 1.0645e+01  -0.000   0.000
18.54010 185.458  -6.521    11.32    -0.45 1.0645e+01  -0.000   0.000
18.56010 185.684  -6.530    11.32    -0.45 1.0645e+01  -0.000   0.000
18.58010 185.910  -6.539    11.32    -0.45 1.0645e+01  -0.000   0.000
18.60010 186.137  -6.548    11.32    -0.45 1.0645e+01  -0.000   0.000
18.62010 186.363  -6.557    11.32    -0.45 1.0645e+01  -0.000   0.000
18.64010 186.589  -6.566    11.32    -0.45 1.0645e+01  -0.000   0.000
18.66010 186.816  -6.575    11.32    -0.45 1.0645e+01  -0.000   0.000
18.68010 187.042  -6.584    11.32    -0.45 1.0645e+01  -0.000   0.000
18.70010 187.268  -6.593    11.32    -0.45 1.0645e+01  -0.000   0.000
18.72010 187.495  -6.603    11.32    -0.45 1.0645e+01  -0.000   0.000
18.74010 187.721  -6.612    11.32    -0.45 1.0645e+01  -0.000   0.000
18.76010 187.948  -6.621    11.32    -0.45 1.0645e+01  -0.000   0.000
18.78010 188.174  -6.630    11.32    -0.45 1.0645e+01  -0.000   0.000
18.80010 188.400  -6.639    11.32    -0.45 1.0645e+01  -0.000   0.000
18.82010 188.627  -6.648    11.32    -0.45 1.0645e+01  -0.000   0.000
18.84010 188.853  -6.657    11.32    -0.45 1.0645e+01  -0.000   0.000
18.86010 189.079  -6.666    11.32    -0.45 1.0645e+01  -0.000   0.000
18.88010 189.306  -6.675    11.32    -0.45 1.0645e+01  -0.000   0.000
18.90010 189.532  -6.684    11.32    -0.45 1.0645e+01  -0.000   0.000
18.92010 189.758  -6.693    11.32    -0.45 1.0645e+01  -0.000   0.000
18.94010 189.985  -6.703    11.32    -0.45 1.0645e+01  -0.000   0.000
18.96010 190.211  -6.712    11.32    -0.45 1.0645e+01  -0.000   0.000
18.98010 190.438  -6.721    11.32    -0.45 1.0645e+01  -0.000   0.000
19.00010 190.664  -6.730    11.32    -0.45 1.0645e+01  -0.000   0.000
19.02010 190.890  -6.739    11.32    -0.45 1.0645e+01  -0.000   0.000
19.04010 191.117  -6.748    11.32    -0.45 1.0645e+01  -0.000   0.000
19.06010 191.343  -6.757    11.32    -0.45 1.0645e+01  -0.000   0.000
19.08010 191.569  -6.766    11.32    -0.45 1.0645e+01  -0.000   0.000
19.10010 191.796  -6.775    11.32    -0.45 1.0645e+01  -0.000   0.000
19.12010 192.022  -6.784    11.32    -0.45 1.0645e+01  -0.000   0.000
19.14010 192.248  -6.793    11.32    -0.45 1.0645e+01  -0.000   0.000
19.16010 192.475  -6.803    11.32    -0.45 1.0645e+01  -0.000   0.000
19.18010 192.701  -6.812    11.32    -0.45 1.0645e+01  -0.000   0.000
19.20010 192.928  -6.821    11.32    -0.45 1.0645e+01  -0.000   0.000
19.22010 193.154  -6.830    11.32    -0.45 1.0645e+01  -0.000   0.000
19.24010 193.380  -6.839    11.32    -0.45 1.0645e+01  -0.000   0.000
19.26010 193.607  -6.848    11.32    -0.45 1.0645e+01  -0.000   0.000
19.28010 193.833  -6.857    11.32    -0.45 1.0645e+01  -0.000   0.000
19.30010 194.059  -6.866    11.32    -0.45 1.0645e+01  -0.000   0.000
19.32010 194.286  -6.875    11.32    -0.45 1.0645e+01  -0.000   0.000
19.34010 194.512  -6.884    11.32    -0.45 1.0645e+01  -0.000   0.000
19.36010 194.738  -6.893    11.32    -0.45 1.0645e+01  -0.000   0.000
19.38010 194.965  -6.903    11.32    -0.45 1.0645e+01  -0.000   0.000
19.40010 195.191  -6.912    11.32    -0.45 1.0645e+01  -0.000   0.000
19.42010 195.418  -6.921    11.32    -0.45 1.0645e+01  -0.000   0.000
19.44010 195.644  -6.930    11.32    -0.45 1.0645e+01  -0.000   0.000
19.46010 195.870  -6.939    11.32    -0.45 1.0645e+01  -0.000   0.000
19.48010 196.097  -6.948    11.32    -0.45 1.0645e+01  -0.000   0.000
19.50010 196.323  -6.957    11.32    -0.45 1.0645e+01  -0.000   0.000
19.52010 196.549  -6.966    11.32    -0.45 1.0645e+01  -0.000   0.000
19.54010 196.776  -6.975    11.32    -0.45 1.0645e+01  -0.000   0.000
19.56010 197.002  -6.984    11.32    -0.45 1.0645e+01  -0.000   0.000
19.58010 197.228  -6.993    11.32    -0.45 1.0645e+01  -0.000   0.000
19.60010 197.455  -7.003    11.32    -0.45 1.0645e+01  -0.000   0.000
19.62010 197.681  -7.012    11.32    -0.45 1.0646e+01  -0.000   0.000
19.64010 197.908  -7.021    11.32    -0.45 1.0646e+01  -0.000   0.000
19.66010 198.134  -7.030    11.32    -0.45 1.0646e+01  -0.000   0.000
19.68010 198.360  -7.039    11.32    -0.45 1.0646e+01  -0.000   0.000
19.70010 198.587  -7.048    11.32    -0.45 1.0646e+01  -0.000   0.000
19.72010 198.813  -7.057    11.32    -0.45 1.0646e+01  -0.000   0.000
19.74010 199.039  -7.066    11.32    -0.45 1.0646e+01  -0.000   0.000
19.76010 199.266  -7.075    11.32    -0.45 1.0646e+01  -0.000   0.000
19.78010 199.492  -7.084    11.32    -0.45 1.0646e+01  -0.000   0.000
19.80010 199.718  -7.093    11.32    -0.45 1.0646e+01  -0.000   0.000
19.82010 199.945  -7.103    11.32    -0.45 1.0646e+01  -0.000   0.000
19.84010 200.171  -7.112    11.32    -0.45 1.0646e+01  -0.000   0.000
19.86010 200.398  -7.121    11.32    -0.45 1.0646e+01  -0.000   0.000
19.88010 200.624  -7.130    11.32    -0.45 1.0646e+01  -0.000   0.000
19.90010 200.850  -7.139    11.32    -0.45 1.0646e+01  -0.000   0.000
19.92010 201.077  -7.148    11.32    -0.45 1.0646e+01  -0.000   0.000
19.94010 201.303  -7.157    11.32    -0.45 1.0646e+01  -0.000   0.000
19.96010 201.529  -7.166    11.32    -0.45 1.0646e+01  -0.000   0.000
19.98010 201.756  -7.175    11.32    -0.45 1.0646e+01  -0.000   0.000
20.00010 201.982  -7.184    11.32    -0.45 1.0646e+01  -0.000   0.000
