 0.02002   1.041   0.026    -0.91     1.23 -2.0988e-04 -56.538 -10.438
 0.04002   1.003   0.042    -4.66    -1.78 1.1358e-02 -1157.467 -2660.359
 0.06002   1.061   0.007     2.94    -1.05 9.8634e-01 -12.970  12.123
 0.08000   1.118  -0.013     2.79    -0.92 9.8398e-01  -4.418   3.268
 0.10000   1.173  -0.031     2.72    -0.88 9.8619e-01  -2.475   1.529
 0.12000   1.227  -0.048     2.68    -0.85 9.8941e-01  -1.699   0.898
 0.14000   1.280  -0.065     2.65    -0.84 9.9288e-01  -1.296   0.599
 0.16000   1.333  -0.081     2.63    -0.83 9.9636e-01  -1.051   0.434
 0.18002   1.386  -0.098     2.61    -0.82 9.9974e-01  -0.887   0.333
 0.20002   1.438  -0.114     2.59    -0.82 1.0030e+00  -0.768   0.267
 0.22002   1.489  -0.131     2.58    -0.81 1.0060e+00  -0.678   0.220
 0.24002   1.541  -0.147     2.57    -0.81 1.0089e+00  -0.607   0.187
 0.26002   1.592  -0.163     2.55    -0.80 1.0115e+00  -0.549   0.162
 0.28002   1.643  -0.179     2.54    -0.80 1.0140e+00  -0.501   0.142
 0.30000   1.694  -0.195     2.53    -0.80 1.0163e+00  -0.460   0.127
 0.32000   1.744  -0.211     2.53    -0.80 1.0184e+00  -0.425   0.114
 0.34000   1.795  -0.227     2.52    -0.79 1.0203e+00  -0.395   0.104
 0.36000   1.845  -0.242     2.51    -0.79 1.0220e+00  -0.368   0.095
 0.38000   1.895  -0.258     2.50    -0.79 1.0236e+00  -0.344   0.088
 0.40000   1.945  -0.274     2.50    -0.79 1.0250e+00  -0.323   0.081
 0.42000   1.995  -0.290     2.49    -0.79 1.0263e+00  -0.304   0.076
 0.44000   2.045  -0.305     2.48    -0.78 1.0274e+00  -0.286   0.071
 0.46000   2.094  -0.321     2.48    -0.78 1.0285e+00  -0.271   0.066
 0.48000   2.144  -0.337     2.47    -0.78 1.0294e+00  -0.256   0.063
 0.50000   2.193  -0.352     2.47    -0.78 1.0302e+00  -0.243   0.059
 0.52000   2.243  -0.368     2.46    -0.78 1.0309e+00  -0.231   0.056
 0.54000   2.292  -0.384     2.46    -0.78 1.0315e+00  -0.220   0.053
 0.56000   2.341  -0.399     2.45    -0.78 1.0320e+00  -0.210   0.051
 0.58000   2.390  -0.415     2.45    -0.78 1.0325e+00  -0.200   0.048
 0.60000   2.439  -0.430     2.45    -0.78 1.0329e+00  -0.191   0.046
 0.62000   2.488  -0.446     2.44    -0.77 1.0332e+00  -0.183   0.044
 0.64000   2.537  -0.461     2.44    -0.77 1.0335e+00  -0.175   0.042
 0.66000   2.585  -0.477     2.44    -0.77 1.0337e+00  -0.168   0.041
 0.68000   2.634  -0.492     2.43    -0.77 1.0339e+00  -0.162   0.039
 0.70000   2.683  -0.507     2.43    -0.77 1.0340e+00  -0.155   0.038
 0.72000   2.731  -0.523     2.43    -0.77 1.0341e+00  -0.149   0.036
 0.74000   2.780  -0.538     2.42    -0.77 1.0342e+00  -0.144   0.035
 0.76000   2.828  -0.554     2.42    -0.77 1.0342e+00  -0.138   0.034
 0.78000   2.877  -0.569     2.42    -0.77 1.0343e+00  -0.133   0.033
 0.80000   2.925  -0.584     2.42    -0.77 1.0343e+00  -0.129   0.031
 0.82000   2.973  -0.600     2.41    -0.77 1.0343e+00  -0.124   0.030
 0.84000   3.021  -0.615     2.41    -0.77 1.0343e+00  -0.120   0.029
 0.86000   3.070  -0.630     2.41    -0.77 1.0343e+00  -0.116   0.029
 0.88000   3.118  -0.646     2.41    -0.77 1.0343e+00  -0.112   0.028
 0.90000   3.166  -0.661     2.40    -0.76 1.0343e+00  -0.109   0.027
 0.92000   3.214  -0.676     2.40    -0.76 1.0342e+00  -0.105   0.026
 0.94000   3.262  -0.692     2.40    -0.76 1.0342e+00  -0.102   0.025
 0.96000   3.310  -0.707     2.40    -0.76 1.0342e+00  -0.099   0.025
 0.98000   3.358  -0.722     2.39    -0.76 1.0342e+00  -0.096   0.024
 1.00000   3.406  -0.737     2.39    -0.76 1.0342e+00  -0.093   0.023
 1.02000   3.453  -0.753     2.39    -0.76 1.0343e+00  -0.091   0.023
 1.04000   3.501  -0.768     2.39    -0.76 1.0343e+00  -0.088   0.022
 1.06000   3.549  -0.783     2.39    -0.76 1.0343e+00  -0.085   0.021
 1.08000   3.597  -0.798     2.39    -0.76 1.0344e+00  -0.083   0.021
 1.10000   3.644  -0.813     2.38    -0.76 1.0345e+00  -0.081   0.020
 1.12000   3.692  -0.829     2.38    -0.76 1.0346e+00  -0.079   0.020
 1.14000   3.740  -0.844     2.38    -0.76 1.0347e+00  -0.077   0.019
 1.16002   3.787  -0.859     2.38    -0.76 1.0348e+00  -0.075   0.019
 1.18002   3.835  -0.874     2.38    -0.76 1.0350e+00  -0.073   0.018
 1.20002   3.883  -0.889     2.38    -0.76 1.0351e+00  -0.071   0.018
 1.22002   3.930  -0.905     2.38    -0.76 1.0353e+00  -0.069   0.018
 1.24002   3.978  -0.920     2.37    -0.76 1.0355e+00  -0.067   0.017
 1.26002   4.025  -0.935     2.37    -0.76 1.0357e+00  -0.066   0.017
 1.28002   4.072  -0.950     2.37    -0.76 1.0360e+00  -0.064   0.016
 1.30002   4.120  -0.965     2.37    -0.76 1.0363e+00  -0.063   0.016
 1.32002   4.167  -0.980     2.37    -0.76 1.0366e+00  -0.061   0.016
 1.34002   4.215  -0.995     2.37    -0.76 1.0369e+00  -0.060   0.015
 1.36002   4.262  -1.010     2.37    -0.76 1.0372e+00  -0.058   0.015
 1.38002   4.309  -1.026     2.37    -0.76 1.0376e+00  -0.057   0.015
 1.40002   4.357  -1.041     2.36    -0.75 1.0380e+00  -0.056   0.014
 1.42002   4.404  -1.056     2.36    -0.75 1.0384e+00  -0.055   0.014
 1.44002   4.451  -1.071     2.36    -0.75 1.0389e+00  -0.053   0.014
 1.46002   4.498  -1.086     2.36    -0.75 1.0393e+00  -0.052   0.014
 1.48002   4.546  -1.101     2.36    -0.75 1.0398e+00  -0.051   0.013
 1.50002   4.593  -1.116     2.36    -0.75 1.0403e+00  -0.050   0.013
 1.52002   4.640  -1.131     2.36    -0.75 1.0409e+00  -0.049   0.013
 1.54002   4.687  -1.146     2.36    -0.75 1.0414e+00  -0.048   0.013
 1.56002   4.734  -1.161     2.36    -0.75 1.0420e+00  -0.047   0.012
 1.58002   4.781  -1.176     2.36    -0.75 1.0427e+00  -0.046   0.012
 1.60002   4.828  -1.191     2.35    -0.75 1.0433e+00  -0.045   0.012
 1.62002   4.875  -1.206     2.35    -0.75 1.0440e+00  -0.044   0.012
 1.64002   4.923  -1.221     2.35    -0.75 1.0447e+00  -0.043   0.011
 1.66002   4.970  -1.236     2.35    -0.75 1.0454e+00  -0.043   0.011
 1.68002   5.017  -1.252     2.35    -0.75 1.0461e+00  -0.042   0.011
 1.70002   5.064  -1.267     2.35    -0.75 1.0469e+00  -0.041   0.011
 1.72002   5.111  -1.282     2.35    -0.75 1.0477e+00  -0.040   0.011
 1.74002   5.158  -1.297     2.35    -0.75 1.0485e+00  -0.039   0.010
 1.76002   5.205  -1.312     2.35    -0.75 1.0494e+00  -0.039   0.010
 1.78002   5.251  -1.327     2.35    -0.75 1.0502e+00  -0.038   0.010
 1.80002   5.298  -1.342     2.35    -0.75 1.0511e+00  -0.037   0.010
 1.82002   5.345  -1.357     2.35    -0.75 1.0520e+00  -0.037   0.010
 1.84002   5.392  -1.372     2.34    -0.75 1.0530e+00  -0.036   0.010
 1.86002   5.439  -1.387     2.34    -0.75 1.0540e+00  -0.035   0.009
 1.88002   5.486  -1.402     2.34    -0.75 1.0550e+00  -0.035   0.009
 1.90002   5.533  -1.417     2.34    -0.75 1.0560e+00  -0.034   0.009
 1.92002   5.580  -1.432     2.34    -0.75 1.0570e+00  -0.034   0.009
 1.94002   5.627  -1.447     2.34    -0.75 1.0581e+00  -0.033   0.009
 1.96002   5.673  -1.461     2.34    -0.75 1.0592e+00  -0.032   0.009
 1.98002   5.720  -1.476     2.34    -0.75 1.0603e+00  -0.032   0.009
 2.00002   5.767  -1.491     2.34    -0.75 1.0615e+00  -0.031   0.008
 2.02002   5.814  -1.506     2.34    -0.75 1.0626e+00  -0.031   0.008
 2.04002   5.860  -1.521     2.34    -0.75 1.0638e+00  -0.030   0.008
 2.06002   5.907  -1.536     2.34    -0.75 1.0650e+00  -0.030   0.008
 2.08002   5.954  -1.551     2.34    -0.75 1.0663e+00  -0.029   0.008
 2.10002   6.001  -1.566     2.34    -0.75 1.0675e+00  -0.029   0.008
 2.12002   6.047  -1.581     2.34    -0.75 1.0688e+00  -0.028   0.008
 2.14002   6.094  -1.596     2.34    -0.75 1.0701e+00  -0.028   0.008
 2.16002   6.141  -1.611     2.33    -0.75 1.0715e+00  -0.028   0.007
 2.18002   6.187  -1.626     2.33    -0.75 1.0728e+00  -0.027   0.007
 2.20002   6.234  -1.641     2.33    -0.75 1.0742e+00  -0.027   0.007
 2.22002   6.281  -1.656     2.33    -0.75 1.0756e+00  -0.026   0.007
 2.24002   6.327  -1.671     2.33    -0.75 1.0770e+00  -0.026   0.007
 2.26002   6.374  -1.686     2.33    -0.75 1.0785e+00  -0.026   0.007
 2.28002   6.421  -1.701     2.33    -0.75 1.0800e+00  -0.025   0.007
 2.30002   6.467  -1.716     2.33    -0.75 1.0815e+00  -0.025   0.007
 2.32002   6.514  -1.730     2.33    -0.75 1.0830e+00  -0.024   0.007
 2.34002   6.561  -1.745     2.33    -0.75 1.0845e+00  -0.024   0.007
 2.36002   6.607  -1.760     2.33    -0.75 1.0861e+00  -0.024   0.007
 2.38002   6.654  -1.775     2.33    -0.75 1.0877e+00  -0.023   0.006
 2.40002   6.700  -1.790     2.33    -0.75 1.0893e+00  -0.023   0.006
 2.42002   6.747  -1.805     2.33    -0.75 1.0909e+00  -0.023   0.006
 2.44002   6.793  -1.820     2.33    -0.75 1.0926e+00  -0.022   0.006
 2.46002   6.840  -1.835     2.33    -0.74 1.0943e+00  -0.022   0.006
 2.48002   6.887  -1.850     2.33    -0.74 1.0960e+00  -0.022   0.006
 2.50002   6.933  -1.865     2.33    -0.74 1.0977e+00  -0.022   0.006
 2.52002   6.980  -1.880     2.33    -0.74 1.0994e+00  -0.021   0.006
 2.54002   7.026  -1.894     2.33    -0.74 1.1012e+00  -0.021   0.006
 2.56002   7.073  -1.909     2.32    -0.74 1.1030e+00  -0.021   0.006
 2.58002   7.119  -1.924     2.32    -0.74 1.1048e+00  -0.020   0.006
 2.60000   7.166  -1.939     2.32    -0.74 1.1066e+00  -0.020   0.006
 2.62000   7.212  -1.954     2.32    -0.74 1.1085e+00  -0.020   0.006
 2.64000   7.258  -1.969     2.32    -0.74 1.1103e+00  -0.020   0.005
 2.66000   7.305  -1.984     2.32    -0.74 1.1122e+00  -0.019   0.005
 2.68000   7.351  -1.999     2.32    -0.74 1.1141e+00  -0.019   0.005
 2.70000   7.398  -2.013     2.32    -0.74 1.1161e+00  -0.019   0.005
 2.72000   7.444  -2.028     2.32    -0.74 1.1180e+00  -0.019   0.005
 2.74000   7.491  -2.043     2.32    -0.74 1.1200e+00  -0.018   0.005
 2.76000   7.537  -2.058     2.32    -0.74 1.1220e+00  -0.018   0.005
 2.78000   7.584  -2.073     2.32    -0.74 1.1240e+00  -0.018   0.005
 2.80000   7.630  -2.088     2.32    -0.74 1.1260e+00  -0.018   0.005
 2.82000   7.676  -2.103     2.32    -0.74 1.1281e+00  -0.017   0.005
 2.84000   7.723  -2.118     2.32    -0.74 1.1301e+00  -0.017   0.005
 2.86000   7.769  -2.132     2.32    -0.74 1.1322e+00  -0.017   0.005
 2.88000   7.816  -2.147     2.32    -0.74 1.1343e+00  -0.017   0.005
 2.90000   7.862  -2.162     2.32    -0.74 1.1365e+00  -0.017   0.005
 2.92000   7.908  -2.177     2.32    -0.74 1.1386e+00  -0.016   0.005
 2.94000   7.955  -2.192     2.32    -0.74 1.1408e+00  -0.016   0.005
 2.96000   8.001  -2.207     2.32    -0.74 1.1430e+00  -0.016   0.005
 2.98000   8.047  -2.221     2.32    -0.74 1.1452e+00  -0.016   0.004
 3.00000   8.094  -2.236     2.32    -0.74 1.1474e+00  -0.016   0.004
 3.02000   8.140  -2.251     2.32    -0.74 1.1496e+00  -0.016   0.004
 3.04000   8.186  -2.266     2.32    -0.74 1.1519e+00  -0.015   0.004
 3.06000   8.233  -2.281     2.32    -0.74 1.1542e+00  -0.015   0.004
 3.08000   8.279  -2.296     2.32    -0.74 1.1565e+00  -0.015   0.004
 3.10000   8.325  -2.311     2.32    -0.74 1.1588e+00  -0.015   0.004
 3.12000   8.372  -2.325     2.32    -0.74 1.1611e+00  -0.015   0.004
 3.14000   8.418  -2.340     2.31    -0.74 1.1634e+00  -0.014   0.004
 3.16000   8.464  -2.355     2.31    -0.74 1.1658e+00  -0.014   0.004
 3.18000   8.511  -2.370     2.31    -0.74 1.1682e+00  -0.014   0.004
 3.20000   8.557  -2.385     2.31    -0.74 1.1706e+00  -0.014   0.004
 3.22000   8.603  -2.399     2.31    -0.74 1.1730e+00  -0.014   0.004
 3.24000   8.649  -2.414     2.31    -0.74 1.1754e+00  -0.014   0.004
 3.26000   8.696  -2.429     2.31    -0.74 1.1779e+00  -0.014   0.004
 3.28000   8.742  -2.444     2.31    -0.74 1.1803e+00  -0.013   0.004
 3.30000   8.788  -2.459     2.31    -0.74 1.1828e+00  -0.013   0.004
 3.32000   8.834  -2.474     2.31    -0.74 1.1853e+00  -0.013   0.004
 3.34000   8.881  -2.488     2.31    -0.74 1.1878e+00  -0.013   0.004
 3.36000   8.927  -2.503     2.31    -0.74 1.1903e+00  -0.013   0.004
 3.38000   8.973  -2.518     2.31    -0.74 1.1929e+00  -0.013   0.004
 3.40000   9.019  -2.533     2.31    -0.74 1.1954e+00  -0.013   0.004
 3.42000   9.066  -2.548     2.31    -0.74 1.1980e+00  -0.012   0.004
 3.44000   9.112  -2.562     2.31    -0.74 1.2006e+00  -0.012   0.004
 3.46000   9.158  -2.577     2.31    -0.74 1.2032e+00  -0.012   0.003
 3.48000   9.204  -2.592     2.31    -0.74 1.2058e+00  -0.012   0.003
 3.50000   9.250  -2.607     2.31    -0.74 1.2084e+00  -0.012   0.003
 3.52000   9.297  -2.622     2.31    -0.74 1.2110e+00  -0.012   0.003
 3.54000   9.343  -2.637     2.31    -0.74 1.2137e+00  -0.012   0.003
 3.56000   9.389  -2.651     2.31    -0.74 1.2163e+00  -0.012   0.003
 3.58000   9.435  -2.666     2.31    -0.74 1.2190e+00  -0.011   0.003
 3.60000   9.481  -2.681     2.31    -0.74 1.2217e+00  -0.011   0.003
 3.62000   9.528  -2.696     2.31    -0.74 1.2244e+00  -0.011   0.003
 3.64000   9.574  -2.711     2.31    -0.74 1.2271e+00  -0.011   0.003
 3.66000   9.620  -2.725     2.31    -0.74 1.2299e+00  -0.011   0.003
 3.68000   9.666  -2.740     2.31    -0.74 1.2326e+00  -0.011   0.003
 3.70000   9.712  -2.755     2.31    -0.74 1.2353e+00  -0.011   0.003
 3.72000   9.758  -2.770     2.31    -0.74 1.2381e+00  -0.011   0.003
 3.74000   9.805  -2.784     2.31    -0.74 1.2409e+00  -0.011   0.003
 3.76000   9.851  -2.799     2.31    -0.74 1.2437e+00  -0.011   0.003
 3.78000   9.897  -2.814     2.31    -0.74 1.2465e+00  -0.010   0.003
 3.80000   9.943  -2.829     2.31    -0.74 1.2493e+00  -0.010   0.003
 3.82000   9.989  -2.844     2.31    -0.74 1.2521e+00  -0.010   0.003
 3.84000  10.035  -2.858     2.31    -0.74 1.2549e+00  -0.010   0.003
 3.86000  10.081  -2.873     2.31    -0.74 1.2577e+00  -0.010   0.003
 3.88000  10.128  -2.888     2.31    -0.74 1.2606e+00  -0.010   0.003
 3.90000  10.174  -2.903     2.31    -0.74 1.2634e+00  -0.010   0.003
 3.92000  10.220  -2.918     2.31    -0.74 1.2663e+00  -0.010   0.003
 3.94000  10.266  -2.932     2.31    -0.74 1.2692e+00  -0.010   0.003
 3.96000  10.312  -2.947     2.31    -0.74 1.2720e+00  -0.010   0.003
 3.98000  10.358  -2.962     2.31    -0.74 1.2749e+00  -0.009   0.003
 4.00000  10.404  -2.977     2.30    -0.74 1.2778e+00  -0.009   0.003
 4.02000  10.450  -2.991     2.30    -0.74 1.2807e+00  -0.009   0.003
 4.04000  10.496  -3.006     2.30    -0.74 1.2836e+00  -0.009   0.003
 4.06000  10.542  -3.021     2.30    -0.74 1.2865e+00  -0.009   0.003
 4.08000  10.589  -3.036     2.30    -0.74 1.2895e+00  -0.009   0.003
 4.10000  10.635  -3.050     2.30    -0.74 1.2924e+00  -0.009   0.003
 4.12000  10.681  -3.065     2.30    -0.74 1.2953e+00  -0.009   0.003
 4.14000  10.727  -3.080     2.30    -0.74 1.2983e+00  -0.009   0.003
 4.16000  10.773  -3.095     2.30    -0.74 1.3012e+00  -0.009   0.003
 4.18000  10.819  -3.110     2.30    -0.74 1.3042e+00  -0.009   0.003
 4.20000  10.865  -3.124     2.30    -0.74 1.3071e+00  -0.009   0.003
 4.22000  10.911  -3.139     2.30    -0.74 1.3101e+00  -0.009   0.002
 4.24000  10.957  -3.154     2.30    -0.74 1.3131e+00  -0.008   0.002
 4.26000  11.003  -3.169     2.30    -0.74 1.3161e+00  -0.008   0.002
 4.28000  11.049  -3.183     2.30    -0.74 1.3190e+00  -0.008   0.002
 4.30000  11.095  -3.198     2.30    -0.74 1.3220e+00  -0.008   0.002
 4.32000  11.141  -3.213     2.30    -0.74 1.3250e+00  -0.008   0.002
 4.34000  11.187  -3.228     2.30    -0.74 1.3280e+00  -0.008   0.002
 4.36000  11.233  -3.242     2.30    -0.74 1.3310e+00  -0.008   0.002
 4.38000  11.279  -3.257     2.30    -0.74 1.3340e+00  -0.008   0.002
 4.40000  11.325  -3.272     2.30    -0.74 1.3370e+00  -0.008   0.002
 4.42000  11.371  -3.287     2.30    -0.74 1.3400e+00  -0.008   0.002
 4.44000  11.417  -3.301     2.30    -0.74 1.3430e+00  -0.008   0.002
 4.46000  11.464  -3.316     2.30    -0.74 1.3460e+00  -0.008   0.002
 4.48000  11.510  -3.331     2.30    -0.74 1.3490e+00  -0.008   0.002
 4.50000  11.556  -3.346     2.30    -0.74 1.3520e+00  -0.008   0.002
 4.52000  11.602  -3.360     2.30    -0.74 1.3550e+00  -0.008   0.002
 4.54000  11.648  -3.375     2.30    -0.74 1.3580e+00  -0.007   0.002
 4.56000  11.694  -3.390     2.30    -0.74 1.3610e+00  -0.007   0.002
 4.58000  11.740  -3.405     2.30    -0.74 1.3640e+00  -0.007   0.002
 4.60000  11.786  -3.419     2.30    -0.74 1.3671e+00  -0.007   0.002
 4.62000  11.832  -3.434     2.30    -0.74 1.3701e+00  -0.007   0.002
 4.64000  11.878  -3.449     2.30    -0.74 1.3731e+00  -0.007   0.002
 4.66000  11.924  -3.464     2.30    -0.74 1.3761e+00  -0.007   0.002
 4.68000  11.970  -3.478     2.30    -0.74 1.3791e+00  -0.007   0.002
 4.70000  12.016  -3.493     2.30    -0.74 1.3821e+00  -0.007   0.002
 4.72000  12.062  -3.508     2.30    -0.74 1.3851e+00  -0.007   0.002
 4.74000  12.107  -3.523     2.30    -0.74 1.3881e+00  -0.007   0.002
 4.76000  12.153  -3.537     2.30    -0.74 1.3911e+00  -0.007   0.002
 4.78000  12.199  -3.552     2.30    -0.74 1.3941e+00  -0.007   0.002
 4.80000  12.245  -3.567     2.30    -0.74 1.3971e+00  -0.007   0.002
 4.82000  12.291  -3.582     2.30    -0.74 1.4001e+00  -0.007   0.002
 4.84000  12.337  -3.596     2.30    -0.74 1.4031e+00  -0.007   0.002
 4.86000  12.383  -3.611     2.30    -0.74 1.4061e+00  -0.007   0.002
 4.88000  12.429  -3.626     2.30    -0.74 1.4091e+00  -0.007   0.002
 4.90000  12.475  -3.640     2.30    -0.74 1.4121e+00  -0.007   0.002
 4.92000  12.521  -3.655     2.30    -0.74 1.4150e+00  -0.006   0.002
 4.94000  12.567  -3.670     2.30    -0.74 1.4180e+00  -0.006   0.002
 4.96000  12.613  -3.685     2.30    -0.74 1.4210e+00  -0.006   0.002
 4.98000  12.659  -3.699     2.30    -0.74 1.4240e+00  -0.006   0.002
 5.00000  12.705  -3.714     2.30    -0.74 1.4269e+00  -0.006   0.002
 5.02000  12.751  -3.729     2.30    -0.74 1.4299e+00  -0.006   0.002
 5.04000  12.797  -3.744     2.30    -0.74 1.4328e+00  -0.006   0.002
 5.06000  12.843  -3.758     2.30    -0.74 1.4358e+00  -0.006   0.002
 5.08000  12.889  -3.773     2.30    -0.74 1.4387e+00  -0.006   0.002
 5.10000  12.935  -3.788     2.30    -0.74 1.4416e+00  -0.006   0.002
 5.12000  12.981  -3.803     2.30    -0.74 1.4446e+00  -0.006   0.002
 5.14000  13.027  -3.817     2.30    -0.74 1.4475e+00  -0.006   0.002
 5.16000  13.072  -3.832     2.30    -0.74 1.4504e+00  -0.006   0.002
 5.18000  13.118  -3.847     2.30    -0.74 1.4533e+00  -0.006   0.002
 5.20000  13.164  -3.861     2.30    -0.74 1.4562e+00  -0.006   0.002
 5.22000  13.210  -3.876     2.30    -0.74 1.4591e+00  -0.006   0.002
 5.24000  13.256  -3.891     2.30    -0.74 1.4620e+00  -0.006   0.002
 5.26000  13.302  -3.906     2.30    -0.74 1.4649e+00  -0.006   0.002
 5.28000  13.348  -3.920     2.30    -0.74 1.4678e+00  -0.006   0.002
 5.30000  13.394  -3.935     2.30    -0.74 1.4706e+00  -0.006   0.002
 5.32000  13.440  -3.950     2.30    -0.74 1.4735e+00  -0.006   0.002
 5.34000  13.486  -3.964     2.30    -0.74 1.4763e+00  -0.006   0.002
 5.36000  13.532  -3.979     2.30    -0.74 1.4792e+00  -0.006   0.002
 5.38000  13.577  -3.994     2.29    -0.74 1.4820e+00  -0.005   0.002
 5.40000  13.623  -4.009     2.29    -0.74 1.4848e+00  -0.005   0.002
 5.42000  13.669  -4.023     2.29    -0.74 1.4877e+00  -0.005   0.002
 5.44000  13.715  -4.038     2.29    -0.74 1.4905e+00  -0.005   0.002
 5.46000  13.761  -4.053     2.29    -0.74 1.4933e+00  -0.005   0.002
 5.48000  13.807  -4.067     2.29    -0.74 1.4961e+00  -0.005   0.002
 5.50000  13.853  -4.082     2.29    -0.74 1.4988e+00  -0.005   0.002
 5.52000  13.899  -4.097     2.29    -0.74 1.5016e+00  -0.005   0.002
 5.54000  13.945  -4.112     2.29    -0.74 1.5044e+00  -0.005   0.002
 5.56000  13.991  -4.126     2.29    -0.74 1.5071e+00  -0.005   0.002
 5.58000  14.036  -4.141     2.29    -0.74 1.5099e+00  -0.005   0.002
 5.60000  14.082  -4.156     2.29    -0.74 1.5126e+00  -0.005   0.002
 5.62000  14.128  -4.170     2.29    -0.74 1.5153e+00  -0.005   0.002
 5.64000  14.174  -4.185     2.29    -0.74 1.5180e+00  -0.005   0.001
 5.66000  14.220  -4.200     2.29    -0.74 1.5207e+00  -0.005   0.001
 5.68000  14.266  -4.215     2.29    -0.74 1.5234e+00  -0.005   0.001
 5.70000  14.312  -4.229     2.29    -0.74 1.5261e+00  -0.005   0.001
 5.72000  14.357  -4.244     2.29    -0.74 1.5288e+00  -0.005   0.001
 5.74000  14.403  -4.259     2.29    -0.74 1.5314e+00  -0.005   0.001
 5.76000  14.449  -4.273     2.29    -0.74 1.5341e+00  -0.005   0.001
 5.78000  14.495  -4.288     2.29    -0.74 1.5367e+00  -0.005   0.001
 5.80000  14.541  -4.303     2.29    -0.74 1.5394e+00  -0.005   0.001
 5.82000  14.587  -4.317     2.29    -0.74 1.5420e+00  -0.005   0.001
 5.84000  14.633  -4.332     2.29    -0.74 1.5446e+00  -0.005   0.001
 5.86000  14.678  -4.347     2.29    -0.74 1.5472e+00  -0.005   0.001
 5.88000  14.724  -4.362     2.29    -0.74 1.5498e+00  -0.005   0.001
 5.90000  14.770  -4.376     2.29    -0.74 1.5523e+00  -0.005   0.001
 5.92000  14.816  -4.391     2.29    -0.74 1.5549e+00  -0.005   0.001
 5.94000  14.862  -4.406     2.29    -0.73 1.5574e+00  -0.005   0.001
 5.96000  14.908  -4.420     2.29    -0.73 1.5600e+00  -0.005   0.001
 5.98000  14.954  -4.435     2.29    -0.73 1.5625e+00  -0.004   0.001
 6.00000  14.999  -4.450     2.29    -0.73 1.5650e+00  -0.004   0.001
 6.02000  15.045  -4.464     2.29    -0.73 1.5675e+00  -0.004   0.001
 6.04000  15.091  -4.479     2.29    -0.73 1.5700e+00  -0.004   0.001
 6.06000  15.137  -4.494     2.29    -0.73 1.5725e+00  -0.004   0.001
 6.08000  15.183  -4.509     2.29    -0.73 1.5750e+00  -0.004   0.001
 6.10000  15.229  -4.523     2.29    -0.73 1.5774e+00  -0.004   0.001
 6.12000  15.274  -4.538     2.29    -0.73 1.5799e+00  -0.004   0.001
 6.14000  15.320  -4.553     2.29    -0.73 1.5823e+00  -0.004   0.001
 6.16000  15.366  -4.567     2.29    -0.73 1.5847e+00  -0.004   0.001
 6.18000  15.412  -4.582     2.29    -0.73 1.5871e+00  -0.004   0.001
 6.20000  15.458  -4.597     2.29    -0.73 1.5895e+00  -0.004   0.001
 6.22000  15.504  -4.611     2.29    -0.73 1.5919e+00  -0.004   0.001
 6.24000  15.549  -4.626     2.29    -0.73 1.5943e+00  -0.004   0.001
 6.26000  15.595  -4.641     2.29    -0.73 1.5966e+00  -0.004   0.001
 6.28000  15.641  -4.656     2.29    -0.73 1.5990e+00  -0.004   0.001
 6.30000  15.687  -4.670     2.29    -0.73 1.6013e+00  -0.004   0.001
 6.32000  15.733  -4.685     2.29    -0.73 1.6036e+00  -0.004   0.001
 6.34000  15.778  -4.700     2.29    -0.73 1.6059e+00  -0.004   0.001
 6.36000  15.824  -4.714     2.29    -0.73 1.6082e+00  -0.004   0.001
 6.38000  15.870  -4.729     2.29    -0.73 1.6105e+00  -0.004   0.001
 6.40000  15.916  -4.744     2.29    -0.73 1.6128e+00  -0.004   0.001
 6.42000  15.962  -4.758     2.29    -0.73 1.6151e+00  -0.004   0.001
 6.44000  16.007  -4.773     2.29    -0.73 1.6173e+00  -0.004   0.001
 6.46000  16.053  -4.788     2.29    -0.73 1.6195e+00  -0.004   0.001
 6.48000  16.099  -4.802     2.29    -0.73 1.6218e+00  -0.004   0.001
 6.50000  16.145  -4.817     2.29    -0.73 1.6240e+00  -0.004   0.001
 6.52000  16.191  -4.832     2.29    -0.73 1.6262e+00  -0.004   0.001
 6.54000  16.236  -4.846     2.29    -0.73 1.6284e+00  -0.004   0.001
 6.56000  16.282  -4.861     2.29    -0.73 1.6305e+00  -0.004   0.001
 6.58000  16.328  -4.876     2.29    -0.73 1.6327e+00  -0.004   0.001
 6.60000  16.374  -4.891     2.29    -0.73 1.6348e+00  -0.004   0.001
 6.62000  16.420  -4.905     2.29    -0.73 1.6370e+00  -0.004   0.001
 6.64000  16.465  -4.920     2.29    -0.73 1.6391e+00  -0.004   0.001
 6.66000  16.511  -4.935     2.29    -0.73 1.6412e+00  -0.004   0.001
 6.68000  16.557  -4.949     2.29    -0.73 1.6433e+00  -0.004   0.001
 6.70000  16.603  -4.964     2.29    -0.73 1.6454e+00  -0.004   0.001
 6.72000  16.649  -4.979     2.29    -0.73 1.6475e+00  -0.004   0.001
 6.74000  16.694  -4.993     2.29    -0.73 1.6495e+00  -0.004   0.001
 6.76000  16.740  -5.008     2.29    -0.73 1.6516e+00  -0.004   0.001
 6.78000  16.786  -5.023     2.29    -0.73 1.6536e+00  -0.004   0.001
 6.80000  16.832  -5.037     2.29    -0.73 1.6557e+00  -0.004   0.001
 6.82000  16.877  -5.052     2.29    -0.73 1.6577e+00  -0.004   0.001
 6.84000  16.923  -5.067     2.29    -0.73 1.6597e+00  -0.003   0.001
 6.86000  16.969  -5.081     2.29    -0.73 1.6617e+00  -0.003   0.001
 6.88000  17.015  -5.096     2.29    -0.73 1.6636e+00  -0.003   0.001
 6.90000  17.060  -5.111     2.29    -0.73 1.6656e+00  -0.003   0.001
 6.92000  17.106  -5.125     2.29    -0.73 1.6676e+00  -0.003   0.001
 6.94000  17.152  -5.140     2.29    -0.73 1.6695e+00  -0.003   0.001
 6.96000  17.198  -5.155     2.29    -0.73 1.6714e+00  -0.003   0.001
 6.98000  17.244  -5.169     2.29    -0.73 1.6734e+00  -0.003   0.001
 7.00000  17.289  -5.184     2.29    -0.73 1.6753e+00  -0.003   0.001
 7.02000  17.335  -5.199     2.29    -0.73 1.6772e+00  -0.003   0.001
 7.04000  17.381  -5.213     2.29    -0.73 1.6790e+00  -0.003   0.001
 7.06000  17.427  -5.228     2.29    -0.73 1.6809e+00  -0.003   0.001
 7.08000  17.472  -5.243     2.29    -0.73 1.6828e+00  -0.003   0.001
 7.10000  17.518  -5.257     2.29    -0.73 1.6846e+00  -0.003   0.001
 7.12000  17.564  -5.272     2.29    -0.73 1.6865e+00  -0.003   0.001
 7.14000  17.610  -5.287     2.29    -0.73 1.6883e+00  -0.003   0.001
 7.16000  17.655  -5.301     2.29    -0.73 1.6901e+00  -0.003   0.001
 7.18000  17.701  -5.316     2.29    -0.73 1.6919e+00  -0.003   0.001
 7.20000  17.747  -5.331     2.29    -0.73 1.6937e+00  -0.003   0.001
 7.22000  17.793  -5.345     2.29    -0.73 1.6955e+00  -0.003   0.001
 7.24000  17.838  -5.360     2.29    -0.73 1.6973e+00  -0.003   0.001
 7.26000  17.884  -5.375     2.29    -0.73 1.6990e+00  -0.003   0.001
 7.28000  17.930  -5.389     2.29    -0.73 1.7008e+00  -0.003   0.001
 7.30000  17.976  -5.404     2.29    -0.73 1.7025e+00  -0.003   0.001
 7.32000  18.021  -5.419     2.29    -0.73 1.7042e+00  -0.003   0.001
 7.34000  18.067  -5.433     2.29    -0.73 1.7059e+00  -0.003   0.001
 7.36000  18.113  -5.448     2.29    -0.73 1.7076e+00  -0.003   0.001
 7.38000  18.159  -5.463     2.29    -0.73 1.7093e+00  -0.003   0.001
 7.40000  18.204  -5.478     2.29    -0.73 1.7110e+00  -0.003   0.001
 7.42000  18.250  -5.492     2.29    -0.73 1.7127e+00  -0.003   0.001
 7.44000  18.296  -5.507     2.29    -0.73 1.7144e+00  -0.003   0.001
 7.46000  18.341  -5.522     2.29    -0.73 1.7160e+00  -0.003   0.001
 7.48000  18.387  -5.536     2.29    -0.73 1.7176e+00  -0.003   0.001
 7.50000  18.433  -5.551     2.29    -0.73 1.7193e+00  -0.003   0.001
 7.52000  18.479  -5.565     2.29    -0.73 1.7209e+00  -0.003   0.001
 7.54000  18.524  -5.580     2.29    -0.73 1.7225e+00  -0.003   0.001
 7.56000  18.570  -5.595     2.29    -0.73 1.7241e+00  -0.003   0.001
 7.58000  18.616  -5.609     2.29    -0.73 1.7257e+00  -0.003   0.001
 7.60000  18.662  -5.624     2.29    -0.73 1.7273e+00  -0.003   0.001
 7.62000  18.707  -5.639     2.29    -0.73 1.7288e+00  -0.003   0.001
 7.64000  18.753  -5.653     2.29    -0.73 1.7304e+00  -0.003   0.001
 7.66000  18.799  -5.668     2.29    -0.73 1.7319e+00  -0.003   0.001
 7.68000  18.844  -5.683     2.29    -0.73 1.7335e+00  -0.003   0.001
 7.70000  18.890  -5.697     2.29    -0.73 1.7350e+00  -0.003   0.001
 7.72000  18.936  -5.712     2.29    -0.73 1.7365e+00  -0.003   0.001
 7.74000  18.982  -5.727     2.29    -0.73 1.7380e+00  -0.003   0.001
 7.76000  19.027  -5.741     2.29    -0.73 1.7395e+00  -0.003   0.001
 7.78000  19.073  -5.756     2.29    -0.73 1.7410e+00  -0.003   0.001
 7.80000  19.119  -5.771     2.29    -0.73 1.7425e+00  -0.003   0.001
 7.82000  19.164  -5.785     2.29    -0.73 1.7439e+00  -0.003   0.001
 7.84000  19.210  -5.800     2.29    -0.73 1.7454e+00  -0.003   0.001
 7.86000  19.256  -5.815     2.29    -0.73 1.7469e+00  -0.003   0.001
 7.88000  19.302  -5.829     2.29    -0.73 1.7483e+00  -0.003   0.001
 7.90000  19.347  -5.844     2.29    -0.73 1.7497e+00  -0.003   0.001
 7.92000  19.393  -5.859     2.29    -0.73 1.7511e+00  -0.003   0.001
 7.94000  19.439  -5.873     2.29    -0.73 1.7526e+00  -0.003   0.001
 7.96000  19.484  -5.888     2.29    -0.73 1.7540e+00  -0.003   0.001
 7.98000  19.530  -5.903     2.29    -0.73 1.7554e+00  -0.003   0.001
 8.00000  19.576  -5.917     2.29    -0.73 1.7567e+00  -0.003   0.001
 8.02000  19.622  -5.932     2.29    -0.73 1.7581e+00  -0.003   0.001
 8.04000  19.667  -5.947     2.29    -0.73 1.7595e+00  -0.003   0.001
 8.06000  19.713  -5.961     2.28    -0.73 1.7608e+00  -0.003   0.001
 8.08000  19.759  -5.976     2.28    -0.73 1.7622e+00  -0.003   0.001
 8.10000  19.804  -5.991     2.28    -0.73 1.7635e+00  -0.003   0.001
 8.12000  19.850  -6.005     2.28    -0.73 1.7649e+00  -0.003   0.001
 8.14000  19.896  -6.020     2.28    -0.73 1.7662e+00  -0.003   0.001
 8.16000  19.941  -6.035     2.28    -0.73 1.7675e+00  -0.002   0.001
 8.18000  19.987  -6.049     2.28    -0.73 1.7688e+00  -0.002   0.001
 8.20000  20.033  -6.064     2.28    -0.73 1.7701e+00  -0.002   0.001
 8.22000  20.078  -6.079     2.28    -0.73 1.7714e+00  -0.002   0.001
 8.24000  20.124  -6.093     2.28    -0.73 1.7727e+00  -0.002   0.001
 8.26000  20.170  -6.108     2.28    -0.73 1.7739e+00  -0.002   0.001
 8.28000  20.216  -6.123     2.28    -0.73 1.7752e+00  -0.002   0.001
 8.30000  20.261  -6.137     2.28    -0.73 1.7765e+00  -0.002   0.001
 8.32000  20.307  -6.152     2.28    -0.73 1.7777e+00  -0.002   0.001
 8.34000  20.353  -6.166     2.28    -0.73 1.7789e+00  -0.002   0.001
 8.36000  20.398  -6.181     2.28    -0.73 1.7802e+00  -0.002   0.001
 8.38000  20.444  -6.196     2.28    -0.73 1.7814e+00  -0.002   0.001
 8.40000  20.490  -6.210     2.28    -0.73 1.7826e+00  -0.002   0.001
 8.42000  20.535  -6.225     2.28    -0.73 1.7838e+00  -0.002   0.001
 8.44000  20.581  -6.240     2.28    -0.73 1.7850e+00  -0.002   0.001
 8.46000  20.627  -6.254     2.28    -0.73 1.7862e+00  -0.002   0.001
 8.48000  20.672  -6.269     2.28    -0.73 1.7874e+00  -0.002   0.001
 8.50000  20.718  -6.284     2.28    -0.73 1.7886e+00  -0.002   0.001
 8.52000  20.764  -6.298     2.28    -0.73 1.7897e+00  -0.002   0.001
 8.54000  20.809  -6.313     2.28    -0.73 1.7909e+00  -0.002   0.001
 8.56000  20.855  -6.328     2.28    -0.73 1.7921e+00  -0.002   0.001
 8.58000  20.901  -6.342     2.28    -0.73 1.7932e+00  -0.002   0.001
 8.60000  20.946  -6.357     2.28    -0.73 1.7943e+00  -0.002   0.001
 8.62000  20.992  -6.372     2.28    -0.73 1.7955e+00  -0.002   0.001
 8.64000  21.038  -6.386     2.28    -0.73 1.7966e+00  -0.002   0.001
 8.66000  21.083  -6.401     2.28    -0.73 1.7977e+00  -0.002   0.001
 8.68000  21.129  -6.416     2.28    -0.73 1.7988e+00  -0.002   0.001
 8.70000  21.175  -6.430     2.28    -0.73 1.7999e+00  -0.002   0.001
 8.72000  21.220  -6.445     2.28    -0.73 1.8010e+00  -0.002   0.001
 8.74000  21.266  -6.459     2.28    -0.73 1.8021e+00  -0.002   0.001
 8.76000  21.312  -6.474     2.28    -0.73 1.8032e+00  -0.002   0.001
 8.78000  21.357  -6.489     2.28    -0.73 1.8043e+00  -0.002   0.001
 8.80000  21.403  -6.503     2.28    -0.73 1.8053e+00  -0.002   0.001
 8.82000  21.449  -6.518     2.28    -0.73 1.8064e+00  -0.002   0.001
 8.84000  21.494  -6.533     2.28    -0.73 1.8074e+00  -0.002   0.001
 8.86000  21.540  -6.547     2.28    -0.73 1.8085e+00  -0.002   0.001
 8.88000  21.586  -6.562     2.28    -0.73 1.8095e+00  -0.002   0.001
 8.90000  21.631  -6.577     2.28    -0.73 1.8106e+00  -0.002   0.001
 8.92000  21.677  -6.591     2.28    -0.73 1.8116e+00  -0.002   0.001
 8.94002  21.723  -6.606     2.28    -0.73 1.8126e+00  -0.002   0.001
 8.96002  21.768  -6.621     2.28    -0.73 1.8136e+00  -0.002   0.001
 8.98002  21.814  -6.635     2.28    -0.73 1.8146e+00  -0.002   0.001
 9.00002  21.860  -6.650     2.28    -0.73 1.8156e+00  -0.002   0.001
 9.02002  21.905  -6.664     2.28    -0.73 1.8166e+00  -0.002   0.001
 9.04002  21.951  -6.679     2.28    -0.73 1.8176e+00  -0.002   0.001
 9.06002  21.997  -6.694     2.28    -0.73 1.8186e+00  -0.002   0.001
 9.08002  22.042  -6.708     2.28    -0.73 1.8196e+00  -0.002   0.001
 9.10002  22.088  -6.723     2.28    -0.73 1.8206e+00  -0.002   0.001
 9.12002  22.134  -6.738     2.28    -0.73 1.8215e+00  -0.002   0.001
 9.14002  22.179  -6.752     2.28    -0.73 1.8225e+00  -0.002   0.001
 9.16002  22.225  -6.767     2.28    -0.73 1.8234e+00  -0.002   0.001
 9.18002  22.271  -6.782     2.28    -0.73 1.8244e+00  -0.002   0.001
 9.20002  22.316  -6.796     2.28    -0.73 1.8253e+00  -0.002   0.001
 9.22002  22.362  -6.811     2.28    -0.73 1.8263e+00  -0.002   0.001
 9.24002  22.408  -6.826     2.28    -0.73 1.8272e+00  -0.002   0.001
 9.26002  22.453  -6.840     2.28    -0.73 1.8281e+00  -0.002   0.001
 9.28002  22.499  -6.855     2.28    -0.73 1.8290e+00  -0.002   0.001
 9.30002  22.545  -6.869     2.28    -0.73 1.8299e+00  -0.002   0.001
 9.32002  22.590  -6.884     2.28    -0.73 1.8308e+00  -0.002   0.001
 9.34002  22.636  -6.899     2.28    -0.73 1.8317e+00  -0.002   0.001
 9.36002  22.681  -6.913     2.28    -0.73 1.8326e+00  -0.002   0.001
 9.38002  22.727  -6.928     2.28    -0.73 1.8335e+00  -0.002   0.001
 9.40002  22.773  -6.943     2.28    -0.73 1.8344e+00  -0.002   0.001
 9.42002  22.818  -6.957     2.28    -0.73 1.8353e+00  -0.002   0.001
 9.44002  22.864  -6.972     2.28    -0.73 1.8362e+00  -0.002   0.001
 9.46002  22.910  -6.987     2.28    -0.73 1.8370e+00  -0.002   0.001
 9.48002  22.955  -7.001     2.28    -0.73 1.8379e+00  -0.002   0.001
 9.50002  23.001  -7.016     2.28    -0.73 1.8388e+00  -0.002   0.001
 9.52002  23.047  -7.030     2.28    -0.73 1.8396e+00  -0.002   0.001
 9.54002  23.092  -7.045     2.28    -0.73 1.8405e+00  -0.002   0.001
 9.56002  23.138  -7.060     2.28    -0.73 1.8413e+00  -0.002   0.001
 9.58002  23.183  -7.074     2.28    -0.73 1.8421e+00  -0.002   0.001
 9.60002  23.229  -7.089     2.28    -0.73 1.8430e+00  -0.002   0.001
 9.62002  23.275  -7.104     2.28    -0.73 1.8438e+00  -0.002   0.001
 9.64002  23.320  -7.118     2.28    -0.73 1.8446e+00  -0.002   0.001
 9.66002  23.366  -7.133     2.28    -0.73 1.8454e+00  -0.002   0.001
 9.68002  23.412  -7.148     2.28    -0.73 1.8462e+00  -0.002   0.001
 9.70002  23.457  -7.162     2.28    -0.73 1.8470e+00  -0.002   0.001
 9.72002  23.503  -7.177     2.28    -0.73 1.8478e+00  -0.002   0.001
 9.74002  23.549  -7.191     2.28    -0.73 1.8486e+00  -0.002   0.001
 9.76002  23.594  -7.206     2.28    -0.73 1.8494e+00  -0.002   0.001
 9.78002  23.640  -7.221     2.28    -0.73 1.8502e+00  -0.002   0.001
 9.80002  23.685  -7.235     2.28    -0.73 1.8510e+00  -0.002   0.001
 9.82002  23.731  -7.250     2.28    -0.73 1.8518e+00  -0.002   0.001
 9.84002  23.777  -7.265     2.28    -0.73 1.8526e+00  -0.002   0.001
 9.86002  23.822  -7.279     2.28    -0.73 1.8533e+00  -0.002   0.001
 9.88002  23.868  -7.294     2.28    -0.73 1.8541e+00  -0.002   0.001
 9.90002  23.914  -7.309     2.28    -0.73 1.8548e+00  -0.002   0.001
 9.92002  23.959  -7.323     2.28    -0.73 1.8556e+00  -0.002   0.001
 9.94002  24.005  -7.338     2.28    -0.73 1.8564e+00  -0.002   0.001
 9.96002  24.050  -7.352     2.28    -0.73 1.8571e+00  -0.002   0.001
 9.98002  24.096  -7.367     2.28    -0.73 1.8578e+00  -0.002   0.001
10.00002  24.142  -7.382     2.28    -0.73 1.8586e+00  -0.002   0.001
