 0.02010   1.000   0.018     0.01     0.91 -2.8667e-04   4.180   1.495
 0.04000   1.001   0.037     0.16     1.05 1.3409e-03  18.793  33.707
 0.06000   1.007   0.061     0.19     1.08 4.2268e-01   1.476  -4.140
 0.08000   1.010   0.082     0.15     1.04 4.1065e-01  -0.052  -1.069
 0.10000   1.013   0.103     0.13     1.03 4.0880e-01  -0.458  -0.560
 0.12000   1.016   0.123     0.12     1.02 4.0911e-01  -0.623  -0.392
 0.14000   1.018   0.143     0.12     1.01 4.1016e-01  -0.704  -0.322
 0.16010   1.020   0.164     0.11     1.01 4.1151e-01  -0.748  -0.290
 0.18010   1.023   0.184     0.10     1.00 4.1294e-01  -0.770  -0.276
 0.20010   1.025   0.204     0.10     0.99 4.1436e-01  -0.782  -0.272
 0.22010   1.027   0.224     0.09     0.99 4.1573e-01  -0.785  -0.273
 0.24010   1.028   0.243     0.09     0.98 4.1703e-01  -0.784  -0.277
 0.26010   1.030   0.263     0.08     0.98 4.1822e-01  -0.779  -0.282
 0.28010   1.032   0.282     0.08     0.97 4.1931e-01  -0.772  -0.289
 0.30010   1.033   0.302     0.07     0.97 4.2029e-01  -0.763  -0.296
 0.32010   1.034   0.321     0.07     0.96 4.2116e-01  -0.753  -0.303
 0.34010   1.036   0.340     0.06     0.95 4.2192e-01  -0.741  -0.310
 0.36010   1.037   0.359     0.05     0.95 4.2258e-01  -0.729  -0.317
 0.38010   1.038   0.378     0.05     0.94 4.2313e-01  -0.717  -0.324
 0.40010   1.039   0.397     0.04     0.94 4.2359e-01  -0.704  -0.330
 0.42010   1.039   0.416     0.03     0.93 4.2396e-01  -0.690  -0.336
 0.44010   1.040   0.434     0.03     0.92 4.2425e-01  -0.677  -0.342
 0.46010   1.041   0.452     0.02     0.91 4.2446e-01  -0.663  -0.347
 0.48010   1.041   0.471     0.01     0.91 4.2460e-01  -0.650  -0.352
 0.50010   1.041   0.489     0.01     0.90 4.2467e-01  -0.636  -0.356
 0.52010   1.041   0.507    -0.00     0.89 4.2468e-01  -0.622  -0.360
 0.54010   1.041   0.524    -0.01     0.89 4.2465e-01  -0.609  -0.364
 0.56010   1.041   0.542    -0.02     0.88 4.2457e-01  -0.596  -0.367
 0.58010   1.040   0.560    -0.02     0.87 4.2445e-01  -0.583  -0.370
 0.60010   1.040   0.577    -0.03     0.86 4.2429e-01  -0.570  -0.373
 0.62010   1.039   0.594    -0.04     0.86 4.2411e-01  -0.557  -0.375
 0.64010   1.038   0.611    -0.05     0.85 4.2391e-01  -0.545  -0.377
 0.66010   1.037   0.628    -0.05     0.84 4.2368e-01  -0.533  -0.379
 0.68010   1.036   0.645    -0.06     0.83 4.2345e-01  -0.521  -0.381
 0.70010   1.035   0.662    -0.07     0.83 4.2321e-01  -0.509  -0.382
 0.72010   1.033   0.678    -0.08     0.82 4.2297e-01  -0.498  -0.383
 0.74010   1.032   0.694    -0.08     0.81 4.2273e-01  -0.487  -0.384
 0.76010   1.030   0.710    -0.09     0.80 4.2249e-01  -0.476  -0.385
 0.78010   1.028   0.726    -0.10     0.80 4.2227e-01  -0.465  -0.385
 0.80010   1.026   0.742    -0.11     0.79 4.2205e-01  -0.455  -0.386
 0.82010   1.024   0.758    -0.11     0.78 4.2186e-01  -0.444  -0.386
 0.84010   1.021   0.773    -0.12     0.77 4.2168e-01  -0.435  -0.386
 0.86010   1.019   0.789    -0.13     0.76 4.2153e-01  -0.425  -0.387
 0.88010   1.016   0.804    -0.14     0.76 4.2141e-01  -0.415  -0.386
 0.90010   1.013   0.819    -0.15     0.75 4.2131e-01  -0.406  -0.386
 0.92010   1.010   0.834    -0.15     0.74 4.2125e-01  -0.397  -0.386
 0.94010   1.007   0.849    -0.16     0.73 4.2122e-01  -0.389  -0.386
 0.96010   1.004   0.863    -0.17     0.73 4.2123e-01  -0.380  -0.386
 0.98010   1.000   0.878    -0.18     0.72 4.2127e-01  -0.372  -0.385
 1.00010   0.997   0.892    -0.18     0.71 4.2136e-01  -0.364  -0.385
 1.02010   0.993   0.906    -0.19     0.70 4.2149e-01  -0.356  -0.384
 1.04010   0.989   0.920    -0.20     0.70 4.2166e-01  -0.348  -0.384
 1.06010   0.985   0.934    -0.21     0.69 4.2188e-01  -0.340  -0.383
 1.08010   0.981   0.948    -0.22     0.68 4.2215e-01  -0.333  -0.382
 1.10010   0.977   0.961    -0.22     0.67 4.2247e-01  -0.326  -0.382
 1.12010   0.972   0.975    -0.23     0.66 4.2285e-01  -0.319  -0.381
 1.14010   0.967   0.988    -0.24     0.66 4.2327e-01  -0.312  -0.380
 1.16010   0.962   1.001    -0.25     0.65 4.2375e-01  -0.305  -0.380
 1.18010   0.957   1.014    -0.25     0.64 4.2428e-01  -0.299  -0.379
 1.20010   0.952   1.027    -0.26     0.63 4.2488e-01  -0.292  -0.378
 1.22010   0.947   1.039    -0.27     0.63 4.2553e-01  -0.286  -0.378
 1.24010   0.942   1.052    -0.28     0.62 4.2624e-01  -0.280  -0.377
 1.26010   0.936   1.064    -0.28     0.61 4.2701e-01  -0.274  -0.376
 1.28010   0.930   1.076    -0.29     0.60 4.2784e-01  -0.268  -0.375
 1.30010   0.924   1.088    -0.30     0.60 4.2874e-01  -0.262  -0.374
 1.32010   0.918   1.100    -0.31     0.59 4.2969e-01  -0.257  -0.374
 1.34010   0.912   1.112    -0.31     0.58 4.3072e-01  -0.251  -0.373
 1.36010   0.906   1.123    -0.32     0.57 4.3181e-01  -0.246  -0.372
 1.38010   0.899   1.135    -0.33     0.57 4.3297e-01  -0.241  -0.372
 1.40010   0.893   1.146    -0.34     0.56 4.3419e-01  -0.235  -0.371
 1.42010   0.886   1.157    -0.34     0.55 4.3549e-01  -0.230  -0.370
 1.44010   0.879   1.168    -0.35     0.54 4.3685e-01  -0.225  -0.369
 1.46010   0.872   1.179    -0.36     0.54 4.3829e-01  -0.220  -0.369
 1.48010   0.865   1.190    -0.37     0.53 4.3979e-01  -0.216  -0.368
 1.50010   0.857   1.200    -0.37     0.52 4.4137e-01  -0.211  -0.367
 1.52010   0.850   1.210    -0.38     0.52 4.4302e-01  -0.206  -0.367
 1.54010   0.842   1.221    -0.39     0.51 4.4475e-01  -0.202  -0.366
 1.56010   0.834   1.231    -0.39     0.50 4.4655e-01  -0.197  -0.365
 1.58010   0.826   1.241    -0.40     0.49 4.4843e-01  -0.193  -0.365
 1.60010   0.818   1.251    -0.41     0.49 4.5039e-01  -0.188  -0.364
 1.62010   0.810   1.260    -0.42     0.48 4.5242e-01  -0.184  -0.363
 1.64010   0.802   1.270    -0.42     0.47 4.5453e-01  -0.180  -0.363
 1.66010   0.793   1.279    -0.43     0.46 4.5672e-01  -0.175  -0.362
 1.68010   0.784   1.288    -0.44     0.46 4.5900e-01  -0.171  -0.362
 1.70010   0.775   1.297    -0.45     0.45 4.6135e-01  -0.167  -0.361
 1.72010   0.767   1.306    -0.45     0.44 4.6379e-01  -0.163  -0.361
 1.74010   0.757   1.315    -0.46     0.44 4.6630e-01  -0.159  -0.360
 1.76010   0.748   1.324    -0.47     0.43 4.6891e-01  -0.155  -0.360
 1.78010   0.739   1.332    -0.47     0.42 4.7159e-01  -0.151  -0.359
 1.80010   0.729   1.340    -0.48     0.41 4.7437e-01  -0.147  -0.358
 1.82010   0.719   1.349    -0.49     0.41 4.7723e-01  -0.144  -0.358
 1.84010   0.710   1.357    -0.50     0.40 4.8018e-01  -0.140  -0.357
 1.86010   0.700   1.365    -0.50     0.39 4.8321e-01  -0.136  -0.357
 1.88010   0.690   1.372    -0.51     0.39 4.8634e-01  -0.132  -0.357
 1.90010   0.679   1.380    -0.52     0.38 4.8955e-01  -0.129  -0.356
 1.92010   0.669   1.388    -0.52     0.37 4.9286e-01  -0.125  -0.356
 1.94010   0.658   1.395    -0.53     0.36 4.9626e-01  -0.121  -0.355
 1.96010   0.648   1.402    -0.54     0.36 4.9975e-01  -0.118  -0.355
 1.98010   0.637   1.409    -0.55     0.35 5.0334e-01  -0.114  -0.354
 2.00010   0.626   1.416    -0.55     0.34 5.0702e-01  -0.110  -0.354
 2.02010   0.615   1.423    -0.56     0.34 5.1079e-01  -0.107  -0.353
 2.04010   0.603   1.430    -0.57     0.33 5.1467e-01  -0.103  -0.353
 2.06010   0.592   1.436    -0.57     0.32 5.1864e-01  -0.100  -0.352
 2.08010   0.580   1.442    -0.58     0.31 5.2271e-01  -0.096  -0.352
 2.10000   0.569   1.449    -0.59     0.31 5.2685e-01  -0.093  -0.352
 2.12000   0.557   1.455    -0.59     0.30 5.3112e-01  -0.089  -0.351
 2.14000   0.545   1.461    -0.60     0.29 5.3549e-01  -0.086  -0.351
 2.16000   0.533   1.466    -0.61     0.29 5.3996e-01  -0.082  -0.350
 2.18000   0.521   1.472    -0.62     0.28 5.4453e-01  -0.079  -0.350
 2.20000   0.508   1.478    -0.62     0.27 5.4920e-01  -0.076  -0.349
 2.22000   0.496   1.483    -0.63     0.27 5.5398e-01  -0.072  -0.349
 2.24000   0.483   1.488    -0.64     0.26 5.5887e-01  -0.069  -0.348
 2.26000   0.470   1.493    -0.64     0.25 5.6386e-01  -0.065  -0.348
 2.28000   0.457   1.498    -0.65     0.24 5.6896e-01  -0.062  -0.347
 2.30000   0.444   1.503    -0.66     0.24 5.7416e-01  -0.058  -0.347
 2.32000   0.431   1.508    -0.66     0.23 5.7947e-01  -0.055  -0.346
 2.34000   0.418   1.512    -0.67     0.22 5.8489e-01  -0.052  -0.346
 2.36000   0.404   1.517    -0.68     0.22 5.9042e-01  -0.048  -0.345
 2.38000   0.391   1.521    -0.69     0.21 5.9606e-01  -0.045  -0.344
 2.40000   0.377   1.525    -0.69     0.20 6.0181e-01  -0.041  -0.344
 2.42000   0.363   1.529    -0.70     0.20 6.0767e-01  -0.038  -0.343
 2.44000   0.349   1.533    -0.71     0.19 6.1364e-01  -0.035  -0.342
 2.46000   0.335   1.537    -0.71     0.18 6.1972e-01  -0.031  -0.342
 2.48000   0.320   1.540    -0.72     0.18 6.2591e-01  -0.028  -0.341
 2.50000   0.306   1.544    -0.73     0.17 6.3222e-01  -0.024  -0.340
 2.52000   0.291   1.547    -0.73     0.16 6.3864e-01  -0.021  -0.340
 2.54000   0.277   1.550    -0.74     0.16 6.4517e-01  -0.018  -0.339
 2.56000   0.262   1.553    -0.75     0.15 6.5181e-01  -0.014  -0.338
 2.58000   0.247   1.556    -0.75     0.14 6.5857e-01  -0.011  -0.337
 2.60000   0.232   1.559    -0.76     0.13 6.6544e-01  -0.008  -0.336
 2.62000   0.216   1.561    -0.77     0.13 6.7242e-01  -0.004  -0.335
 2.64000   0.201   1.564    -0.77     0.12 6.7951e-01  -0.001  -0.334
 2.66000   0.185   1.566    -0.78     0.11 6.8672e-01   0.003  -0.333
 2.68000   0.170   1.569    -0.79     0.11 6.9404e-01   0.006  -0.332
 2.70000   0.154   1.571    -0.79     0.10 7.0147e-01   0.009  -0.331
 2.72000   0.138   1.573    -0.80     0.10 7.0901e-01   0.013  -0.330
 2.74000   0.122   1.574    -0.81     0.09 7.1666e-01   0.016  -0.329
 2.76000   0.106   1.576    -0.81     0.08 7.2442e-01   0.019  -0.327
 2.78000   0.089   1.578    -0.82     0.08 7.3229e-01   0.023  -0.326
 2.80000   0.073   1.579    -0.83     0.07 7.4027e-01   0.026  -0.325
 2.82000   0.056   1.581    -0.83     0.06 7.4835e-01   0.029  -0.323
 2.84000   0.040   1.582    -0.84     0.06 7.5655e-01   0.032  -0.322
 2.86000   0.023   1.583    -0.85     0.05 7.6484e-01   0.036  -0.320
 2.88000   0.006   1.584    -0.85     0.04 7.7324e-01   0.039  -0.319
 2.90000  -0.011   1.584    -0.86     0.04 7.8174e-01   0.042  -0.317
 2.92000  -0.029   1.585    -0.86     0.03 7.9034e-01   0.045  -0.315
 2.94000  -0.046   1.586    -0.87     0.02 7.9905e-01   0.049  -0.314
 2.96000  -0.063   1.586    -0.88     0.02 8.0784e-01   0.052  -0.312
 2.98000  -0.081   1.586    -0.88     0.01 8.1674e-01   0.055  -0.310
 3.00000  -0.099   1.587    -0.89     0.01 8.2572e-01   0.058  -0.308
 3.02000  -0.117   1.587    -0.90    -0.00 8.3480e-01   0.061  -0.306
 3.04000  -0.135   1.587    -0.90    -0.01 8.4397e-01   0.064  -0.304
 3.06000  -0.153   1.586    -0.91    -0.01 8.5322e-01   0.067  -0.302
 3.08000  -0.171   1.586    -0.91    -0.02 8.6256e-01   0.070  -0.300
 3.10000  -0.189   1.586    -0.92    -0.02 8.7198e-01   0.073  -0.298
 3.12000  -0.208   1.585    -0.93    -0.03 8.8148e-01   0.076  -0.296
 3.14000  -0.226   1.584    -0.93    -0.04 8.9105e-01   0.079  -0.293
 3.16000  -0.245   1.584    -0.94    -0.04 9.0070e-01   0.082  -0.291
 3.18000  -0.264   1.583    -0.94    -0.05 9.1042e-01   0.084  -0.288
 3.20000  -0.283   1.582    -0.95    -0.05 9.2020e-01   0.087  -0.286
 3.22000  -0.302   1.581    -0.95    -0.06 9.3005e-01   0.090  -0.283
 3.24000  -0.321   1.579    -0.96    -0.07 9.3996e-01   0.092  -0.281
 3.26000  -0.340   1.578    -0.97    -0.07 9.4992e-01   0.095  -0.278
 3.28000  -0.360   1.576    -0.97    -0.08 9.5994e-01   0.097  -0.275
 3.30000  -0.379   1.575    -0.98    -0.08 9.7001e-01   0.100  -0.273
 3.32000  -0.399   1.573    -0.98    -0.09 9.8013e-01   0.102  -0.270
 3.34000  -0.418   1.571    -0.99    -0.09 9.9028e-01   0.105  -0.267
 3.36000  -0.438   1.569    -0.99    -0.10 1.0005e+00   0.107  -0.264
 3.38000  -0.458   1.567    -1.00    -0.10 1.0107e+00   0.109  -0.261
 3.40000  -0.478   1.565    -1.00    -0.11 1.0210e+00   0.111  -0.258
 3.42000  -0.498   1.563    -1.01    -0.11 1.0313e+00   0.113  -0.255
 3.44000  -0.518   1.561    -1.01    -0.12 1.0416e+00   0.115  -0.252
 3.46000  -0.539   1.558    -1.02    -0.12 1.0519e+00   0.117  -0.249
 3.48000  -0.559   1.556    -1.02    -0.13 1.0623e+00   0.119  -0.246
 3.50000  -0.580   1.553    -1.03    -0.13 1.0726e+00   0.121  -0.242
 3.52000  -0.600   1.550    -1.03    -0.14 1.0830e+00   0.123  -0.239
 3.54000  -0.621   1.548    -1.04    -0.14 1.0934e+00   0.124  -0.236
 3.56000  -0.642   1.545    -1.04    -0.15 1.1037e+00   0.126  -0.233
 3.58000  -0.663   1.542    -1.05    -0.15 1.1141e+00   0.127  -0.229
 3.60000  -0.684   1.539    -1.05    -0.16 1.1245e+00   0.129  -0.226
 3.62000  -0.705   1.535    -1.06    -0.16 1.1348e+00   0.130  -0.223
 3.64000  -0.726   1.532    -1.06    -0.17 1.1451e+00   0.131  -0.219
 3.66000  -0.747   1.529    -1.07    -0.17 1.1554e+00   0.133  -0.216
 3.68000  -0.769   1.525    -1.07    -0.17 1.1657e+00   0.134  -0.212
 3.70000  -0.790   1.522    -1.07    -0.18 1.1760e+00   0.135  -0.209
 3.72000  -0.812   1.518    -1.08    -0.18 1.1862e+00   0.136  -0.206
 3.74000  -0.833   1.515    -1.08    -0.19 1.1964e+00   0.137  -0.202
 3.76000  -0.855   1.511    -1.09    -0.19 1.2065e+00   0.137  -0.199
 3.78000  -0.877   1.507    -1.09    -0.19 1.2166e+00   0.138  -0.195
 3.80000  -0.898   1.503    -1.09    -0.20 1.2267e+00   0.139  -0.192
 3.82000  -0.920   1.499    -1.10    -0.20 1.2367e+00   0.139  -0.189
 3.84000  -0.942   1.495    -1.10    -0.21 1.2467e+00   0.140  -0.185
 3.86000  -0.964   1.491    -1.11    -0.21 1.2566e+00   0.140  -0.182
 3.88000  -0.987   1.486    -1.11    -0.21 1.2664e+00   0.141  -0.178
 3.90000  -1.009   1.482    -1.11    -0.22 1.2762e+00   0.141  -0.175
 3.92000  -1.031   1.478    -1.12    -0.22 1.2859e+00   0.141  -0.172
 3.94000  -1.053   1.473    -1.12    -0.22 1.2956e+00   0.142  -0.168
 3.96000  -1.076   1.469    -1.12    -0.23 1.3052e+00   0.142  -0.165
 3.98000  -1.098   1.464    -1.13    -0.23 1.3147e+00   0.142  -0.162
 4.00000  -1.121   1.460    -1.13    -0.23 1.3241e+00   0.142  -0.159
 4.02000  -1.143   1.455    -1.13    -0.24 1.3335e+00   0.142  -0.155
 4.04000  -1.166   1.450    -1.14    -0.24 1.3428e+00   0.141  -0.152
 4.06000  -1.189   1.445    -1.14    -0.24 1.3520e+00   0.141  -0.149
 4.08000  -1.212   1.440    -1.14    -0.25 1.3611e+00   0.141  -0.146
 4.10000  -1.235   1.435    -1.14    -0.25 1.3701e+00   0.141  -0.143
 4.12000  -1.257   1.430    -1.15    -0.25 1.3791e+00   0.140  -0.140
 4.14000  -1.280   1.425    -1.15    -0.25 1.3880e+00   0.140  -0.137
 4.16000  -1.303   1.420    -1.15    -0.26 1.3968e+00   0.140  -0.134
 4.18000  -1.326   1.415    -1.15    -0.26 1.4055e+00   0.139  -0.131
 4.20000  -1.350   1.410    -1.16    -0.26 1.4141e+00   0.139  -0.128
 4.22000  -1.373   1.405    -1.16    -0.26 1.4226e+00   0.138  -0.125
 4.24000  -1.396   1.399    -1.16    -0.27 1.4310e+00   0.137  -0.123
 4.26000  -1.419   1.394    -1.16    -0.27 1.4393e+00   0.137  -0.120
 4.28000  -1.443   1.388    -1.17    -0.27 1.4476e+00   0.136  -0.117
 4.30000  -1.466   1.383    -1.17    -0.27 1.4557e+00   0.135  -0.114
 4.32000  -1.489   1.378    -1.17    -0.28 1.4638e+00   0.135  -0.112
 4.34000  -1.513   1.372    -1.17    -0.28 1.4717e+00   0.134  -0.109
 4.36000  -1.536   1.366    -1.18    -0.28 1.4796e+00   0.133  -0.107
 4.38000  -1.560   1.361    -1.18    -0.28 1.4874e+00   0.132  -0.104
 4.40000  -1.583   1.355    -1.18    -0.29 1.4950e+00   0.131  -0.102
 4.42000  -1.607   1.349    -1.18    -0.29 1.5026e+00   0.130  -0.099
 4.44000  -1.631   1.344    -1.18    -0.29 1.5101e+00   0.129  -0.097
 4.46000  -1.654   1.338    -1.19    -0.29 1.5175e+00   0.129  -0.095
 4.48000  -1.678   1.332    -1.19    -0.29 1.5248e+00   0.128  -0.092
 4.50000  -1.702   1.326    -1.19    -0.29 1.5320e+00   0.127  -0.090
 4.52000  -1.726   1.320    -1.19    -0.30 1.5391e+00   0.126  -0.088
 4.54000  -1.750   1.314    -1.19    -0.30 1.5461e+00   0.125  -0.086
 4.56000  -1.774   1.308    -1.20    -0.30 1.5530e+00   0.124  -0.084
 4.58000  -1.797   1.302    -1.20    -0.30 1.5598e+00   0.123  -0.082
 4.60000  -1.821   1.296    -1.20    -0.30 1.5666e+00   0.121  -0.080
 4.62000  -1.845   1.290    -1.20    -0.30 1.5732e+00   0.120  -0.078
 4.64000  -1.869   1.284    -1.20    -0.31 1.5798e+00   0.119  -0.076
 4.66000  -1.893   1.278    -1.20    -0.31 1.5862e+00   0.118  -0.074
 4.68000  -1.918   1.272    -1.20    -0.31 1.5926e+00   0.117  -0.072
 4.70000  -1.942   1.265    -1.21    -0.31 1.5989e+00   0.116  -0.070
 4.72000  -1.966   1.259    -1.21    -0.31 1.6050e+00   0.115  -0.069
 4.74000  -1.990   1.253    -1.21    -0.31 1.6112e+00   0.114  -0.067
 4.76000  -2.014   1.247    -1.21    -0.31 1.6172e+00   0.113  -0.065
 4.78000  -2.038   1.240    -1.21    -0.32 1.6231e+00   0.112  -0.064
 4.80000  -2.063   1.234    -1.21    -0.32 1.6289e+00   0.111  -0.062
 4.82000  -2.087   1.228    -1.21    -0.32 1.6347e+00   0.110  -0.060
 4.84000  -2.111   1.221    -1.21    -0.32 1.6404e+00   0.109  -0.059
 4.86000  -2.135   1.215    -1.22    -0.32 1.6460e+00   0.107  -0.057
 4.88000  -2.160   1.208    -1.22    -0.32 1.6515e+00   0.106  -0.056
 4.90000  -2.184   1.202    -1.22    -0.32 1.6569e+00   0.105  -0.054
 4.92000  -2.209   1.195    -1.22    -0.32 1.6623e+00   0.104  -0.053
 4.94000  -2.233   1.189    -1.22    -0.33 1.6676e+00   0.103  -0.052
 4.96000  -2.257   1.182    -1.22    -0.33 1.6728e+00   0.102  -0.050
 4.98000  -2.282   1.176    -1.22    -0.33 1.6779e+00   0.101  -0.049
 5.00000  -2.306   1.169    -1.22    -0.33 1.6829e+00   0.100  -0.048
 5.02000  -2.331   1.163    -1.22    -0.33 1.6879e+00   0.099  -0.047
 5.04000  -2.355   1.156    -1.23    -0.33 1.6928e+00   0.098  -0.045
 5.06000  -2.380   1.150    -1.23    -0.33 1.6977e+00   0.097  -0.044
 5.08000  -2.404   1.143    -1.23    -0.33 1.7024e+00   0.096  -0.043
 5.10000  -2.429   1.136    -1.23    -0.33 1.7071e+00   0.095  -0.042
 5.12000  -2.453   1.130    -1.23    -0.33 1.7117e+00   0.094  -0.041
 5.14000  -2.478   1.123    -1.23    -0.33 1.7163e+00   0.093  -0.040
 5.16000  -2.503   1.116    -1.23    -0.34 1.7208e+00   0.092  -0.039
 5.18000  -2.527   1.109    -1.23    -0.34 1.7252e+00   0.091  -0.038
 5.20000  -2.552   1.103    -1.23    -0.34 1.7295e+00   0.090  -0.037
 5.22000  -2.576   1.096    -1.23    -0.34 1.7338e+00   0.089  -0.036
 5.24000  -2.601   1.089    -1.23    -0.34 1.7380e+00   0.088  -0.035
 5.26000  -2.626   1.082    -1.23    -0.34 1.7422e+00   0.087  -0.034
 5.28000  -2.651   1.076    -1.23    -0.34 1.7463e+00   0.086  -0.033
 5.30000  -2.675   1.069    -1.24    -0.34 1.7504e+00   0.085  -0.032
 5.32000  -2.700   1.062    -1.24    -0.34 1.7543e+00   0.084  -0.032
 5.34000  -2.725   1.055    -1.24    -0.34 1.7583e+00   0.083  -0.031
 5.36000  -2.749   1.048    -1.24    -0.34 1.7621e+00   0.082  -0.030
 5.38000  -2.774   1.042    -1.24    -0.34 1.7659e+00   0.081  -0.029
 5.40000  -2.799   1.035    -1.24    -0.34 1.7697e+00   0.080  -0.029
 5.42000  -2.824   1.028    -1.24    -0.34 1.7734e+00   0.079  -0.028
 5.44000  -2.848   1.021    -1.24    -0.34 1.7771e+00   0.078  -0.027
 5.46000  -2.873   1.014    -1.24    -0.35 1.7807e+00   0.077  -0.026
 5.48000  -2.898   1.007    -1.24    -0.35 1.7842e+00   0.077  -0.026
 5.50000  -2.923   1.000    -1.24    -0.35 1.7877e+00   0.076  -0.025
 5.52000  -2.948   0.993    -1.24    -0.35 1.7911e+00   0.075  -0.024
 5.54000  -2.973   0.986    -1.24    -0.35 1.7945e+00   0.074  -0.024
 5.56000  -2.997   0.979    -1.24    -0.35 1.7979e+00   0.073  -0.023
 5.58000  -3.022   0.972    -1.24    -0.35 1.8012e+00   0.072  -0.023
 5.60000  -3.047   0.965    -1.24    -0.35 1.8044e+00   0.072  -0.022
 5.62000  -3.072   0.959    -1.24    -0.35 1.8076e+00   0.071  -0.021
 5.64000  -3.097   0.952    -1.24    -0.35 1.8108e+00   0.070  -0.021
 5.66000  -3.122   0.945    -1.24    -0.35 1.8139e+00   0.069  -0.020
 5.68000  -3.147   0.938    -1.25    -0.35 1.8170e+00   0.068  -0.020
 5.70000  -3.172   0.931    -1.25    -0.35 1.8200e+00   0.068  -0.019
 5.72000  -3.196   0.924    -1.25    -0.35 1.8230e+00   0.067  -0.019
 5.74010  -3.222   0.916    -1.25    -0.35 1.8259e+00   0.066  -0.018
 5.76010  -3.246   0.909    -1.25    -0.35 1.8288e+00   0.065  -0.018
 5.78010  -3.271   0.902    -1.25    -0.35 1.8317e+00   0.065  -0.017
 5.80010  -3.296   0.895    -1.25    -0.35 1.8345e+00   0.064  -0.017
 5.82010  -3.321   0.888    -1.25    -0.35 1.8373e+00   0.063  -0.017
 5.84010  -3.346   0.881    -1.25    -0.35 1.8400e+00   0.063  -0.016
 5.86010  -3.371   0.874    -1.25    -0.35 1.8427e+00   0.062  -0.016
 5.88010  -3.396   0.867    -1.25    -0.35 1.8454e+00   0.061  -0.015
 5.90010  -3.421   0.860    -1.25    -0.35 1.8480e+00   0.061  -0.015
 5.92010  -3.446   0.853    -1.25    -0.35 1.8506e+00   0.060  -0.015
 5.94010  -3.471   0.846    -1.25    -0.35 1.8532e+00   0.059  -0.014
 5.96010  -3.496   0.839    -1.25    -0.35 1.8557e+00   0.059  -0.014
 5.98010  -3.521   0.832    -1.25    -0.36 1.8582e+00   0.058  -0.014
 6.00010  -3.546   0.825    -1.25    -0.36 1.8607e+00   0.057  -0.013
 6.02010  -3.571   0.817    -1.25    -0.36 1.8631e+00   0.057  -0.013
 6.04010  -3.596   0.810    -1.25    -0.36 1.8655e+00   0.056  -0.012
 6.06010  -3.621   0.803    -1.25    -0.36 1.8679e+00   0.055  -0.012
 6.08010  -3.646   0.796    -1.25    -0.36 1.8702e+00   0.055  -0.012
 6.10010  -3.671   0.789    -1.25    -0.36 1.8725e+00   0.054  -0.012
 6.12010  -3.696   0.782    -1.25    -0.36 1.8748e+00   0.054  -0.011
 6.14010  -3.721   0.775    -1.25    -0.36 1.8770e+00   0.053  -0.011
 6.16010  -3.746   0.768    -1.25    -0.36 1.8792e+00   0.053  -0.011
 6.18010  -3.771   0.760    -1.25    -0.36 1.8814e+00   0.052  -0.010
 6.20010  -3.796   0.753    -1.25    -0.36 1.8836e+00   0.051  -0.010
 6.22010  -3.822   0.746    -1.25    -0.36 1.8857e+00   0.051  -0.010
 6.24010  -3.847   0.739    -1.25    -0.36 1.8878e+00   0.050  -0.010
 6.26010  -3.872   0.732    -1.25    -0.36 1.8899e+00   0.050  -0.009
 6.28010  -3.897   0.725    -1.25    -0.36 1.8919e+00   0.049  -0.009
 6.30010  -3.922   0.717    -1.25    -0.36 1.8939e+00   0.049  -0.009
 6.32010  -3.947   0.710    -1.25    -0.36 1.8959e+00   0.048  -0.009
 6.34010  -3.972   0.703    -1.25    -0.36 1.8979e+00   0.048  -0.008
 6.36010  -3.997   0.696    -1.25    -0.36 1.8998e+00   0.047  -0.008
 6.38010  -4.022   0.689    -1.25    -0.36 1.9018e+00   0.047  -0.008
 6.40010  -4.047   0.682    -1.25    -0.36 1.9037e+00   0.046  -0.008
 6.42010  -4.072   0.674    -1.25    -0.36 1.9055e+00   0.046  -0.008
 6.44010  -4.097   0.667    -1.25    -0.36 1.9074e+00   0.045  -0.007
 6.46010  -4.122   0.660    -1.25    -0.36 1.9092e+00   0.045  -0.007
 6.48010  -4.148   0.653    -1.26    -0.36 1.9110e+00   0.045  -0.007
 6.50010  -4.173   0.646    -1.26    -0.36 1.9128e+00   0.044  -0.007
 6.52010  -4.198   0.638    -1.26    -0.36 1.9146e+00   0.044  -0.007
 6.54010  -4.223   0.631    -1.26    -0.36 1.9163e+00   0.043  -0.006
 6.56010  -4.248   0.624    -1.26    -0.36 1.9180e+00   0.043  -0.006
 6.58010  -4.273   0.617    -1.26    -0.36 1.9197e+00   0.042  -0.006
 6.60010  -4.298   0.610    -1.26    -0.36 1.9214e+00   0.042  -0.006
 6.62010  -4.323   0.602    -1.26    -0.36 1.9231e+00   0.042  -0.006
 6.64010  -4.348   0.595    -1.26    -0.36 1.9247e+00   0.041  -0.006
 6.66010  -4.374   0.588    -1.26    -0.36 1.9263e+00   0.041  -0.006
 6.68010  -4.399   0.581    -1.26    -0.36 1.9279e+00   0.040  -0.005
 6.70010  -4.424   0.573    -1.26    -0.36 1.9295e+00   0.040  -0.005
 6.72010  -4.449   0.566    -1.26    -0.36 1.9311e+00   0.040  -0.005
 6.74010  -4.474   0.559    -1.26    -0.36 1.9326e+00   0.039  -0.005
 6.76010  -4.499   0.552    -1.26    -0.36 1.9341e+00   0.039  -0.005
 6.78010  -4.524   0.545    -1.26    -0.36 1.9356e+00   0.038  -0.005
 6.80010  -4.549   0.537    -1.26    -0.36 1.9371e+00   0.038  -0.005
 6.82010  -4.575   0.530    -1.26    -0.36 1.9386e+00   0.038  -0.004
 6.84010  -4.600   0.523    -1.26    -0.36 1.9401e+00   0.037  -0.004
 6.86010  -4.625   0.516    -1.26    -0.36 1.9415e+00   0.037  -0.004
 6.88010  -4.650   0.508    -1.26    -0.36 1.9429e+00   0.037  -0.004
 6.90010  -4.675   0.501    -1.26    -0.36 1.9444e+00   0.036  -0.004
 6.92010  -4.700   0.494    -1.26    -0.36 1.9457e+00   0.036  -0.004
 6.94010  -4.726   0.487    -1.26    -0.36 1.9471e+00   0.036  -0.004
 6.96010  -4.751   0.479    -1.26    -0.36 1.9485e+00   0.035  -0.004
 6.98010  -4.776   0.472    -1.26    -0.36 1.9498e+00   0.035  -0.004
 7.00010  -4.801   0.465    -1.26    -0.36 1.9512e+00   0.035  -0.003
 7.02010  -4.826   0.458    -1.26    -0.36 1.9525e+00   0.034  -0.003
 7.04010  -4.851   0.450    -1.26    -0.36 1.9538e+00   0.034  -0.003
 7.06010  -4.876   0.443    -1.26    -0.36 1.9551e+00   0.034  -0.003
 7.08010  -4.902   0.436    -1.26    -0.36 1.9564e+00   0.033  -0.003
 7.10010  -4.927   0.429    -1.26    -0.36 1.9576e+00   0.033  -0.003
 7.12010  -4.952   0.421    -1.26    -0.36 1.9589e+00   0.033  -0.003
 7.14010  -4.977   0.414    -1.26    -0.36 1.9601e+00   0.032  -0.003
 7.16010  -5.002   0.407    -1.26    -0.36 1.9613e+00   0.032  -0.003
 7.18010  -5.027   0.400    -1.26    -0.36 1.9625e+00   0.032  -0.003
 7.20010  -5.053   0.392    -1.26    -0.36 1.9637e+00   0.032  -0.003
 7.22010  -5.078   0.385    -1.26    -0.36 1.9649e+00   0.031  -0.002
 7.24010  -5.103   0.378    -1.26    -0.36 1.9661e+00   0.031  -0.002
 7.26010  -5.128   0.370    -1.26    -0.36 1.9672e+00   0.031  -0.002
 7.28010  -5.153   0.363    -1.26    -0.36 1.9684e+00   0.030  -0.002
 7.30010  -5.178   0.356    -1.26    -0.36 1.9695e+00   0.030  -0.002
 7.32010  -5.204   0.349    -1.26    -0.36 1.9706e+00   0.030  -0.002
 7.34010  -5.229   0.341    -1.26    -0.36 1.9718e+00   0.030  -0.002
 7.36010  -5.254   0.334    -1.26    -0.36 1.9729e+00   0.029  -0.002
 7.38010  -5.279   0.327    -1.26    -0.36 1.9739e+00   0.029  -0.002
 7.40010  -5.304   0.320    -1.26    -0.36 1.9750e+00   0.029  -0.002
 7.42010  -5.329   0.312    -1.26    -0.36 1.9761e+00   0.029  -0.002
 7.44010  -5.355   0.305    -1.26    -0.36 1.9771e+00   0.028  -0.002
 7.46010  -5.380   0.298    -1.26    -0.36 1.9782e+00   0.028  -0.002
 7.48010  -5.405   0.291    -1.26    -0.36 1.9792e+00   0.028  -0.002
 7.50010  -5.430   0.283    -1.26    -0.36 1.9802e+00   0.028  -0.002
 7.52010  -5.455   0.276    -1.26    -0.36 1.9813e+00   0.027  -0.001
 7.54010  -5.481   0.269    -1.26    -0.36 1.9823e+00   0.027  -0.001
 7.56010  -5.506   0.261    -1.26    -0.36 1.9833e+00   0.027  -0.001
 7.58010  -5.531   0.254    -1.26    -0.36 1.9842e+00   0.027  -0.001
 7.60010  -5.556   0.247    -1.26    -0.36 1.9852e+00   0.027  -0.001
 7.62010  -5.581   0.240    -1.26    -0.36 1.9862e+00   0.026  -0.001
 7.64010  -5.606   0.232    -1.26    -0.36 1.9871e+00   0.026  -0.001
 7.66010  -5.632   0.225    -1.26    -0.36 1.9881e+00   0.026  -0.001
 7.68010  -5.657   0.218    -1.26    -0.36 1.9890e+00   0.026  -0.001
 7.70010  -5.682   0.210    -1.26    -0.36 1.9900e+00   0.025  -0.001
 7.72010  -5.707   0.203    -1.26    -0.36 1.9909e+00   0.025  -0.001
 7.74010  -5.732   0.196    -1.26    -0.36 1.9918e+00   0.025  -0.001
 7.76010  -5.758   0.189    -1.26    -0.36 1.9927e+00   0.025  -0.001
 7.78010  -5.783   0.181    -1.26    -0.36 1.9936e+00   0.025  -0.001
 7.80010  -5.808   0.174    -1.26    -0.36 1.9945e+00   0.024  -0.001
 7.82010  -5.833   0.167    -1.26    -0.36 1.9953e+00   0.024  -0.001
 7.84010  -5.858   0.159    -1.26    -0.36 1.9962e+00   0.024  -0.001
 7.86010  -5.883   0.152    -1.26    -0.36 1.9971e+00   0.024  -0.001
 7.88010  -5.909   0.145    -1.26    -0.36 1.9979e+00   0.024  -0.001
 7.90010  -5.934   0.138    -1.26    -0.36 1.9988e+00   0.023  -0.001
 7.92010  -5.959   0.130    -1.26    -0.36 1.9996e+00   0.023  -0.001
 7.94010  -5.984   0.123    -1.26    -0.36 2.0004e+00   0.023  -0.001
 7.96010  -6.009   0.116    -1.26    -0.36 2.0013e+00   0.023  -0.001
 7.98010  -6.035   0.108    -1.26    -0.36 2.0021e+00   0.023  -0.000
 8.00010  -6.060   0.101    -1.26    -0.36 2.0029e+00   0.023  -0.000
 8.02010  -6.085   0.094    -1.26    -0.36 2.0037e+00   0.022  -0.000
 8.04010  -6.110   0.087    -1.26    -0.36 2.0045e+00   0.022  -0.000
 8.06010  -6.135   0.079    -1.26    -0.36 2.0053e+00   0.022  -0.000
 8.08010  -6.160   0.072    -1.26    -0.36 2.0060e+00   0.022  -0.000
 8.10010  -6.186   0.065    -1.26    -0.36 2.0068e+00   0.022  -0.000
 8.12010  -6.211   0.057    -1.26    -0.36 2.0076e+00   0.022  -0.000
 8.14010  -6.236   0.050    -1.26    -0.36 2.0083e+00   0.021  -0.000
 8.16010  -6.261   0.043    -1.26    -0.36 2.0091e+00   0.021  -0.000
 8.18010  -6.286   0.036    -1.26    -0.36 2.0098e+00   0.021  -0.000
 8.20010  -6.312   0.028    -1.26    -0.36 2.0106e+00   0.021  -0.000
 8.22010  -6.337   0.021    -1.26    -0.36 2.0113e+00   0.021  -0.000
 8.24010  -6.362   0.014    -1.26    -0.36 2.0120e+00   0.021  -0.000
 8.26010  -6.387   0.006    -1.26    -0.36 2.0127e+00   0.020  -0.000
 8.28010  -6.412  -0.001    -1.26    -0.36 2.0134e+00   0.020  -0.000
 8.30010  -6.438  -0.008    -1.26    -0.36 2.0141e+00   0.020  -0.000
 8.32010  -6.463  -0.015    -1.26    -0.36 2.0148e+00   0.020  -0.000
 8.34010  -6.488  -0.023    -1.26    -0.36 2.0155e+00   0.020   0.000
 8.36010  -6.513  -0.030    -1.26    -0.36 2.0162e+00   0.020   0.000
 8.38010  -6.538  -0.037    -1.26    -0.36 2.0169e+00   0.020   0.000
 8.40010  -6.564  -0.045    -1.26    -0.36 2.0176e+00   0.019   0.000
 8.42010  -6.589  -0.052    -1.26    -0.36 2.0183e+00   0.019   0.000
 8.44010  -6.614  -0.059    -1.26    -0.36 2.0189e+00   0.019   0.000
 8.46010  -6.639  -0.066    -1.26    -0.36 2.0196e+00   0.019   0.000
 8.48010  -6.664  -0.074    -1.26    -0.36 2.0202e+00   0.019   0.000
 8.50010  -6.689  -0.081    -1.26    -0.36 2.0209e+00   0.019   0.000
 8.52010  -6.715  -0.088    -1.26    -0.36 2.0215e+00   0.019   0.000
 8.54010  -6.740  -0.096    -1.26    -0.36 2.0222e+00   0.018   0.000
 8.56010  -6.765  -0.103    -1.26    -0.36 2.0228e+00   0.018   0.000
 8.58010  -6.790  -0.110    -1.26    -0.36 2.0234e+00   0.018   0.000
 8.60010  -6.815  -0.117    -1.26    -0.36 2.0241e+00   0.018   0.000
 8.62010  -6.841  -0.125    -1.26    -0.36 2.0247e+00   0.018   0.000
 8.64010  -6.866  -0.132    -1.26    -0.36 2.0253e+00   0.018   0.000
 8.66010  -6.891  -0.139    -1.26    -0.36 2.0259e+00   0.018   0.000
 8.68010  -6.916  -0.147    -1.26    -0.36 2.0265e+00   0.018   0.000
 8.70010  -6.941  -0.154    -1.26    -0.36 2.0271e+00   0.017   0.000
 8.72010  -6.967  -0.161    -1.26    -0.36 2.0277e+00   0.017   0.000
 8.74010  -6.992  -0.168    -1.26    -0.36 2.0283e+00   0.017   0.000
 8.76010  -7.017  -0.176    -1.26    -0.36 2.0289e+00   0.017   0.000
 8.78010  -7.042  -0.183    -1.26    -0.36 2.0294e+00   0.017   0.000
 8.80010  -7.067  -0.190    -1.26    -0.36 2.0300e+00   0.017   0.000
 8.82010  -7.092  -0.198    -1.26    -0.36 2.0306e+00   0.017   0.000
 8.84010  -7.118  -0.205    -1.26    -0.36 2.0312e+00   0.017   0.000
 8.86010  -7.143  -0.212    -1.26    -0.36 2.0317e+00   0.016   0.000
 8.88010  -7.168  -0.219    -1.26    -0.36 2.0323e+00   0.016   0.000
 8.90010  -7.193  -0.227    -1.26    -0.36 2.0328e+00   0.016   0.000
 8.92010  -7.218  -0.234    -1.26    -0.36 2.0334e+00   0.016   0.000
 8.94010  -7.244  -0.241    -1.26    -0.36 2.0339e+00   0.016   0.000
 8.96010  -7.269  -0.249    -1.26    -0.36 2.0345e+00   0.016   0.001
 8.98010  -7.294  -0.256    -1.26    -0.36 2.0350e+00   0.016   0.001
 9.00010  -7.319  -0.263    -1.26    -0.36 2.0355e+00   0.016   0.001
 9.02010  -7.344  -0.270    -1.26    -0.36 2.0361e+00   0.016   0.001
 9.04010  -7.369  -0.278    -1.26    -0.36 2.0366e+00   0.015   0.001
 9.06010  -7.395  -0.285    -1.26    -0.36 2.0371e+00   0.015   0.001
 9.08010  -7.420  -0.292    -1.26    -0.36 2.0376e+00   0.015   0.001
 9.10010  -7.445  -0.299    -1.26    -0.36 2.0381e+00   0.015   0.001
 9.12010  -7.470  -0.307    -1.26    -0.36 2.0386e+00   0.015   0.001
 9.14010  -7.495  -0.314    -1.26    -0.36 2.0391e+00   0.015   0.001
 9.16010  -7.521  -0.321    -1.26    -0.36 2.0396e+00   0.015   0.001
 9.18010  -7.546  -0.329    -1.26    -0.36 2.0401e+00   0.015   0.001
 9.20010  -7.571  -0.336    -1.26    -0.36 2.0406e+00   0.015   0.001
 9.22010  -7.596  -0.343    -1.26    -0.36 2.0411e+00   0.015   0.001
 9.24010  -7.621  -0.350    -1.26    -0.36 2.0416e+00   0.015   0.001
 9.26010  -7.646  -0.358    -1.26    -0.36 2.0421e+00   0.014   0.001
 9.28010  -7.672  -0.365    -1.26    -0.36 2.0426e+00   0.014   0.001
 9.30010  -7.697  -0.372    -1.26    -0.36 2.0430e+00   0.014   0.001
 9.32010  -7.722  -0.380    -1.26    -0.36 2.0435e+00   0.014   0.001
 9.34010  -7.747  -0.387    -1.26    -0.36 2.0440e+00   0.014   0.001
 9.36010  -7.772  -0.394    -1.26    -0.36 2.0444e+00   0.014   0.001
 9.38010  -7.798  -0.401    -1.26    -0.36 2.0449e+00   0.014   0.001
 9.40010  -7.823  -0.409    -1.26    -0.36 2.0454e+00   0.014   0.001
 9.42010  -7.848  -0.416    -1.26    -0.36 2.0458e+00   0.014   0.001
 9.44010  -7.873  -0.423    -1.26    -0.36 2.0463e+00   0.014   0.001
 9.46010  -7.898  -0.431    -1.26    -0.36 2.0467e+00   0.014   0.001
 9.48010  -7.923  -0.438    -1.26    -0.36 2.0472e+00   0.013   0.001
 9.50010  -7.949  -0.445    -1.26    -0.36 2.0476e+00   0.013   0.001
 9.52010  -7.974  -0.452    -1.26    -0.36 2.0481e+00   0.013   0.001
 9.54010  -7.999  -0.460    -1.26    -0.36 2.0485e+00   0.013   0.001
 9.56010  -8.024  -0.467    -1.26    -0.36 2.0489e+00   0.013   0.001
 9.58010  -8.049  -0.474    -1.26    -0.36 2.0494e+00   0.013   0.001
 9.60010  -8.075  -0.481    -1.26    -0.36 2.0498e+00   0.013   0.001
 9.62010  -8.100  -0.489    -1.26    -0.36 2.0502e+00   0.013   0.001
 9.64010  -8.125  -0.496    -1.26    -0.36 2.0506e+00   0.013   0.001
 9.66010  -8.150  -0.503    -1.26    -0.36 2.0510e+00   0.013   0.001
 9.68010  -8.175  -0.511    -1.26    -0.36 2.0515e+00   0.013   0.001
 9.70010  -8.200  -0.518    -1.26    -0.36 2.0519e+00   0.013   0.001
 9.72010  -8.226  -0.525    -1.26    -0.36 2.0523e+00   0.012   0.001
 9.74010  -8.251  -0.532    -1.26    -0.36 2.0527e+00   0.012   0.001
 9.76010  -8.276  -0.540    -1.26    -0.36 2.0531e+00   0.012   0.001
 9.78010  -8.301  -0.547    -1.26    -0.36 2.0535e+00   0.012   0.001
 9.80010  -8.326  -0.554    -1.26    -0.36 2.0539e+00   0.012   0.001
 9.82010  -8.351  -0.561    -1.26    -0.36 2.0543e+00   0.012   0.001
 9.84010  -8.377  -0.569    -1.26    -0.36 2.0547e+00   0.012   0.001
 9.86010  -8.402  -0.576    -1.26    -0.36 2.0551e+00   0.012   0.001
 9.88010  -8.427  -0.583    -1.26    -0.36 2.0555e+00   0.012   0.001
 9.90010  -8.452  -0.591    -1.26    -0.36 2.0559e+00   0.012   0.001
 9.92010  -8.477  -0.598    -1.26    -0.36 2.0562e+00   0.012   0.001
 9.94010  -8.503  -0.605    -1.26    -0.36 2.0566e+00   0.012   0.001
 9.96010  -8.528  -0.612    -1.26    -0.36 2.0570e+00   0.012   0.001
 9.98010  -8.553  -0.620    -1.26    -0.36 2.0574e+00   0.012   0.001
10.00010  -8.578  -0.627    -1.26    -0.36 2.0577e+00   0.011   0.001
10.02010  -8.603  -0.634    -1.26    -0.36 2.0581e+00   0.011   0.001
10.04010  -8.628  -0.641    -1.26    -0.36 2.0585e+00   0.011   0.001
10.06010  -8.654  -0.649    -1.26    -0.36 2.0589e+00   0.011   0.001
10.08010  -8.679  -0.656    -1.26    -0.36 2.0592e+00   0.011   0.001
10.10010  -8.704  -0.663    -1.26    -0.36 2.0596e+00   0.011   0.001
10.12010  -8.729  -0.670    -1.26    -0.36 2.0599e+00   0.011   0.001
10.14010  -8.754  -0.678    -1.26    -0.36 2.0603e+00   0.011   0.001
10.16010  -8.779  -0.685    -1.26    -0.36 2.0607e+00   0.011   0.001
10.18010  -8.805  -0.692    -1.26    -0.36 2.0610e+00   0.011   0.001
10.20010  -8.830  -0.700    -1.26    -0.36 2.0614e+00   0.011   0.001
10.22010  -8.855  -0.707    -1.26    -0.36 2.0617e+00   0.011   0.001
10.24010  -8.880  -0.714    -1.26    -0.36 2.0620e+00   0.011   0.001
10.26010  -8.905  -0.721    -1.26    -0.36 2.0624e+00   0.011   0.001
10.28010  -8.930  -0.729    -1.26    -0.36 2.0627e+00   0.011   0.001
10.30010  -8.956  -0.736    -1.26    -0.36 2.0631e+00   0.011   0.001
10.32010  -8.981  -0.743    -1.26    -0.36 2.0634e+00   0.010   0.001
10.34010  -9.006  -0.750    -1.26    -0.36 2.0637e+00   0.010   0.001
10.36010  -9.031  -0.758    -1.26    -0.36 2.0641e+00   0.010   0.001
10.38010  -9.056  -0.765    -1.26    -0.36 2.0644e+00   0.010   0.001
10.40010  -9.081  -0.772    -1.26    -0.36 2.0647e+00   0.010   0.001
10.42010  -9.107  -0.779    -1.26    -0.36 2.0651e+00   0.010   0.001
10.44010  -9.132  -0.787    -1.26    -0.36 2.0654e+00   0.010   0.001
10.46010  -9.157  -0.794    -1.26    -0.36 2.0657e+00   0.010   0.001
10.48010  -9.182  -0.801    -1.26    -0.36 2.0660e+00   0.010   0.001
10.50010  -9.207  -0.808    -1.26    -0.36 2.0664e+00   0.010   0.001
10.52010  -9.232  -0.816    -1.26    -0.36 2.0667e+00   0.010   0.001
10.54010  -9.258  -0.823    -1.26    -0.36 2.0670e+00   0.010   0.001
10.56010  -9.283  -0.830    -1.26    -0.36 2.0673e+00   0.010   0.001
10.58010  -9.308  -0.838    -1.26    -0.36 2.0676e+00   0.010   0.001
10.60010  -9.333  -0.845    -1.26    -0.36 2.0679e+00   0.010   0.001
10.62010  -9.358  -0.852    -1.26    -0.36 2.0682e+00   0.010   0.001
10.64010  -9.383  -0.859    -1.26    -0.36 2.0685e+00   0.010   0.001
10.66010  -9.408  -0.867    -1.26    -0.36 2.0688e+00   0.010   0.001
10.68010  -9.434  -0.874    -1.26    -0.36 2.0691e+00   0.010   0.001
10.70010  -9.459  -0.881    -1.26    -0.36 2.0694e+00   0.009   0.001
10.72010  -9.484  -0.888    -1.26    -0.36 2.0697e+00   0.009   0.001
10.74010  -9.509  -0.896    -1.26    -0.36 2.0700e+00   0.009   0.001
10.76010  -9.534  -0.903    -1.26    -0.36 2.0703e+00   0.009   0.001
10.78010  -9.559  -0.910    -1.26    -0.36 2.0706e+00   0.009   0.001
10.80010  -9.585  -0.917    -1.26    -0.36 2.0709e+00   0.009   0.001
10.82010  -9.610  -0.925    -1.26    -0.36 2.0712e+00   0.009   0.001
10.84010  -9.635  -0.932    -1.26    -0.36 2.0715e+00   0.009   0.001
10.86010  -9.660  -0.939    -1.26    -0.36 2.0718e+00   0.009   0.001
10.88010  -9.685  -0.946    -1.26    -0.36 2.0721e+00   0.009   0.001
10.90010  -9.710  -0.954    -1.26    -0.36 2.0724e+00   0.009   0.001
10.92010  -9.736  -0.961    -1.26    -0.36 2.0726e+00   0.009   0.001
10.94010  -9.761  -0.968    -1.26    -0.36 2.0729e+00   0.009   0.001
10.96010  -9.786  -0.975    -1.26    -0.36 2.0732e+00   0.009   0.001
10.98010  -9.811  -0.983    -1.26    -0.36 2.0735e+00   0.009   0.001
11.00010  -9.836  -0.990    -1.26    -0.36 2.0738e+00   0.009   0.001
11.02010  -9.861  -0.997    -1.26    -0.36 2.0740e+00   0.009   0.001
11.04010  -9.886  -1.004    -1.26    -0.36 2.0743e+00   0.009   0.001
11.06010  -9.912  -1.012    -1.26    -0.36 2.0746e+00   0.009   0.001
11.08010  -9.937  -1.019    -1.26    -0.36 2.0748e+00   0.009   0.001
11.10010  -9.962  -1.026    -1.26    -0.36 2.0751e+00   0.009   0.001
11.12010  -9.987  -1.033    -1.26    -0.36 2.0754e+00   0.008   0.001
11.14010 -10.012  -1.041    -1.26    -0.36 2.0756e+00   0.008   0.001
11.16010 -10.037  -1.048    -1.26    -0.36 2.0759e+00   0.008   0.001
11.18010 -10.062  -1.055    -1.26    -0.36 2.0762e+00   0.008   0.001
11.20010 -10.088  -1.062    -1.26    -0.36 2.0764e+00   0.008   0.001
11.22010 -10.113  -1.070    -1.26    -0.36 2.0767e+00   0.008   0.001
11.24010 -10.138  -1.077    -1.26    -0.36 2.0769e+00   0.008   0.001
11.26010 -10.163  -1.084    -1.26    -0.36 2.0772e+00   0.008   0.001
11.28010 -10.188  -1.091    -1.26    -0.36 2.0775e+00   0.008   0.001
11.30010 -10.213  -1.099    -1.26    -0.36 2.0777e+00   0.008   0.001
11.32010 -10.239  -1.106    -1.26    -0.36 2.0780e+00   0.008   0.001
11.34010 -10.264  -1.113    -1.26    -0.36 2.0782e+00   0.008   0.001
11.36010 -10.289  -1.120    -1.26    -0.36 2.0785e+00   0.008   0.001
11.38010 -10.314  -1.128    -1.26    -0.36 2.0787e+00   0.008   0.001
11.40010 -10.339  -1.135    -1.26    -0.36 2.0790e+00   0.008   0.001
11.42010 -10.364  -1.142    -1.26    -0.36 2.0792e+00   0.008   0.001
11.44010 -10.389  -1.149    -1.26    -0.36 2.0794e+00   0.008   0.001
11.46010 -10.415  -1.157    -1.26    -0.36 2.0797e+00   0.008   0.001
11.48010 -10.440  -1.164    -1.26    -0.36 2.0799e+00   0.008   0.001
11.50010 -10.465  -1.171    -1.26    -0.36 2.0802e+00   0.008   0.001
11.52010 -10.490  -1.178    -1.26    -0.36 2.0804e+00   0.008   0.001
11.54010 -10.515  -1.186    -1.26    -0.36 2.0806e+00   0.008   0.001
11.56010 -10.540  -1.193    -1.26    -0.36 2.0809e+00   0.008   0.001
11.58010 -10.565  -1.200    -1.26    -0.36 2.0811e+00   0.008   0.001
11.60010 -10.591  -1.207    -1.26    -0.36 2.0814e+00   0.008   0.001
11.62010 -10.616  -1.215    -1.26    -0.36 2.0816e+00   0.008   0.001
11.64010 -10.641  -1.222    -1.26    -0.36 2.0818e+00   0.007   0.001
11.66010 -10.666  -1.229    -1.26    -0.36 2.0820e+00   0.007   0.001
11.68010 -10.691  -1.236    -1.26    -0.36 2.0823e+00   0.007   0.001
11.70010 -10.716  -1.243    -1.26    -0.36 2.0825e+00   0.007   0.001
11.72010 -10.741  -1.251    -1.26    -0.36 2.0827e+00   0.007   0.001
11.74010 -10.767  -1.258    -1.26    -0.36 2.0830e+00   0.007   0.001
11.76010 -10.792  -1.265    -1.26    -0.36 2.0832e+00   0.007   0.001
11.78010 -10.817  -1.272    -1.26    -0.36 2.0834e+00   0.007   0.001
11.80010 -10.842  -1.280    -1.26    -0.36 2.0836e+00   0.007   0.001
11.82010 -10.867  -1.287    -1.26    -0.36 2.0838e+00   0.007   0.001
11.84010 -10.892  -1.294    -1.26    -0.36 2.0841e+00   0.007   0.001
11.86010 -10.917  -1.301    -1.26    -0.36 2.0843e+00   0.007   0.001
11.88010 -10.943  -1.309    -1.26    -0.36 2.0845e+00   0.007   0.001
11.90010 -10.968  -1.316    -1.26    -0.36 2.0847e+00   0.007   0.001
11.92010 -10.993  -1.323    -1.26    -0.36 2.0849e+00   0.007   0.001
11.94010 -11.018  -1.330    -1.26    -0.36 2.0852e+00   0.007   0.001
11.96010 -11.043  -1.338    -1.26    -0.36 2.0854e+00   0.007   0.001
11.98010 -11.068  -1.345    -1.26    -0.36 2.0856e+00   0.007   0.001
12.00010 -11.093  -1.352    -1.26    -0.36 2.0858e+00   0.007   0.001
12.02010 -11.118  -1.359    -1.26    -0.36 2.0860e+00   0.007   0.001
12.04010 -11.144  -1.366    -1.26    -0.36 2.0862e+00   0.007   0.001
12.06010 -11.169  -1.374    -1.26    -0.36 2.0864e+00   0.007   0.001
12.08010 -11.194  -1.381    -1.26    -0.36 2.0866e+00   0.007   0.001
12.10010 -11.219  -1.388    -1.26    -0.36 2.0868e+00   0.007   0.001
12.12010 -11.244  -1.395    -1.26    -0.36 2.0870e+00   0.007   0.001
12.14010 -11.269  -1.403    -1.26    -0.36 2.0872e+00   0.007   0.001
12.16010 -11.294  -1.410    -1.26    -0.36 2.0874e+00   0.007   0.001
12.18010 -11.320  -1.417    -1.26    -0.36 2.0876e+00   0.007   0.001
12.20010 -11.345  -1.424    -1.26    -0.36 2.0878e+00   0.007   0.001
12.22010 -11.370  -1.432    -1.26    -0.36 2.0880e+00   0.007   0.001
12.24010 -11.395  -1.439    -1.26    -0.36 2.0882e+00   0.007   0.001
12.26010 -11.420  -1.446    -1.26    -0.36 2.0884e+00   0.006   0.001
12.28010 -11.445  -1.453    -1.26    -0.36 2.0886e+00   0.006   0.001
12.30010 -11.470  -1.461    -1.26    -0.36 2.0888e+00   0.006   0.001
12.32010 -11.495  -1.468    -1.26    -0.36 2.0890e+00   0.006   0.001
12.34010 -11.521  -1.475    -1.26    -0.36 2.0892e+00   0.006   0.001
12.36010 -11.546  -1.482    -1.26    -0.36 2.0894e+00   0.006   0.001
12.38010 -11.571  -1.489    -1.26    -0.36 2.0896e+00   0.006   0.001
12.40010 -11.596  -1.497    -1.26    -0.36 2.0898e+00   0.006   0.001
12.42010 -11.621  -1.504    -1.26    -0.36 2.0900e+00   0.006   0.001
12.44010 -11.646  -1.511    -1.26    -0.36 2.0902e+00   0.006   0.001
12.46010 -11.671  -1.518    -1.26    -0.36 2.0904e+00   0.006   0.001
12.48010 -11.697  -1.526    -1.26    -0.36 2.0906e+00   0.006   0.001
12.50010 -11.722  -1.533    -1.26    -0.36 2.0907e+00   0.006   0.001
12.52010 -11.747  -1.540    -1.26    -0.36 2.0909e+00   0.006   0.001
12.54010 -11.772  -1.547    -1.26    -0.36 2.0911e+00   0.006   0.001
12.56010 -11.797  -1.554    -1.26    -0.36 2.0913e+00   0.006   0.001
12.58010 -11.822  -1.562    -1.26    -0.36 2.0915e+00   0.006   0.001
12.60010 -11.847  -1.569    -1.26    -0.36 2.0917e+00   0.006   0.001
12.62010 -11.872  -1.576    -1.26    -0.36 2.0918e+00   0.006   0.001
12.64010 -11.898  -1.583    -1.26    -0.36 2.0920e+00   0.006   0.001
12.66010 -11.923  -1.591    -1.26    -0.36 2.0922e+00   0.006   0.001
12.68010 -11.948  -1.598    -1.26    -0.36 2.0924e+00   0.006   0.001
12.70010 -11.973  -1.605    -1.26    -0.36 2.0926e+00   0.006   0.001
12.72010 -11.998  -1.612    -1.26    -0.36 2.0927e+00   0.006   0.001
12.74010 -12.023  -1.619    -1.26    -0.36 2.0929e+00   0.006   0.001
12.76010 -12.048  -1.627    -1.26    -0.36 2.0931e+00   0.006   0.001
12.78010 -12.073  -1.634    -1.26    -0.36 2.0933e+00   0.006   0.001
12.80010 -12.099  -1.641    -1.26    -0.36 2.0934e+00   0.006   0.001
12.82010 -12.124  -1.648    -1.26    -0.36 2.0936e+00   0.006   0.001
12.84010 -12.149  -1.656    -1.26    -0.36 2.0938e+00   0.006   0.001
12.86010 -12.174  -1.663    -1.26    -0.36 2.0940e+00   0.006   0.001
12.88010 -12.199  -1.670    -1.26    -0.36 2.0941e+00   0.006   0.001
12.90010 -12.224  -1.677    -1.26    -0.36 2.0943e+00   0.006   0.001
12.92010 -12.249  -1.684    -1.26    -0.36 2.0945e+00   0.006   0.001
12.94010 -12.274  -1.692    -1.26    -0.36 2.0946e+00   0.006   0.001
12.96010 -12.300  -1.699    -1.26    -0.36 2.0948e+00   0.006   0.001
12.98010 -12.325  -1.706    -1.26    -0.36 2.0950e+00   0.006   0.001
13.00010 -12.350  -1.713    -1.26    -0.36 2.0951e+00   0.006   0.001
13.02010 -12.375  -1.721    -1.26    -0.36 2.0953e+00   0.006   0.001
13.04010 -12.400  -1.728    -1.26    -0.36 2.0955e+00   0.006   0.001
13.06010 -12.425  -1.735    -1.26    -0.36 2.0956e+00   0.005   0.001
13.08010 -12.450  -1.742    -1.26    -0.36 2.0958e+00   0.005   0.001
13.10010 -12.475  -1.749    -1.26    -0.36 2.0960e+00   0.005   0.001
13.12010 -12.500  -1.757    -1.26    -0.36 2.0961e+00   0.005   0.001
13.14010 -12.526  -1.764    -1.26    -0.36 2.0963e+00   0.005   0.001
13.16010 -12.551  -1.771    -1.26    -0.36 2.0965e+00   0.005   0.001
13.18010 -12.576  -1.778    -1.26    -0.36 2.0966e+00   0.005   0.001
13.20010 -12.601  -1.785    -1.26    -0.36 2.0968e+00   0.005   0.001
13.22010 -12.626  -1.793    -1.26    -0.36 2.0969e+00   0.005   0.001
13.24010 -12.651  -1.800    -1.26    -0.36 2.0971e+00   0.005   0.001
13.26010 -12.676  -1.807    -1.26    -0.36 2.0972e+00   0.005   0.001
13.28010 -12.701  -1.814    -1.26    -0.36 2.0974e+00   0.005   0.001
13.30010 -12.727  -1.822    -1.26    -0.36 2.0976e+00   0.005   0.001
13.32010 -12.752  -1.829    -1.26    -0.36 2.0977e+00   0.005   0.001
13.34010 -12.777  -1.836    -1.26    -0.36 2.0979e+00   0.005   0.001
13.36010 -12.802  -1.843    -1.26    -0.36 2.0980e+00   0.005   0.001
13.38010 -12.827  -1.850    -1.26    -0.36 2.0982e+00   0.005   0.001
13.40010 -12.852  -1.858    -1.26    -0.36 2.0983e+00   0.005   0.001
13.42010 -12.877  -1.865    -1.26    -0.36 2.0985e+00   0.005   0.001
13.44010 -12.902  -1.872    -1.26    -0.36 2.0986e+00   0.005   0.001
13.46010 -12.927  -1.879    -1.26    -0.36 2.0988e+00   0.005   0.001
13.48010 -12.953  -1.886    -1.26    -0.36 2.0989e+00   0.005   0.001
13.50010 -12.978  -1.894    -1.26    -0.36 2.0991e+00   0.005   0.001
13.52010 -13.003  -1.901    -1.26    -0.36 2.0992e+00   0.005   0.001
13.54010 -13.028  -1.908    -1.26    -0.36 2.0994e+00   0.005   0.001
13.56010 -13.053  -1.915    -1.26    -0.36 2.0995e+00   0.005   0.001
13.58010 -13.078  -1.923    -1.26    -0.36 2.0997e+00   0.005   0.001
13.60010 -13.103  -1.930    -1.26    -0.36 2.0998e+00   0.005   0.001
13.62010 -13.128  -1.937    -1.26    -0.36 2.1000e+00   0.005   0.001
13.64010 -13.153  -1.944    -1.26    -0.36 2.1001e+00   0.005   0.001
13.66010 -13.179  -1.951    -1.26    -0.36 2.1003e+00   0.005   0.001
13.68010 -13.204  -1.959    -1.26    -0.36 2.1004e+00   0.005   0.001
13.70010 -13.229  -1.966    -1.26    -0.36 2.1005e+00   0.005   0.001
13.72010 -13.254  -1.973    -1.26    -0.36 2.1007e+00   0.005   0.001
13.74010 -13.279  -1.980    -1.26    -0.36 2.1008e+00   0.005   0.001
13.76010 -13.304  -1.987    -1.26    -0.36 2.1010e+00   0.005   0.001
13.78010 -13.329  -1.995    -1.26    -0.36 2.1011e+00   0.005   0.001
13.80010 -13.354  -2.002    -1.26    -0.36 2.1013e+00   0.005   0.001
13.82010 -13.379  -2.009    -1.26    -0.36 2.1014e+00   0.005   0.001
13.84010 -13.405  -2.016    -1.26    -0.36 2.1015e+00   0.005   0.001
13.86010 -13.430  -2.023    -1.26    -0.36 2.1017e+00   0.005   0.001
13.88010 -13.455  -2.031    -1.26    -0.36 2.1018e+00   0.005   0.001
13.90010 -13.480  -2.038    -1.26    -0.36 2.1019e+00   0.005   0.001
13.92010 -13.505  -2.045    -1.26    -0.36 2.1021e+00   0.005   0.001
13.94010 -13.530  -2.052    -1.26    -0.36 2.1022e+00   0.005   0.001
13.96010 -13.555  -2.059    -1.26    -0.36 2.1024e+00   0.005   0.001
13.98010 -13.580  -2.067    -1.26    -0.36 2.1025e+00   0.005   0.001
14.00010 -13.605  -2.074    -1.26    -0.36 2.1026e+00   0.005   0.001
14.02010 -13.630  -2.081    -1.26    -0.36 2.1028e+00   0.005   0.001
14.04010 -13.656  -2.088    -1.26    -0.36 2.1029e+00   0.005   0.001
14.06010 -13.681  -2.095    -1.26    -0.36 2.1030e+00   0.005   0.001
14.08010 -13.706  -2.103    -1.26    -0.36 2.1032e+00   0.005   0.001
14.10010 -13.731  -2.110    -1.26    -0.36 2.1033e+00   0.004   0.001
14.12010 -13.756  -2.117    -1.26    -0.36 2.1034e+00   0.004   0.001
14.14010 -13.781  -2.124    -1.26    -0.36 2.1036e+00   0.004   0.001
14.16010 -13.806  -2.131    -1.26    -0.36 2.1037e+00   0.004   0.001
14.18010 -13.831  -2.139    -1.26    -0.36 2.1038e+00   0.004   0.001
14.20010 -13.856  -2.146    -1.26    -0.36 2.1039e+00   0.004   0.001
14.22010 -13.882  -2.153    -1.26    -0.36 2.1041e+00   0.004   0.001
14.24010 -13.907  -2.160    -1.26    -0.36 2.1042e+00   0.004   0.001
14.26010 -13.932  -2.167    -1.26    -0.36 2.1043e+00   0.004   0.001
14.28010 -13.957  -2.175    -1.26    -0.36 2.1045e+00   0.004   0.001
14.30010 -13.982  -2.182    -1.26    -0.36 2.1046e+00   0.004   0.001
14.32010 -14.007  -2.189    -1.26    -0.36 2.1047e+00   0.004   0.001
14.34010 -14.032  -2.196    -1.26    -0.36 2.1048e+00   0.004   0.001
14.36010 -14.057  -2.203    -1.26    -0.36 2.1050e+00   0.004   0.001
14.38010 -14.082  -2.211    -1.25    -0.36 2.1051e+00   0.004   0.001
14.40010 -14.107  -2.218    -1.25    -0.36 2.1052e+00   0.004   0.001
14.42010 -14.133  -2.225    -1.25    -0.36 2.1053e+00   0.004   0.001
14.44010 -14.158  -2.232    -1.25    -0.36 2.1055e+00   0.004   0.001
14.46010 -14.183  -2.239    -1.25    -0.36 2.1056e+00   0.004   0.001
14.48010 -14.208  -2.247    -1.25    -0.36 2.1057e+00   0.004   0.001
14.50010 -14.233  -2.254    -1.25    -0.36 2.1058e+00   0.004   0.001
14.52010 -14.258  -2.261    -1.25    -0.36 2.1059e+00   0.004   0.001
14.54010 -14.283  -2.268    -1.25    -0.36 2.1061e+00   0.004   0.001
14.56010 -14.308  -2.275    -1.25    -0.36 2.1062e+00   0.004   0.001
14.58010 -14.333  -2.283    -1.25    -0.36 2.1063e+00   0.004   0.001
14.60010 -14.358  -2.290    -1.25    -0.36 2.1064e+00   0.004   0.001
14.62010 -14.384  -2.297    -1.25    -0.36 2.1065e+00   0.004   0.001
14.64010 -14.409  -2.304    -1.25    -0.36 2.1067e+00   0.004   0.001
14.66010 -14.434  -2.311    -1.25    -0.36 2.1068e+00   0.004   0.001
14.68010 -14.459  -2.319    -1.25    -0.36 2.1069e+00   0.004   0.001
14.70010 -14.484  -2.326    -1.25    -0.36 2.1070e+00   0.004   0.001
14.72010 -14.509  -2.333    -1.25    -0.36 2.1071e+00   0.004   0.001
14.74010 -14.534  -2.340    -1.25    -0.36 2.1073e+00   0.004   0.001
14.76010 -14.559  -2.347    -1.25    -0.36 2.1074e+00   0.004   0.001
14.78010 -14.584  -2.355    -1.25    -0.36 2.1075e+00   0.004   0.001
14.80010 -14.609  -2.362    -1.25    -0.36 2.1076e+00   0.004   0.001
14.82010 -14.634  -2.369    -1.25    -0.36 2.1077e+00   0.004   0.001
14.84010 -14.660  -2.376    -1.25    -0.36 2.1078e+00   0.004   0.001
14.86010 -14.685  -2.383    -1.25    -0.36 2.1079e+00   0.004   0.001
14.88010 -14.710  -2.391    -1.25    -0.36 2.1081e+00   0.004   0.001
14.90010 -14.735  -2.398    -1.25    -0.36 2.1082e+00   0.004   0.001
14.92010 -14.760  -2.405    -1.25    -0.36 2.1083e+00   0.004   0.001
14.94010 -14.785  -2.412    -1.25    -0.36 2.1084e+00   0.004   0.001
14.96010 -14.810  -2.419    -1.25    -0.36 2.1085e+00   0.004   0.001
14.98010 -14.835  -2.426    -1.25    -0.36 2.1086e+00   0.004   0.001
15.00010 -14.860  -2.434    -1.25    -0.36 2.1087e+00   0.004   0.001
15.02010 -14.885  -2.441    -1.25    -0.36 2.1088e+00   0.004   0.001
15.04010 -14.910  -2.448    -1.25    -0.36 2.1089e+00   0.004   0.001
15.06010 -14.936  -2.455    -1.25    -0.36 2.1091e+00   0.004   0.001
15.08010 -14.961  -2.462    -1.25    -0.36 2.1092e+00   0.004   0.001
15.10010 -14.986  -2.470    -1.25    -0.36 2.1093e+00   0.004   0.001
15.12010 -15.011  -2.477    -1.25    -0.36 2.1094e+00   0.004   0.001
15.14010 -15.036  -2.484    -1.25    -0.36 2.1095e+00   0.004   0.001
15.16010 -15.061  -2.491    -1.25    -0.36 2.1096e+00   0.004   0.001
15.18010 -15.086  -2.498    -1.25    -0.36 2.1097e+00   0.004   0.001
15.20010 -15.111  -2.506    -1.25    -0.36 2.1098e+00   0.004   0.001
15.22010 -15.136  -2.513    -1.25    -0.36 2.1099e+00   0.004   0.001
15.24010 -15.161  -2.520    -1.25    -0.36 2.1100e+00   0.004   0.001
15.26010 -15.186  -2.527    -1.25    -0.36 2.1101e+00   0.004   0.001
15.28010 -15.212  -2.534    -1.25    -0.36 2.1102e+00   0.004   0.001
15.30010 -15.237  -2.541    -1.25    -0.36 2.1103e+00   0.004   0.001
15.32010 -15.262  -2.549    -1.25    -0.36 2.1104e+00   0.004   0.001
15.34010 -15.287  -2.556    -1.25    -0.36 2.1106e+00   0.004   0.001
15.36010 -15.312  -2.563    -1.25    -0.36 2.1107e+00   0.004   0.001
15.38010 -15.337  -2.570    -1.25    -0.36 2.1108e+00   0.004   0.001
15.40010 -15.362  -2.577    -1.25    -0.36 2.1109e+00   0.004   0.001
15.42010 -15.387  -2.585    -1.25    -0.36 2.1110e+00   0.004   0.001
15.44010 -15.412  -2.592    -1.25    -0.36 2.1111e+00   0.004   0.001
15.46010 -15.437  -2.599    -1.25    -0.36 2.1112e+00   0.004   0.001
15.48010 -15.462  -2.606    -1.25    -0.36 2.1113e+00   0.004   0.001
15.50010 -15.488  -2.613    -1.25    -0.36 2.1114e+00   0.004   0.001
15.52010 -15.513  -2.620    -1.25    -0.36 2.1115e+00   0.004   0.001
15.54010 -15.538  -2.628    -1.25    -0.36 2.1116e+00   0.003   0.001
15.56010 -15.563  -2.635    -1.25    -0.36 2.1117e+00   0.003   0.001
15.58010 -15.588  -2.642    -1.25    -0.36 2.1118e+00   0.003   0.001
15.60010 -15.613  -2.649    -1.25    -0.36 2.1119e+00   0.003   0.001
15.62010 -15.638  -2.656    -1.25    -0.36 2.1120e+00   0.003   0.001
15.64010 -15.663  -2.664    -1.25    -0.36 2.1121e+00   0.003   0.001
15.66010 -15.688  -2.671    -1.25    -0.36 2.1122e+00   0.003   0.001
15.68010 -15.713  -2.678    -1.25    -0.36 2.1123e+00   0.003   0.001
15.70010 -15.738  -2.685    -1.25    -0.36 2.1124e+00   0.003   0.001
15.72010 -15.763  -2.692    -1.25    -0.36 2.1125e+00   0.003   0.001
15.74010 -15.789  -2.699    -1.25    -0.36 2.1126e+00   0.003   0.001
15.76010 -15.814  -2.707    -1.25    -0.36 2.1127e+00   0.003   0.001
15.78010 -15.839  -2.714    -1.25    -0.36 2.1128e+00   0.003   0.001
15.80010 -15.864  -2.721    -1.25    -0.36 2.1129e+00   0.003   0.001
15.82010 -15.889  -2.728    -1.25    -0.36 2.1130e+00   0.003   0.001
15.84010 -15.914  -2.735    -1.25    -0.36 2.1130e+00   0.003   0.001
15.86010 -15.939  -2.743    -1.25    -0.36 2.1131e+00   0.003   0.001
15.88010 -15.964  -2.750    -1.25    -0.36 2.1132e+00   0.003   0.001
15.90010 -15.989  -2.757    -1.25    -0.36 2.1133e+00   0.003   0.001
15.92010 -16.014  -2.764    -1.25    -0.36 2.1134e+00   0.003   0.001
15.94010 -16.039  -2.771    -1.25    -0.36 2.1135e+00   0.003   0.001
15.96010 -16.064  -2.778    -1.25    -0.36 2.1136e+00   0.003   0.001
15.98010 -16.089  -2.786    -1.25    -0.36 2.1137e+00   0.003   0.001
16.00010 -16.115  -2.793    -1.25    -0.36 2.1138e+00   0.003   0.001
16.02010 -16.140  -2.800    -1.25    -0.36 2.1139e+00   0.003   0.001
16.04010 -16.165  -2.807    -1.25    -0.36 2.1140e+00   0.003   0.001
16.06010 -16.190  -2.814    -1.25    -0.36 2.1141e+00   0.003   0.001
16.08010 -16.215  -2.822    -1.25    -0.36 2.1142e+00   0.003   0.001
16.10010 -16.240  -2.829    -1.25    -0.36 2.1143e+00   0.003   0.001
16.12010 -16.265  -2.836    -1.25    -0.36 2.1144e+00   0.003   0.001
16.14010 -16.290  -2.843    -1.25    -0.36 2.1144e+00   0.003   0.001
16.16010 -16.315  -2.850    -1.25    -0.36 2.1145e+00   0.003   0.001
16.18010 -16.340  -2.857    -1.25    -0.36 2.1146e+00   0.003   0.001
16.20010 -16.365  -2.865    -1.25    -0.36 2.1147e+00   0.003   0.001
16.22010 -16.390  -2.872    -1.25    -0.36 2.1148e+00   0.003   0.001
16.24010 -16.415  -2.879    -1.25    -0.36 2.1149e+00   0.003   0.001
16.26010 -16.441  -2.886    -1.25    -0.36 2.1150e+00   0.003   0.001
16.28010 -16.466  -2.893    -1.25    -0.36 2.1151e+00   0.003   0.001
16.30010 -16.491  -2.900    -1.25    -0.36 2.1152e+00   0.003   0.001
16.32010 -16.516  -2.908    -1.25    -0.36 2.1152e+00   0.003   0.001
16.34010 -16.541  -2.915    -1.25    -0.36 2.1153e+00   0.003   0.001
16.36010 -16.566  -2.922    -1.25    -0.36 2.1154e+00   0.003   0.001
16.38010 -16.591  -2.929    -1.25    -0.36 2.1155e+00   0.003   0.001
16.40010 -16.616  -2.936    -1.25    -0.36 2.1156e+00   0.003   0.001
16.42010 -16.641  -2.944    -1.25    -0.36 2.1157e+00   0.003   0.001
16.44010 -16.666  -2.951    -1.25    -0.36 2.1158e+00   0.003   0.001
16.46010 -16.691  -2.958    -1.25    -0.36 2.1159e+00   0.003   0.001
16.48010 -16.716  -2.965    -1.25    -0.36 2.1159e+00   0.003   0.001
16.50010 -16.741  -2.972    -1.25    -0.36 2.1160e+00   0.003   0.001
16.52010 -16.767  -2.979    -1.25    -0.36 2.1161e+00   0.003   0.001
16.54010 -16.792  -2.987    -1.25    -0.36 2.1162e+00   0.003   0.001
16.56010 -16.817  -2.994    -1.25    -0.36 2.1163e+00   0.003   0.001
16.58010 -16.842  -3.001    -1.25    -0.36 2.1164e+00   0.003   0.001
16.60010 -16.867  -3.008    -1.25    -0.36 2.1165e+00   0.003   0.001
16.62010 -16.892  -3.015    -1.25    -0.36 2.1165e+00   0.003   0.001
16.64010 -16.917  -3.022    -1.25    -0.36 2.1166e+00   0.003   0.001
16.66010 -16.942  -3.030    -1.25    -0.36 2.1167e+00   0.003   0.001
16.68010 -16.967  -3.037    -1.25    -0.36 2.1168e+00   0.003   0.001
16.70010 -16.992  -3.044    -1.25    -0.36 2.1169e+00   0.003   0.001
16.72010 -17.017  -3.051    -1.25    -0.36 2.1170e+00   0.003   0.001
16.74010 -17.042  -3.058    -1.25    -0.36 2.1170e+00   0.003   0.001
16.76010 -17.067  -3.065    -1.25    -0.36 2.1171e+00   0.003   0.001
16.78010 -17.092  -3.073    -1.25    -0.36 2.1172e+00   0.003   0.001
16.80010 -17.118  -3.080    -1.25    -0.36 2.1173e+00   0.003   0.001
16.82010 -17.143  -3.087    -1.25    -0.36 2.1174e+00   0.003   0.001
16.84010 -17.168  -3.094    -1.25    -0.36 2.1174e+00   0.003   0.001
16.86010 -17.193  -3.101    -1.25    -0.36 2.1175e+00   0.003   0.001
16.88010 -17.218  -3.108    -1.25    -0.36 2.1176e+00   0.003   0.001
16.90010 -17.243  -3.116    -1.25    -0.36 2.1177e+00   0.003   0.001
16.92010 -17.268  -3.123    -1.25    -0.36 2.1178e+00   0.003   0.001
16.94010 -17.293  -3.130    -1.25    -0.36 2.1178e+00   0.003   0.001
16.96010 -17.318  -3.137    -1.25    -0.36 2.1179e+00   0.003   0.001
16.98010 -17.343  -3.144    -1.25    -0.36 2.1180e+00   0.003   0.001
17.00010 -17.368  -3.151    -1.25    -0.36 2.1181e+00   0.003   0.001
17.02010 -17.393  -3.159    -1.25    -0.36 2.1182e+00   0.003   0.001
17.04010 -17.418  -3.166    -1.25    -0.36 2.1182e+00   0.003   0.001
17.06010 -17.443  -3.173    -1.25    -0.36 2.1183e+00   0.003   0.001
17.08010 -17.469  -3.180    -1.25    -0.36 2.1184e+00   0.003   0.001
17.10010 -17.494  -3.187    -1.25    -0.36 2.1185e+00   0.003   0.001
17.12010 -17.519  -3.194    -1.25    -0.36 2.1186e+00   0.003   0.001
17.14010 -17.544  -3.202    -1.25    -0.36 2.1186e+00   0.003   0.001
17.16010 -17.569  -3.209    -1.25    -0.36 2.1187e+00   0.003   0.001
17.18010 -17.594  -3.216    -1.25    -0.36 2.1188e+00   0.003   0.001
17.20010 -17.619  -3.223    -1.25    -0.36 2.1189e+00   0.003   0.001
17.22010 -17.644  -3.230    -1.25    -0.36 2.1189e+00   0.003   0.001
17.24010 -17.669  -3.237    -1.25    -0.36 2.1190e+00   0.003   0.001
17.26010 -17.694  -3.245    -1.25    -0.36 2.1191e+00   0.003   0.001
17.28010 -17.719  -3.252    -1.25    -0.36 2.1192e+00   0.003   0.001
17.30010 -17.744  -3.259    -1.25    -0.36 2.1192e+00   0.003   0.001
17.32010 -17.769  -3.266    -1.25    -0.36 2.1193e+00   0.003   0.001
17.34010 -17.794  -3.273    -1.25    -0.36 2.1194e+00   0.003   0.001
17.36010 -17.819  -3.280    -1.25    -0.36 2.1195e+00   0.003   0.000
17.38010 -17.845  -3.288    -1.25    -0.36 2.1195e+00   0.003   0.000
17.40010 -17.870  -3.295    -1.25    -0.36 2.1196e+00   0.003   0.000
17.42010 -17.895  -3.302    -1.25    -0.36 2.1197e+00   0.003   0.000
17.44010 -17.920  -3.309    -1.25    -0.36 2.1198e+00   0.003   0.000
17.46010 -17.945  -3.316    -1.25    -0.36 2.1198e+00   0.003   0.000
17.48010 -17.970  -3.323    -1.25    -0.36 2.1199e+00   0.003   0.000
17.50010 -17.995  -3.331    -1.25    -0.36 2.1200e+00   0.003   0.000
17.52010 -18.020  -3.338    -1.25    -0.36 2.1201e+00   0.003   0.000
17.54010 -18.045  -3.345    -1.25    -0.36 2.1201e+00   0.003   0.000
17.56010 -18.070  -3.352    -1.25    -0.36 2.1202e+00   0.003   0.000
17.58010 -18.095  -3.359    -1.25    -0.36 2.1203e+00   0.003   0.000
17.60010 -18.120  -3.366    -1.25    -0.36 2.1203e+00   0.003   0.000
17.62010 -18.145  -3.373    -1.25    -0.36 2.1204e+00   0.003   0.000
17.64010 -18.170  -3.381    -1.25    -0.36 2.1205e+00   0.003   0.000
17.66010 -18.195  -3.388    -1.25    -0.36 2.1206e+00   0.003   0.000
17.68010 -18.220  -3.395    -1.25    -0.36 2.1206e+00   0.003   0.000
17.70010 -18.246  -3.402    -1.25    -0.36 2.1207e+00   0.003   0.000
17.72010 -18.271  -3.409    -1.25    -0.36 2.1208e+00   0.003   0.000
17.74010 -18.296  -3.416    -1.25    -0.36 2.1208e+00   0.003   0.000
17.76010 -18.321  -3.424    -1.25    -0.36 2.1209e+00   0.003   0.000
17.78010 -18.346  -3.431    -1.25    -0.36 2.1210e+00   0.002   0.000
17.80010 -18.371  -3.438    -1.25    -0.36 2.1211e+00   0.002   0.000
17.82010 -18.396  -3.445    -1.25    -0.36 2.1211e+00   0.002   0.000
17.84010 -18.421  -3.452    -1.25    -0.36 2.1212e+00   0.002   0.000
17.86010 -18.446  -3.459    -1.25    -0.36 2.1213e+00   0.002   0.000
17.88010 -18.471  -3.467    -1.25    -0.36 2.1213e+00   0.002   0.000
17.90010 -18.496  -3.474    -1.25    -0.36 2.1214e+00   0.002   0.000
17.92010 -18.521  -3.481    -1.25    -0.36 2.1215e+00   0.002   0.000
17.94010 -18.546  -3.488    -1.25    -0.36 2.1215e+00   0.002   0.000
17.96010 -18.571  -3.495    -1.25    -0.36 2.1216e+00   0.002   0.000
17.98010 -18.596  -3.502    -1.25    -0.36 2.1217e+00   0.002   0.000
18.00010 -18.621  -3.510    -1.25    -0.36 2.1217e+00   0.002   0.000
18.02010 -18.647  -3.517    -1.25    -0.36 2.1218e+00   0.002   0.000
18.04010 -18.672  -3.524    -1.25    -0.36 2.1219e+00   0.002   0.000
18.06010 -18.697  -3.531    -1.25    -0.36 2.1219e+00   0.002   0.000
18.08010 -18.722  -3.538    -1.25    -0.36 2.1220e+00   0.002   0.000
18.10010 -18.747  -3.545    -1.25    -0.36 2.1221e+00   0.002   0.000
18.12010 -18.772  -3.552    -1.25    -0.36 2.1221e+00   0.002   0.000
18.14010 -18.797  -3.560    -1.25    -0.36 2.1222e+00   0.002   0.000
18.16010 -18.822  -3.567    -1.25    -0.36 2.1223e+00   0.002   0.000
18.18010 -18.847  -3.574    -1.25    -0.36 2.1223e+00   0.002   0.000
18.20010 -18.872  -3.581    -1.25    -0.36 2.1224e+00   0.002   0.000
18.22010 -18.897  -3.588    -1.25    -0.36 2.1225e+00   0.002   0.000
18.24010 -18.922  -3.595    -1.25    -0.36 2.1225e+00   0.002   0.000
18.26010 -18.947  -3.603    -1.25    -0.36 2.1226e+00   0.002   0.000
18.28010 -18.972  -3.610    -1.25    -0.36 2.1227e+00   0.002   0.000
18.30010 -18.997  -3.617    -1.25    -0.36 2.1227e+00   0.002   0.000
18.32010 -19.022  -3.624    -1.25    -0.36 2.1228e+00   0.002   0.000
18.34010 -19.047  -3.631    -1.25    -0.36 2.1229e+00   0.002   0.000
18.36010 -19.072  -3.638    -1.25    -0.36 2.1229e+00   0.002   0.000
18.38010 -19.098  -3.645    -1.25    -0.36 2.1230e+00   0.002   0.000
18.40010 -19.123  -3.653    -1.25    -0.36 2.1231e+00   0.002   0.000
18.42010 -19.148  -3.660    -1.25    -0.36 2.1231e+00   0.002   0.000
18.44010 -19.173  -3.667    -1.25    -0.36 2.1232e+00   0.002   0.000
18.46010 -19.198  -3.674    -1.25    -0.36 2.1233e+00   0.002   0.000
18.48010 -19.223  -3.681    -1.25    -0.36 2.1233e+00   0.002   0.000
18.50010 -19.248  -3.688    -1.25    -0.36 2.1234e+00   0.002   0.000
18.52010 -19.273  -3.696    -1.25    -0.36 2.1234e+00   0.002   0.000
18.54010 -19.298  -3.703    -1.25    -0.36 2.1235e+00   0.002   0.000
18.56010 -19.323  -3.710    -1.25    -0.36 2.1236e+00   0.002   0.000
18.58010 -19.348  -3.717    -1.25    -0.36 2.1236e+00   0.002   0.000
18.60010 -19.373  -3.724    -1.25    -0.36 2.1237e+00   0.002   0.000
18.62010 -19.398  -3.731    -1.25    -0.36 2.1238e+00   0.002   0.000
18.64010 -19.423  -3.738    -1.25    -0.36 2.1238e+00   0.002   0.000
18.66010 -19.448  -3.746    -1.25    -0.36 2.1239e+00   0.002   0.000
18.68010 -19.473  -3.753    -1.25    -0.36 2.1239e+00   0.002   0.000
18.70010 -19.498  -3.760    -1.25    -0.36 2.1240e+00   0.002   0.000
18.72010 -19.523  -3.767    -1.25    -0.36 2.1241e+00   0.002   0.000
18.74010 -19.548  -3.774    -1.25    -0.36 2.1241e+00   0.002   0.000
18.76010 -19.574  -3.781    -1.25    -0.36 2.1242e+00   0.002   0.000
18.78010 -19.599  -3.788    -1.25    -0.36 2.1243e+00   0.002   0.000
18.80010 -19.624  -3.796    -1.25    -0.36 2.1243e+00   0.002   0.000
18.82010 -19.649  -3.803    -1.25    -0.36 2.1244e+00   0.002   0.000
18.84010 -19.674  -3.810    -1.25    -0.36 2.1244e+00   0.002   0.000
18.86010 -19.699  -3.817    -1.25    -0.36 2.1245e+00   0.002   0.000
18.88010 -19.724  -3.824    -1.25    -0.36 2.1246e+00   0.002   0.000
18.90010 -19.749  -3.831    -1.25    -0.36 2.1246e+00   0.002   0.000
18.92010 -19.774  -3.839    -1.25    -0.36 2.1247e+00   0.002   0.000
18.94010 -19.799  -3.846    -1.25    -0.36 2.1247e+00   0.002   0.000
18.96010 -19.824  -3.853    -1.25    -0.36 2.1248e+00   0.002   0.000
18.98010 -19.849  -3.860    -1.25    -0.36 2.1249e+00   0.002   0.000
19.00010 -19.874  -3.867    -1.25    -0.36 2.1249e+00   0.002   0.000
19.02010 -19.899  -3.874    -1.25    -0.36 2.1250e+00   0.002   0.000
19.04010 -19.924  -3.881    -1.25    -0.36 2.1250e+00   0.002   0.000
19.06010 -19.949  -3.889    -1.25    -0.36 2.1251e+00   0.002   0.000
19.08010 -19.974  -3.896    -1.25    -0.36 2.1251e+00   0.002   0.000
19.10010 -19.999  -3.903    -1.25    -0.36 2.1252e+00   0.002   0.000
19.12010 -20.024  -3.910    -1.25    -0.36 2.1253e+00   0.002   0.000
19.14010 -20.049  -3.917    -1.25    -0.36 2.1253e+00   0.002   0.000
19.16010 -20.075  -3.924    -1.25    -0.36 2.1254e+00   0.002   0.000
19.18010 -20.100  -3.931    -1.25    -0.36 2.1254e+00   0.002   0.000
19.20010 -20.125  -3.939    -1.25    -0.36 2.1255e+00   0.002   0.000
19.22010 -20.150  -3.946    -1.25    -0.36 2.1256e+00   0.002   0.000
19.24010 -20.175  -3.953    -1.25    -0.36 2.1256e+00   0.002   0.000
19.26010 -20.200  -3.960    -1.25    -0.36 2.1257e+00   0.002   0.000
19.28010 -20.225  -3.967    -1.25    -0.36 2.1257e+00   0.002   0.000
19.30010 -20.250  -3.974    -1.25    -0.36 2.1258e+00   0.002   0.000
19.32010 -20.275  -3.981    -1.25    -0.36 2.1258e+00   0.002   0.000
19.34010 -20.300  -3.989    -1.25    -0.36 2.1259e+00   0.002   0.000
19.36010 -20.325  -3.996    -1.25    -0.36 2.1259e+00   0.002   0.000
19.38010 -20.350  -4.003    -1.25    -0.36 2.1260e+00   0.002   0.000
19.40010 -20.375  -4.010    -1.25    -0.36 2.1261e+00   0.002   0.000
19.42010 -20.400  -4.017    -1.25    -0.36 2.1261e+00   0.002   0.000
19.44010 -20.425  -4.024    -1.25    -0.36 2.1262e+00   0.002   0.000
19.46010 -20.450  -4.031    -1.25    -0.36 2.1262e+00   0.002   0.000
19.48010 -20.475  -4.039    -1.25    -0.36 2.1263e+00   0.002   0.000
19.50010 -20.500  -4.046    -1.25    -0.36 2.1263e+00   0.002   0.000
19.52010 -20.525  -4.053    -1.25    -0.36 2.1264e+00   0.002   0.000
19.54010 -20.550  -4.060    -1.25    -0.36 2.1264e+00   0.002   0.000
19.56010 -20.575  -4.067    -1.25    -0.36 2.1265e+00   0.002   0.000
19.58010 -20.601  -4.074    -1.25    -0.36 2.1266e+00   0.002   0.000
19.60010 -20.626  -4.081    -1.25    -0.36 2.1266e+00   0.002   0.000
19.62010 -20.651  -4.089    -1.25    -0.36 2.1267e+00   0.002   0.000
19.64010 -20.676  -4.096    -1.25    -0.36 2.1267e+00   0.002   0.000
19.66010 -20.701  -4.103    -1.25    -0.36 2.1268e+00   0.002   0.000
19.68010 -20.726  -4.110    -1.25    -0.36 2.1268e+00   0.002   0.000
19.70010 -20.751  -4.117    -1.25    -0.36 2.1269e+00   0.002   0.000
19.72010 -20.776  -4.124    -1.25    -0.36 2.1269e+00   0.002   0.000
19.74010 -20.801  -4.131    -1.25    -0.36 2.1270e+00   0.002   0.000
19.76010 -20.826  -4.139    -1.25    -0.36 2.1270e+00   0.002   0.000
19.78010 -20.851  -4.146    -1.25    -0.36 2.1271e+00   0.002   0.000
19.80010 -20.876  -4.153    -1.25    -0.36 2.1272e+00   0.002   0.000
19.82010 -20.901  -4.160    -1.25    -0.36 2.1272e+00   0.002   0.000
19.84010 -20.926  -4.167    -1.25    -0.36 2.1273e+00   0.002   0.000
19.86010 -20.951  -4.174    -1.25    -0.36 2.1273e+00   0.002   0.000
19.88010 -20.976  -4.181    -1.25    -0.36 2.1274e+00   0.002   0.000
19.90010 -21.001  -4.189    -1.25    -0.36 2.1274e+00   0.002   0.000
19.92010 -21.026  -4.196    -1.25    -0.36 2.1275e+00   0.002   0.000
19.94010 -21.051  -4.203    -1.25    -0.36 2.1275e+00   0.002   0.000
19.96010 -21.076  -4.210    -1.25    -0.36 2.1276e+00   0.002   0.000
19.98010 -21.101  -4.217    -1.25    -0.36 2.1276e+00   0.002   0.000
20.00010 -21.126  -4.224    -1.25    -0.36 2.1277e+00   0.002   0.000
