 0.02010   1.000   0.013     0.02     0.64 -1.8612e-04   2.568   2.165
 0.04000   1.001   0.026     0.09     0.71 1.8787e-03   1.015   4.455
 0.06000   1.004   0.041     0.20     0.81 2.2751e-02  -3.207   5.804
 0.08000   1.009   0.058     0.28     0.89 7.5141e-02  -6.522   1.369
 0.10000   1.014   0.076     0.26     0.88 1.0576e-01  -4.095  -1.634
 0.12000   1.019   0.093     0.23     0.85 1.1315e-01  -2.347  -1.818
 0.14000   1.023   0.110     0.19     0.81 1.1411e-01  -1.552  -1.584
 0.16010   1.027   0.126     0.16     0.78 1.1354e-01  -1.150  -1.371
 0.18010   1.030   0.141     0.14     0.76 1.1263e-01  -0.915  -1.217
 0.20010   1.033   0.156     0.12     0.73 1.1168e-01  -0.753  -1.109
 0.22010   1.035   0.171     0.09     0.71 1.1076e-01  -0.623  -1.032
 0.24010   1.036   0.185     0.07     0.69 1.0993e-01  -0.505  -0.975
 0.26010   1.038   0.199     0.06     0.67 1.0918e-01  -0.384  -0.929
 0.28010   1.039   0.212     0.04     0.66 1.0857e-01  -0.249  -0.886
 0.30010   1.039   0.225     0.02     0.64 1.0812e-01  -0.089  -0.833
 0.32010   1.039   0.237     0.00     0.62 1.0791e-01   0.107  -0.752
 0.34010   1.039   0.250    -0.01     0.61 1.0798e-01   0.352  -0.612
 0.36010   1.039   0.262    -0.02     0.60 1.0833e-01   0.649  -0.354
 0.38010   1.039   0.274    -0.02     0.60 1.0881e-01   0.971   0.124
 0.40010   1.038   0.286    -0.01     0.61 1.0907e-01   1.180   0.989
 0.42010   1.038   0.298     0.02     0.64 1.0920e-01   0.821   2.377
 0.44010   1.039   0.311     0.08     0.70 1.1302e-01  -1.022   3.630
 0.46010   1.042   0.326     0.15     0.77 1.2832e-01  -3.446   2.420
 0.48010   1.045   0.342     0.17     0.79 1.4612e-01  -3.337   0.187
 0.50010   1.048   0.358     0.17     0.78 1.5589e-01  -2.360  -0.645
 0.52010   1.051   0.373     0.15     0.77 1.6047e-01  -1.716  -0.795
 0.54010   1.054   0.388     0.14     0.75 1.6284e-01  -1.353  -0.774
 0.56010   1.057   0.403     0.12     0.74 1.6427e-01  -1.140  -0.723
 0.58010   1.059   0.418     0.11     0.72 1.6522e-01  -1.005  -0.674
 0.60010   1.061   0.432     0.09     0.71 1.6592e-01  -0.915  -0.632
 0.62010   1.063   0.446     0.08     0.70 1.6645e-01  -0.850  -0.599
 0.64010   1.064   0.460     0.07     0.69 1.6686e-01  -0.801  -0.572
 0.66010   1.066   0.474     0.06     0.68 1.6718e-01  -0.763  -0.550
 0.68010   1.067   0.487     0.05     0.67 1.6742e-01  -0.732  -0.533
 0.70010   1.068   0.501     0.04     0.66 1.6761e-01  -0.706  -0.519
 0.72010   1.068   0.514     0.03     0.64 1.6774e-01  -0.684  -0.508
 0.74010   1.069   0.526     0.02     0.63 1.6782e-01  -0.665  -0.498
 0.76010   1.069   0.539     0.01     0.62 1.6786e-01  -0.648  -0.491
 0.78010   1.069   0.551    -0.00     0.62 1.6787e-01  -0.633  -0.484
 0.80010   1.069   0.564    -0.01     0.61 1.6784e-01  -0.619  -0.479
 0.82010   1.068   0.576    -0.02     0.60 1.6779e-01  -0.606  -0.475
 0.84010   1.068   0.587    -0.03     0.59 1.6771e-01  -0.594  -0.471
 0.86010   1.067   0.599    -0.04     0.58 1.6761e-01  -0.583  -0.468
 0.88010   1.066   0.610    -0.05     0.57 1.6749e-01  -0.572  -0.466
 0.90010   1.065   0.622    -0.06     0.56 1.6736e-01  -0.563  -0.464
 0.92010   1.064   0.633    -0.07     0.55 1.6723e-01  -0.553  -0.463
 0.94010   1.062   0.644    -0.08     0.54 1.6708e-01  -0.545  -0.462
 0.96010   1.061   0.654    -0.09     0.53 1.6693e-01  -0.536  -0.461
 0.98010   1.059   0.665    -0.10     0.52 1.6678e-01  -0.529  -0.461
 1.00010   1.057   0.675    -0.11     0.51 1.6663e-01  -0.521  -0.461
 1.02010   1.054   0.685    -0.12     0.50 1.6649e-01  -0.514  -0.461
 1.04010   1.052   0.695    -0.12     0.49 1.6635e-01  -0.507  -0.461
 1.06010   1.050   0.705    -0.13     0.48 1.6623e-01  -0.500  -0.462
 1.08010   1.047   0.715    -0.14     0.48 1.6612e-01  -0.494  -0.463
 1.10010   1.044   0.724    -0.15     0.47 1.6603e-01  -0.488  -0.464
 1.12010   1.041   0.733    -0.16     0.46 1.6596e-01  -0.482  -0.465
 1.14010   1.037   0.742    -0.17     0.45 1.6591e-01  -0.476  -0.467
 1.16010   1.034   0.751    -0.18     0.44 1.6588e-01  -0.471  -0.468
 1.18010   1.030   0.760    -0.19     0.43 1.6589e-01  -0.466  -0.470
 1.20010   1.026   0.768    -0.20     0.42 1.6592e-01  -0.461  -0.472
 1.22010   1.022   0.777    -0.21     0.41 1.6599e-01  -0.456  -0.474
 1.24010   1.018   0.785    -0.22     0.40 1.6610e-01  -0.452  -0.477
 1.26010   1.013   0.793    -0.23     0.39 1.6624e-01  -0.447  -0.479
 1.28010   1.009   0.801    -0.24     0.38 1.6643e-01  -0.443  -0.482
 1.30010   1.004   0.808    -0.25     0.37 1.6667e-01  -0.439  -0.485
 1.32010   0.999   0.815    -0.26     0.36 1.6696e-01  -0.435  -0.488
 1.34010   0.994   0.823    -0.27     0.35 1.6730e-01  -0.431  -0.491
 1.36010   0.988   0.829    -0.28     0.34 1.6769e-01  -0.427  -0.495
 1.38010   0.983   0.836    -0.29     0.33 1.6815e-01  -0.424  -0.499
 1.40010   0.977   0.843    -0.30     0.32 1.6867e-01  -0.420  -0.503
 1.42010   0.971   0.849    -0.31     0.31 1.6926e-01  -0.417  -0.507
 1.44010   0.965   0.855    -0.32     0.30 1.6992e-01  -0.414  -0.511
 1.46010   0.958   0.861    -0.33     0.29 1.7067e-01  -0.411  -0.516
 1.48010   0.951   0.867    -0.34     0.28 1.7149e-01  -0.408  -0.521
 1.50010   0.945   0.872    -0.35     0.27 1.7240e-01  -0.406  -0.526
 1.52010   0.938   0.878    -0.36     0.26 1.7340e-01  -0.403  -0.531
 1.54010   0.930   0.883    -0.37     0.25 1.7450e-01  -0.400  -0.537
 1.56010   0.923   0.888    -0.38     0.24 1.7570e-01  -0.398  -0.543
 1.58010   0.915   0.892    -0.39     0.23 1.7701e-01  -0.396  -0.550
 1.60010   0.907   0.897    -0.40     0.22 1.7844e-01  -0.394  -0.556
 1.62010   0.899   0.901    -0.41     0.21 1.7999e-01  -0.392  -0.563
 1.64010   0.891   0.905    -0.42     0.19 1.8168e-01  -0.390  -0.571
 1.66010   0.882   0.909    -0.44     0.18 1.8350e-01  -0.388  -0.579
 1.68010   0.873   0.912    -0.45     0.17 1.8547e-01  -0.386  -0.587
 1.70010   0.864   0.916    -0.46     0.16 1.8760e-01  -0.385  -0.596
 1.72010   0.855   0.919    -0.47     0.15 1.8990e-01  -0.383  -0.605
 1.74010   0.845   0.922    -0.48     0.14 1.9238e-01  -0.382  -0.615
 1.76010   0.835   0.924    -0.50     0.12 1.9505e-01  -0.381  -0.626
 1.78010   0.825   0.926    -0.51     0.11 1.9792e-01  -0.380  -0.637
 1.80010   0.815   0.929    -0.52     0.10 2.0102e-01  -0.379  -0.649
 1.82010   0.805   0.930    -0.53     0.08 2.0436e-01  -0.378  -0.662
 1.84010   0.794   0.932    -0.55     0.07 2.0795e-01  -0.378  -0.676
 1.86010   0.783   0.933    -0.56     0.06 2.1181e-01  -0.377  -0.691
 1.88010   0.771   0.934    -0.58     0.04 2.1598e-01  -0.377  -0.707
 1.90010   0.760   0.935    -0.59     0.03 2.2047e-01  -0.377  -0.724
 1.92010   0.748   0.935    -0.60     0.01 2.2531e-01  -0.378  -0.743
 1.94010   0.735   0.935    -0.62    -0.00 2.3055e-01  -0.379  -0.764
 1.96010   0.723   0.935    -0.64    -0.02 2.3621e-01  -0.381  -0.788
 1.98010   0.710   0.935    -0.65    -0.03 2.4235e-01  -0.383  -0.814
 2.00010   0.697   0.934    -0.67    -0.05 2.4903e-01  -0.386  -0.844
 2.02010   0.683   0.933    -0.68    -0.07 2.5631e-01  -0.391  -0.879
 2.04010   0.669   0.931    -0.70    -0.08 2.6429e-01  -0.398  -0.920
 2.06010   0.655   0.929    -0.72    -0.10 2.7309e-01  -0.408  -0.971
 2.08010   0.641   0.927    -0.74    -0.12 2.8288e-01  -0.423  -1.035
 2.10000   0.626   0.924    -0.76    -0.14 2.9384e-01  -0.447  -1.121
 2.12000   0.610   0.921    -0.79    -0.17 3.0647e-01  -0.486  -1.246
 2.14000   0.594   0.918    -0.81    -0.20 3.2142e-01  -0.558  -1.447
 2.16000   0.578   0.914    -0.85    -0.23 3.4019e-01  -0.719  -1.840
 2.18000   0.560   0.909    -0.89    -0.27 3.6713e-01  -1.245  -2.955
 2.20000   0.542   0.902    -1.01    -0.39 4.3200e-01  -9.222 -15.673
 2.22000   0.524   0.898    -0.76    -0.14 7.6780e+00   0.021  -0.861
 2.24000   0.509   0.895    -0.77    -0.16 7.6904e+00  -0.226  -0.876
 2.26000   0.493   0.891    -0.79    -0.17 7.7019e+00  -0.250  -0.895
 2.28000   0.477   0.888    -0.81    -0.19 7.7139e+00  -0.251  -0.915
 2.30000   0.461   0.884    -0.83    -0.21 7.7266e+00  -0.244  -0.937
 2.32000   0.444   0.879    -0.85    -0.23 7.7401e+00  -0.235  -0.959
 2.34000   0.427   0.874    -0.87    -0.25 7.7546e+00  -0.223  -0.983
 2.36000   0.410   0.869    -0.89    -0.27 7.7702e+00  -0.210  -1.007
 2.38000   0.392   0.864    -0.91    -0.29 7.7869e+00  -0.194  -1.032
 2.40000   0.373   0.858    -0.93    -0.31 7.8049e+00  -0.178  -1.059
 2.42000   0.354   0.851    -0.95    -0.33 7.8243e+00  -0.159  -1.085
 2.44000   0.335   0.844    -0.97    -0.35 7.8451e+00  -0.138  -1.113
 2.46000   0.316   0.837    -0.99    -0.38 7.8675e+00  -0.116  -1.142
 2.48000   0.295   0.829    -1.02    -0.40 7.8917e+00  -0.090  -1.171
 2.50000   0.275   0.821    -1.04    -0.42 7.9177e+00  -0.063  -1.200
 2.52000   0.254   0.812    -1.07    -0.45 7.9458e+00  -0.032  -1.230
 2.54000   0.232   0.803    -1.09    -0.47 7.9760e+00   0.001  -1.260
 2.56000   0.210   0.793    -1.12    -0.50 8.0085e+00   0.038  -1.289
 2.58000   0.188   0.783    -1.14    -0.52 8.0436e+00   0.077  -1.318
 2.60000   0.164   0.773    -1.17    -0.55 8.0812e+00   0.121  -1.345
 2.62000   0.141   0.761    -1.20    -0.58 8.1218e+00   0.168  -1.371
 2.64000   0.117   0.749    -1.22    -0.61 8.1653e+00   0.219  -1.395
 2.66000   0.092   0.737    -1.25    -0.63 8.2119e+00   0.274  -1.415
 2.68000   0.066   0.724    -1.28    -0.66 8.2617e+00   0.333  -1.432
 2.70000   0.041   0.711    -1.31    -0.69 8.3149e+00   0.394  -1.444
 2.72000   0.014   0.696    -1.34    -0.72 8.3715e+00   0.459  -1.451
 2.74000  -0.013   0.682    -1.37    -0.75 8.4315e+00   0.527  -1.451
 2.76000  -0.041   0.666    -1.40    -0.78 8.4948e+00   0.596  -1.444
 2.78000  -0.069   0.651    -1.42    -0.81 8.5613e+00   0.665  -1.429
 2.80000  -0.098   0.634    -1.45    -0.83 8.6308e+00   0.734  -1.406
 2.82000  -0.127   0.617    -1.48    -0.86 8.7029e+00   0.801  -1.373
 2.84000  -0.157   0.600    -1.51    -0.89 8.7774e+00   0.864  -1.331
 2.86000  -0.187   0.582    -1.53    -0.92 8.8537e+00   0.922  -1.280
 2.88000  -0.218   0.563    -1.56    -0.94 8.9313e+00   0.974  -1.221
 2.90000  -0.250   0.544    -1.58    -0.96 9.0096e+00   1.019  -1.155
 2.92000  -0.281   0.525    -1.61    -0.99 9.0880e+00   1.054  -1.083
 2.94000  -0.314   0.505    -1.63    -1.01 9.1658e+00   1.081  -1.006
 2.96000  -0.347   0.484    -1.65    -1.03 9.2425e+00   1.098  -0.927
 2.98000  -0.380   0.464    -1.66    -1.04 9.3175e+00   1.105  -0.846
 3.00000  -0.413   0.442    -1.68    -1.06 9.3903e+00   1.103  -0.766
 3.02000  -0.447   0.421    -1.69    -1.08 9.4605e+00   1.093  -0.688
 3.04000  -0.481   0.399    -1.71    -1.09 9.5277e+00   1.076  -0.612
 3.06000  -0.515   0.378    -1.72    -1.10 9.5918e+00   1.052  -0.541
 3.08000  -0.550   0.355    -1.73    -1.11 9.6524e+00   1.023  -0.474
 3.10000  -0.584   0.333    -1.74    -1.12 9.7097e+00   0.990  -0.413
 3.12000  -0.619   0.311    -1.75    -1.13 9.7635e+00   0.954  -0.356
 3.14000  -0.654   0.288    -1.75    -1.13 9.8140e+00   0.916  -0.305
 3.16000  -0.689   0.265    -1.76    -1.14 9.8611e+00   0.877  -0.260
 3.18000  -0.724   0.243    -1.76    -1.14 9.9051e+00   0.838  -0.219
 3.20000  -0.760   0.220    -1.77    -1.15 9.9461e+00   0.799  -0.183
 3.22000  -0.795   0.197    -1.77    -1.15 9.9842e+00   0.760  -0.151
 3.24000  -0.830   0.174    -1.77    -1.15 1.0020e+01   0.723  -0.123
 3.26000  -0.866   0.150    -1.77    -1.16 1.0053e+01   0.686  -0.098
 3.28000  -0.901   0.127    -1.78    -1.16 1.0083e+01   0.651  -0.077
 3.30000  -0.937   0.104    -1.78    -1.16 1.0111e+01   0.618  -0.058
 3.32000  -0.972   0.081    -1.78    -1.16 1.0138e+01   0.586  -0.042
 3.34000  -1.008   0.058    -1.78    -1.16 1.0162e+01   0.556  -0.028
 3.36000  -1.044   0.035    -1.78    -1.16 1.0185e+01   0.527  -0.016
 3.38000  -1.079   0.011    -1.78    -1.16 1.0207e+01   0.501  -0.006
 3.40000  -1.115  -0.012    -1.78    -1.16 1.0226e+01   0.475   0.003
 3.42000  -1.150  -0.035    -1.78    -1.16 1.0245e+01   0.451   0.011
 3.44000  -1.186  -0.058    -1.78    -1.16 1.0262e+01   0.429   0.017
 3.46000  -1.222  -0.082    -1.78    -1.16 1.0278e+01   0.408   0.023
 3.48000  -1.257  -0.105    -1.78    -1.16 1.0293e+01   0.388   0.027
 3.50000  -1.293  -0.128    -1.78    -1.16 1.0308e+01   0.369   0.031
 3.52000  -1.328  -0.151    -1.78    -1.16 1.0321e+01   0.352   0.034
 3.54000  -1.364  -0.174    -1.78    -1.16 1.0333e+01   0.335   0.037
 3.56000  -1.399  -0.197    -1.78    -1.16 1.0345e+01   0.320   0.039
 3.58000  -1.435  -0.221    -1.78    -1.16 1.0356e+01   0.305   0.041
 3.60000  -1.470  -0.244    -1.77    -1.16 1.0367e+01   0.292   0.042
 3.62000  -1.506  -0.267    -1.77    -1.15 1.0376e+01   0.279   0.044
 3.64000  -1.541  -0.290    -1.77    -1.15 1.0386e+01   0.267   0.044
 3.66000  -1.577  -0.313    -1.77    -1.15 1.0394e+01   0.255   0.045
 3.68000  -1.612  -0.336    -1.77    -1.15 1.0403e+01   0.245   0.046
 3.70000  -1.648  -0.359    -1.77    -1.15 1.0410e+01   0.234   0.046
 3.72000  -1.683  -0.382    -1.77    -1.15 1.0418e+01   0.225   0.046
 3.74000  -1.718  -0.405    -1.77    -1.15 1.0425e+01   0.216   0.046
 3.76000  -1.754  -0.428    -1.77    -1.15 1.0431e+01   0.207   0.046
 3.78000  -1.789  -0.451    -1.77    -1.15 1.0438e+01   0.199   0.046
 3.80000  -1.824  -0.474    -1.77    -1.15 1.0444e+01   0.192   0.045
 3.82000  -1.860  -0.497    -1.76    -1.15 1.0450e+01   0.185   0.045
 3.84000  -1.895  -0.520    -1.76    -1.14 1.0455e+01   0.178   0.045
 3.86000  -1.930  -0.543    -1.76    -1.14 1.0460e+01   0.171   0.044
 3.88000  -1.965  -0.566    -1.76    -1.14 1.0465e+01   0.165   0.044
 3.90000  -2.001  -0.588    -1.76    -1.14 1.0470e+01   0.159   0.043
 3.92000  -2.036  -0.611    -1.76    -1.14 1.0475e+01   0.154   0.043
 3.94000  -2.071  -0.634    -1.76    -1.14 1.0479e+01   0.148   0.042
 3.96000  -2.106  -0.657    -1.76    -1.14 1.0483e+01   0.143   0.042
 3.98000  -2.141  -0.680    -1.76    -1.14 1.0487e+01   0.139   0.041
 4.00000  -2.176  -0.702    -1.76    -1.14 1.0491e+01   0.134   0.040
 4.02000  -2.212  -0.725    -1.76    -1.14 1.0495e+01   0.130   0.040
 4.04000  -2.247  -0.748    -1.75    -1.14 1.0498e+01   0.126   0.039
 4.06000  -2.282  -0.771    -1.75    -1.14 1.0501e+01   0.122   0.039
 4.08000  -2.317  -0.793    -1.75    -1.13 1.0505e+01   0.118   0.038
 4.10000  -2.352  -0.816    -1.75    -1.13 1.0508e+01   0.114   0.037
 4.12000  -2.387  -0.839    -1.75    -1.13 1.0511e+01   0.111   0.037
 4.14000  -2.422  -0.861    -1.75    -1.13 1.0514e+01   0.107   0.036
 4.16000  -2.457  -0.884    -1.75    -1.13 1.0517e+01   0.104   0.036
 4.18000  -2.492  -0.907    -1.75    -1.13 1.0519e+01   0.101   0.035
 4.20000  -2.527  -0.929    -1.75    -1.13 1.0522e+01   0.098   0.034
 4.22000  -2.562  -0.952    -1.75    -1.13 1.0524e+01   0.096   0.034
 4.24000  -2.597  -0.974    -1.75    -1.13 1.0527e+01   0.093   0.033
 4.26000  -2.632  -0.997    -1.75    -1.13 1.0529e+01   0.090   0.033
 4.28000  -2.667  -1.020    -1.75    -1.13 1.0531e+01   0.088   0.032
 4.30000  -2.702  -1.042    -1.75    -1.13 1.0534e+01   0.086   0.032
 4.32000  -2.737  -1.065    -1.75    -1.13 1.0536e+01   0.083   0.031
 4.34000  -2.772  -1.087    -1.74    -1.13 1.0538e+01   0.081   0.031
 4.36000  -2.806  -1.110    -1.74    -1.13 1.0540e+01   0.079   0.030
 4.38000  -2.841  -1.132    -1.74    -1.12 1.0542e+01   0.077   0.030
 4.40000  -2.876  -1.155    -1.74    -1.12 1.0544e+01   0.075   0.029
 4.42000  -2.911  -1.177    -1.74    -1.12 1.0545e+01   0.073   0.029
 4.44000  -2.946  -1.200    -1.74    -1.12 1.0547e+01   0.071   0.028
 4.46000  -2.981  -1.222    -1.74    -1.12 1.0549e+01   0.070   0.028
 4.48000  -3.015  -1.245    -1.74    -1.12 1.0550e+01   0.068   0.027
 4.50000  -3.050  -1.267    -1.74    -1.12 1.0552e+01   0.066   0.027
 4.52000  -3.085  -1.289    -1.74    -1.12 1.0554e+01   0.065   0.026
 4.54000  -3.120  -1.312    -1.74    -1.12 1.0555e+01   0.063   0.026
 4.56000  -3.155  -1.334    -1.74    -1.12 1.0557e+01   0.062   0.025
 4.58000  -3.189  -1.357    -1.74    -1.12 1.0558e+01   0.061   0.025
 4.60000  -3.224  -1.379    -1.74    -1.12 1.0559e+01   0.059   0.025
 4.62000  -3.259  -1.401    -1.74    -1.12 1.0561e+01   0.058   0.024
 4.64000  -3.294  -1.424    -1.74    -1.12 1.0562e+01   0.057   0.024
 4.66000  -3.328  -1.446    -1.74    -1.12 1.0563e+01   0.055   0.023
 4.68000  -3.363  -1.469    -1.74    -1.12 1.0565e+01   0.054   0.023
 4.70000  -3.398  -1.491    -1.74    -1.12 1.0566e+01   0.053   0.023
 4.72000  -3.432  -1.513    -1.73    -1.12 1.0567e+01   0.052   0.022
 4.74000  -3.467  -1.535    -1.73    -1.12 1.0568e+01   0.051   0.022
 4.76000  -3.502  -1.558    -1.73    -1.12 1.0569e+01   0.050   0.022
 4.78000  -3.536  -1.580    -1.73    -1.11 1.0570e+01   0.049   0.021
 4.80000  -3.571  -1.602    -1.73    -1.11 1.0571e+01   0.048   0.021
 4.82000  -3.606  -1.625    -1.73    -1.11 1.0572e+01   0.047   0.021
 4.84000  -3.640  -1.647    -1.73    -1.11 1.0573e+01   0.046   0.020
 4.86000  -3.675  -1.669    -1.73    -1.11 1.0574e+01   0.045   0.020
 4.88000  -3.710  -1.691    -1.73    -1.11 1.0575e+01   0.044   0.020
 4.90000  -3.744  -1.714    -1.73    -1.11 1.0576e+01   0.043   0.019
 4.92000  -3.779  -1.736    -1.73    -1.11 1.0577e+01   0.042   0.019
 4.94000  -3.814  -1.758    -1.73    -1.11 1.0578e+01   0.042   0.019
 4.96000  -3.848  -1.780    -1.73    -1.11 1.0579e+01   0.041   0.019
 4.98000  -3.883  -1.803    -1.73    -1.11 1.0580e+01   0.040   0.018
 5.00000  -3.917  -1.825    -1.73    -1.11 1.0581e+01   0.039   0.018
 5.02000  -3.952  -1.847    -1.73    -1.11 1.0582e+01   0.039   0.018
 5.04000  -3.986  -1.869    -1.73    -1.11 1.0582e+01   0.038   0.018
 5.06000  -4.021  -1.891    -1.73    -1.11 1.0583e+01   0.037   0.017
 5.08000  -4.056  -1.914    -1.73    -1.11 1.0584e+01   0.037   0.017
 5.10000  -4.090  -1.936    -1.73    -1.11 1.0585e+01   0.036   0.017
 5.12000  -4.125  -1.958    -1.73    -1.11 1.0585e+01   0.035   0.017
 5.14000  -4.159  -1.980    -1.73    -1.11 1.0586e+01   0.035   0.016
 5.16000  -4.194  -2.002    -1.73    -1.11 1.0587e+01   0.034   0.016
 5.18000  -4.228  -2.024    -1.73    -1.11 1.0588e+01   0.033   0.016
 5.20000  -4.263  -2.047    -1.73    -1.11 1.0588e+01   0.033   0.016
 5.22000  -4.297  -2.069    -1.73    -1.11 1.0589e+01   0.032   0.016
 5.24000  -4.332  -2.091    -1.72    -1.11 1.0590e+01   0.032   0.015
 5.26000  -4.366  -2.113    -1.72    -1.11 1.0590e+01   0.031   0.015
 5.28000  -4.401  -2.135    -1.72    -1.11 1.0591e+01   0.031   0.015
 5.30000  -4.435  -2.157    -1.72    -1.11 1.0591e+01   0.030   0.015
 5.32000  -4.470  -2.179    -1.72    -1.11 1.0592e+01   0.030   0.014
 5.34000  -4.504  -2.201    -1.72    -1.10 1.0593e+01   0.029   0.014
 5.36000  -4.539  -2.224    -1.72    -1.10 1.0593e+01   0.029   0.014
 5.38000  -4.573  -2.246    -1.72    -1.10 1.0594e+01   0.028   0.014
 5.40000  -4.608  -2.268    -1.72    -1.10 1.0594e+01   0.028   0.014
 5.42000  -4.642  -2.290    -1.72    -1.10 1.0595e+01   0.028   0.014
 5.44000  -4.676  -2.312    -1.72    -1.10 1.0596e+01   0.027   0.013
 5.46000  -4.711  -2.334    -1.72    -1.10 1.0596e+01   0.027   0.013
 5.48000  -4.745  -2.356    -1.72    -1.10 1.0597e+01   0.026   0.013
 5.50000  -4.780  -2.378    -1.72    -1.10 1.0597e+01   0.026   0.013
 5.52000  -4.814  -2.400    -1.72    -1.10 1.0598e+01   0.026   0.013
 5.54000  -4.849  -2.422    -1.72    -1.10 1.0598e+01   0.025   0.013
 5.56000  -4.883  -2.444    -1.72    -1.10 1.0599e+01   0.025   0.012
 5.58000  -4.917  -2.466    -1.72    -1.10 1.0599e+01   0.024   0.012
 5.60000  -4.952  -2.488    -1.72    -1.10 1.0600e+01   0.024   0.012
 5.62000  -4.986  -2.510    -1.72    -1.10 1.0600e+01   0.024   0.012
 5.64000  -5.021  -2.532    -1.72    -1.10 1.0600e+01   0.023   0.012
 5.66000  -5.055  -2.554    -1.72    -1.10 1.0601e+01   0.023   0.012
 5.68000  -5.089  -2.576    -1.72    -1.10 1.0601e+01   0.023   0.012
 5.70000  -5.124  -2.598    -1.72    -1.10 1.0602e+01   0.022   0.011
 5.72000  -5.158  -2.620    -1.72    -1.10 1.0602e+01   0.022   0.011
 5.74010  -5.193  -2.643    -1.72    -1.10 1.0603e+01   0.022   0.011
 5.76010  -5.227  -2.665    -1.72    -1.10 1.0603e+01   0.021   0.011
 5.78010  -5.261  -2.686    -1.72    -1.10 1.0603e+01   0.021   0.011
 5.80010  -5.296  -2.708    -1.72    -1.10 1.0604e+01   0.021   0.011
 5.82010  -5.330  -2.730    -1.72    -1.10 1.0604e+01   0.021   0.011
 5.84010  -5.364  -2.752    -1.72    -1.10 1.0605e+01   0.020   0.011
 5.86010  -5.399  -2.774    -1.72    -1.10 1.0605e+01   0.020   0.010
 5.88010  -5.433  -2.796    -1.72    -1.10 1.0605e+01   0.020   0.010
 5.90010  -5.468  -2.818    -1.72    -1.10 1.0606e+01   0.020   0.010
 5.92010  -5.502  -2.840    -1.72    -1.10 1.0606e+01   0.019   0.010
 5.94010  -5.536  -2.862    -1.72    -1.10 1.0606e+01   0.019   0.010
 5.96010  -5.570  -2.884    -1.72    -1.10 1.0607e+01   0.019   0.010
 5.98010  -5.605  -2.906    -1.72    -1.10 1.0607e+01   0.019   0.010
 6.00010  -5.639  -2.928    -1.72    -1.10 1.0608e+01   0.018   0.010
 6.02010  -5.673  -2.950    -1.72    -1.10 1.0608e+01   0.018   0.010
 6.04010  -5.708  -2.972    -1.72    -1.10 1.0608e+01   0.018   0.009
 6.06010  -5.742  -2.994    -1.72    -1.10 1.0609e+01   0.018   0.009
 6.08010  -5.776  -3.016    -1.71    -1.10 1.0609e+01   0.017   0.009
 6.10010  -5.811  -3.038    -1.71    -1.10 1.0609e+01   0.017   0.009
 6.12010  -5.845  -3.060    -1.71    -1.10 1.0609e+01   0.017   0.009
 6.14010  -5.879  -3.082    -1.71    -1.10 1.0610e+01   0.017   0.009
 6.16010  -5.914  -3.104    -1.71    -1.10 1.0610e+01   0.017   0.009
 6.18010  -5.948  -3.125    -1.71    -1.10 1.0610e+01   0.016   0.009
 6.20010  -5.982  -3.147    -1.71    -1.10 1.0611e+01   0.016   0.009
 6.22010  -6.016  -3.169    -1.71    -1.10 1.0611e+01   0.016   0.009
 6.24010  -6.051  -3.191    -1.71    -1.10 1.0611e+01   0.016   0.008
 6.26010  -6.085  -3.213    -1.71    -1.09 1.0612e+01   0.016   0.008
 6.28010  -6.119  -3.235    -1.71    -1.09 1.0612e+01   0.015   0.008
 6.30010  -6.153  -3.257    -1.71    -1.09 1.0612e+01   0.015   0.008
 6.32010  -6.188  -3.279    -1.71    -1.09 1.0612e+01   0.015   0.008
 6.34010  -6.222  -3.301    -1.71    -1.09 1.0613e+01   0.015   0.008
 6.36010  -6.256  -3.323    -1.71    -1.09 1.0613e+01   0.015   0.008
 6.38010  -6.290  -3.344    -1.71    -1.09 1.0613e+01   0.015   0.008
 6.40010  -6.325  -3.366    -1.71    -1.09 1.0613e+01   0.014   0.008
 6.42010  -6.359  -3.388    -1.71    -1.09 1.0614e+01   0.014   0.008
 6.44010  -6.393  -3.410    -1.71    -1.09 1.0614e+01   0.014   0.008
 6.46010  -6.427  -3.432    -1.71    -1.09 1.0614e+01   0.014   0.008
 6.48010  -6.462  -3.454    -1.71    -1.09 1.0614e+01   0.014   0.008
 6.50010  -6.496  -3.476    -1.71    -1.09 1.0615e+01   0.014   0.007
 6.52010  -6.530  -3.498    -1.71    -1.09 1.0615e+01   0.014   0.007
 6.54010  -6.564  -3.519    -1.71    -1.09 1.0615e+01   0.013   0.007
 6.56010  -6.599  -3.541    -1.71    -1.09 1.0615e+01   0.013   0.007
 6.58010  -6.633  -3.563    -1.71    -1.09 1.0616e+01   0.013   0.007
 6.60010  -6.667  -3.585    -1.71    -1.09 1.0616e+01   0.013   0.007
 6.62010  -6.701  -3.607    -1.71    -1.09 1.0616e+01   0.013   0.007
 6.64010  -6.735  -3.629    -1.71    -1.09 1.0616e+01   0.013   0.007
 6.66010  -6.770  -3.650    -1.71    -1.09 1.0617e+01   0.013   0.007
 6.68010  -6.804  -3.672    -1.71    -1.09 1.0617e+01   0.012   0.007
 6.70010  -6.838  -3.694    -1.71    -1.09 1.0617e+01   0.012   0.007
 6.72010  -6.872  -3.716    -1.71    -1.09 1.0617e+01   0.012   0.007
 6.74010  -6.906  -3.738    -1.71    -1.09 1.0617e+01   0.012   0.007
 6.76010  -6.941  -3.760    -1.71    -1.09 1.0618e+01   0.012   0.007
 6.78010  -6.975  -3.781    -1.71    -1.09 1.0618e+01   0.012   0.007
 6.80010  -7.009  -3.803    -1.71    -1.09 1.0618e+01   0.012   0.006
 6.82010  -7.043  -3.825    -1.71    -1.09 1.0618e+01   0.012   0.006
 6.84010  -7.077  -3.847    -1.71    -1.09 1.0618e+01   0.011   0.006
 6.86010  -7.112  -3.869    -1.71    -1.09 1.0619e+01   0.011   0.006
 6.88010  -7.146  -3.890    -1.71    -1.09 1.0619e+01   0.011   0.006
 6.90010  -7.180  -3.912    -1.71    -1.09 1.0619e+01   0.011   0.006
 6.92010  -7.214  -3.934    -1.71    -1.09 1.0619e+01   0.011   0.006
 6.94010  -7.248  -3.956    -1.71    -1.09 1.0619e+01   0.011   0.006
 6.96010  -7.282  -3.978    -1.71    -1.09 1.0620e+01   0.011   0.006
 6.98010  -7.317  -3.999    -1.71    -1.09 1.0620e+01   0.011   0.006
 7.00010  -7.351  -4.021    -1.71    -1.09 1.0620e+01   0.011   0.006
 7.02010  -7.385  -4.043    -1.71    -1.09 1.0620e+01   0.010   0.006
 7.04010  -7.419  -4.065    -1.71    -1.09 1.0620e+01   0.010   0.006
 7.06010  -7.453  -4.087    -1.71    -1.09 1.0621e+01   0.010   0.006
 7.08010  -7.487  -4.108    -1.71    -1.09 1.0621e+01   0.010   0.006
 7.10010  -7.522  -4.130    -1.71    -1.09 1.0621e+01   0.010   0.006
 7.12010  -7.556  -4.152    -1.71    -1.09 1.0621e+01   0.010   0.006
 7.14010  -7.590  -4.174    -1.71    -1.09 1.0621e+01   0.010   0.006
 7.16010  -7.624  -4.196    -1.71    -1.09 1.0621e+01   0.010   0.006
 7.18010  -7.658  -4.217    -1.71    -1.09 1.0622e+01   0.010   0.005
 7.20010  -7.692  -4.239    -1.71    -1.09 1.0622e+01   0.010   0.005
 7.22010  -7.726  -4.261    -1.71    -1.09 1.0622e+01   0.010   0.005
 7.24010  -7.761  -4.283    -1.71    -1.09 1.0622e+01   0.009   0.005
 7.26010  -7.795  -4.304    -1.71    -1.09 1.0622e+01   0.009   0.005
 7.28010  -7.829  -4.326    -1.71    -1.09 1.0622e+01   0.009   0.005
 7.30010  -7.863  -4.348    -1.71    -1.09 1.0622e+01   0.009   0.005
 7.32010  -7.897  -4.370    -1.71    -1.09 1.0623e+01   0.009   0.005
 7.34010  -7.931  -4.391    -1.71    -1.09 1.0623e+01   0.009   0.005
 7.36010  -7.965  -4.413    -1.71    -1.09 1.0623e+01   0.009   0.005
 7.38010  -7.999  -4.435    -1.71    -1.09 1.0623e+01   0.009   0.005
 7.40010  -8.034  -4.457    -1.71    -1.09 1.0623e+01   0.009   0.005
 7.42010  -8.068  -4.478    -1.71    -1.09 1.0623e+01   0.009   0.005
 7.44010  -8.102  -4.500    -1.71    -1.09 1.0624e+01   0.009   0.005
 7.46010  -8.136  -4.522    -1.71    -1.09 1.0624e+01   0.009   0.005
 7.48010  -8.170  -4.544    -1.71    -1.09 1.0624e+01   0.009   0.005
 7.50010  -8.204  -4.565    -1.71    -1.09 1.0624e+01   0.008   0.005
 7.52010  -8.238  -4.587    -1.71    -1.09 1.0624e+01   0.008   0.005
 7.54010  -8.272  -4.609    -1.71    -1.09 1.0624e+01   0.008   0.005
 7.56010  -8.306  -4.631    -1.71    -1.09 1.0624e+01   0.008   0.005
 7.58010  -8.341  -4.652    -1.71    -1.09 1.0625e+01   0.008   0.005
 7.60010  -8.375  -4.674    -1.71    -1.09 1.0625e+01   0.008   0.005
 7.62010  -8.409  -4.696    -1.70    -1.09 1.0625e+01   0.008   0.005
 7.64010  -8.443  -4.718    -1.70    -1.09 1.0625e+01   0.008   0.005
 7.66010  -8.477  -4.739    -1.70    -1.09 1.0625e+01   0.008   0.005
 7.68010  -8.511  -4.761    -1.70    -1.09 1.0625e+01   0.008   0.005
 7.70010  -8.545  -4.783    -1.70    -1.09 1.0625e+01   0.008   0.004
 7.72010  -8.579  -4.804    -1.70    -1.09 1.0625e+01   0.008   0.004
 7.74010  -8.613  -4.826    -1.70    -1.09 1.0626e+01   0.008   0.004
 7.76010  -8.647  -4.848    -1.70    -1.09 1.0626e+01   0.008   0.004
 7.78010  -8.682  -4.870    -1.70    -1.09 1.0626e+01   0.008   0.004
 7.80010  -8.716  -4.891    -1.70    -1.09 1.0626e+01   0.007   0.004
 7.82010  -8.750  -4.913    -1.70    -1.09 1.0626e+01   0.007   0.004
 7.84010  -8.784  -4.935    -1.70    -1.09 1.0626e+01   0.007   0.004
 7.86010  -8.818  -4.956    -1.70    -1.09 1.0626e+01   0.007   0.004
 7.88010  -8.852  -4.978    -1.70    -1.09 1.0626e+01   0.007   0.004
 7.90010  -8.886  -5.000    -1.70    -1.09 1.0627e+01   0.007   0.004
 7.92010  -8.920  -5.022    -1.70    -1.09 1.0627e+01   0.007   0.004
 7.94010  -8.954  -5.043    -1.70    -1.09 1.0627e+01   0.007   0.004
 7.96010  -8.988  -5.065    -1.70    -1.08 1.0627e+01   0.007   0.004
 7.98010  -9.022  -5.087    -1.70    -1.08 1.0627e+01   0.007   0.004
 8.00010  -9.056  -5.108    -1.70    -1.08 1.0627e+01   0.007   0.004
 8.02010  -9.090  -5.130    -1.70    -1.08 1.0627e+01   0.007   0.004
 8.04010  -9.124  -5.152    -1.70    -1.08 1.0627e+01   0.007   0.004
 8.06010  -9.159  -5.173    -1.70    -1.08 1.0627e+01   0.007   0.004
 8.08010  -9.193  -5.195    -1.70    -1.08 1.0628e+01   0.007   0.004
 8.10010  -9.227  -5.217    -1.70    -1.08 1.0628e+01   0.007   0.004
 8.12010  -9.261  -5.239    -1.70    -1.08 1.0628e+01   0.007   0.004
 8.14010  -9.295  -5.260    -1.70    -1.08 1.0628e+01   0.007   0.004
 8.16010  -9.329  -5.282    -1.70    -1.08 1.0628e+01   0.006   0.004
 8.18010  -9.363  -5.304    -1.70    -1.08 1.0628e+01   0.006   0.004
 8.20010  -9.397  -5.325    -1.70    -1.08 1.0628e+01   0.006   0.004
 8.22010  -9.431  -5.347    -1.70    -1.08 1.0628e+01   0.006   0.004
 8.24010  -9.465  -5.369    -1.70    -1.08 1.0628e+01   0.006   0.004
 8.26010  -9.499  -5.390    -1.70    -1.08 1.0628e+01   0.006   0.004
 8.28010  -9.533  -5.412    -1.70    -1.08 1.0629e+01   0.006   0.004
 8.30010  -9.567  -5.434    -1.70    -1.08 1.0629e+01   0.006   0.004
 8.32010  -9.601  -5.455    -1.70    -1.08 1.0629e+01   0.006   0.004
 8.34010  -9.635  -5.477    -1.70    -1.08 1.0629e+01   0.006   0.004
 8.36010  -9.669  -5.499    -1.70    -1.08 1.0629e+01   0.006   0.004
 8.38010  -9.703  -5.520    -1.70    -1.08 1.0629e+01   0.006   0.004
 8.40010  -9.737  -5.542    -1.70    -1.08 1.0629e+01   0.006   0.003
 8.42010  -9.771  -5.564    -1.70    -1.08 1.0629e+01   0.006   0.003
 8.44010  -9.805  -5.585    -1.70    -1.08 1.0629e+01   0.006   0.003
 8.46010  -9.839  -5.607    -1.70    -1.08 1.0629e+01   0.006   0.003
 8.48010  -9.873  -5.629    -1.70    -1.08 1.0630e+01   0.006   0.003
 8.50010  -9.908  -5.650    -1.70    -1.08 1.0630e+01   0.006   0.003
 8.52010  -9.942  -5.672    -1.70    -1.08 1.0630e+01   0.006   0.003
 8.54010  -9.976  -5.694    -1.70    -1.08 1.0630e+01   0.006   0.003
 8.56010 -10.010  -5.715    -1.70    -1.08 1.0630e+01   0.006   0.003
 8.58010 -10.044  -5.737    -1.70    -1.08 1.0630e+01   0.006   0.003
 8.60010 -10.078  -5.759    -1.70    -1.08 1.0630e+01   0.006   0.003
 8.62010 -10.112  -5.780    -1.70    -1.08 1.0630e+01   0.005   0.003
 8.64010 -10.146  -5.802    -1.70    -1.08 1.0630e+01   0.005   0.003
 8.66010 -10.180  -5.824    -1.70    -1.08 1.0630e+01   0.005   0.003
 8.68010 -10.214  -5.845    -1.70    -1.08 1.0630e+01   0.005   0.003
 8.70010 -10.248  -5.867    -1.70    -1.08 1.0630e+01   0.005   0.003
 8.72010 -10.282  -5.888    -1.70    -1.08 1.0631e+01   0.005   0.003
 8.74010 -10.316  -5.910    -1.70    -1.08 1.0631e+01   0.005   0.003
 8.76010 -10.350  -5.932    -1.70    -1.08 1.0631e+01   0.005   0.003
 8.78010 -10.384  -5.953    -1.70    -1.08 1.0631e+01   0.005   0.003
 8.80010 -10.418  -5.975    -1.70    -1.08 1.0631e+01   0.005   0.003
 8.82010 -10.452  -5.997    -1.70    -1.08 1.0631e+01   0.005   0.003
 8.84010 -10.486  -6.018    -1.70    -1.08 1.0631e+01   0.005   0.003
 8.86010 -10.520  -6.040    -1.70    -1.08 1.0631e+01   0.005   0.003
 8.88010 -10.554  -6.062    -1.70    -1.08 1.0631e+01   0.005   0.003
 8.90010 -10.588  -6.083    -1.70    -1.08 1.0631e+01   0.005   0.003
 8.92010 -10.622  -6.105    -1.70    -1.08 1.0631e+01   0.005   0.003
 8.94010 -10.656  -6.127    -1.70    -1.08 1.0631e+01   0.005   0.003
 8.96010 -10.690  -6.148    -1.70    -1.08 1.0632e+01   0.005   0.003
 8.98010 -10.724  -6.170    -1.70    -1.08 1.0632e+01   0.005   0.003
 9.00010 -10.758  -6.191    -1.70    -1.08 1.0632e+01   0.005   0.003
 9.02010 -10.792  -6.213    -1.70    -1.08 1.0632e+01   0.005   0.003
 9.04010 -10.826  -6.235    -1.70    -1.08 1.0632e+01   0.005   0.003
 9.06010 -10.860  -6.256    -1.70    -1.08 1.0632e+01   0.005   0.003
 9.08010 -10.894  -6.278    -1.70    -1.08 1.0632e+01   0.005   0.003
 9.10010 -10.928  -6.300    -1.70    -1.08 1.0632e+01   0.005   0.003
 9.12010 -10.962  -6.321    -1.70    -1.08 1.0632e+01   0.005   0.003
 9.14010 -10.996  -6.343    -1.70    -1.08 1.0632e+01   0.005   0.003
 9.16010 -11.030  -6.364    -1.70    -1.08 1.0632e+01   0.005   0.003
 9.18010 -11.064  -6.386    -1.70    -1.08 1.0632e+01   0.005   0.003
 9.20010 -11.098  -6.408    -1.70    -1.08 1.0632e+01   0.005   0.003
 9.22010 -11.132  -6.429    -1.70    -1.08 1.0632e+01   0.005   0.003
 9.24010 -11.166  -6.451    -1.70    -1.08 1.0633e+01   0.004   0.003
 9.26010 -11.200  -6.472    -1.70    -1.08 1.0633e+01   0.004   0.003
 9.28010 -11.234  -6.494    -1.70    -1.08 1.0633e+01   0.004   0.003
 9.30010 -11.268  -6.516    -1.70    -1.08 1.0633e+01   0.004   0.003
 9.32010 -11.302  -6.537    -1.70    -1.08 1.0633e+01   0.004   0.003
 9.34010 -11.336  -6.559    -1.70    -1.08 1.0633e+01   0.004   0.003
 9.36010 -11.370  -6.581    -1.70    -1.08 1.0633e+01   0.004   0.003
 9.38010 -11.404  -6.602    -1.70    -1.08 1.0633e+01   0.004   0.003
 9.40010 -11.438  -6.624    -1.70    -1.08 1.0633e+01   0.004   0.003
 9.42010 -11.472  -6.645    -1.70    -1.08 1.0633e+01   0.004   0.003
 9.44010 -11.506  -6.667    -1.70    -1.08 1.0633e+01   0.004   0.003
 9.46010 -11.540  -6.689    -1.70    -1.08 1.0633e+01   0.004   0.003
 9.48010 -11.573  -6.710    -1.70    -1.08 1.0633e+01   0.004   0.003
 9.50010 -11.607  -6.732    -1.70    -1.08 1.0633e+01   0.004   0.002
 9.52010 -11.641  -6.753    -1.70    -1.08 1.0633e+01   0.004   0.002
 9.54010 -11.675  -6.775    -1.70    -1.08 1.0634e+01   0.004   0.002
 9.56010 -11.709  -6.797    -1.70    -1.08 1.0634e+01   0.004   0.002
 9.58010 -11.743  -6.818    -1.70    -1.08 1.0634e+01   0.004   0.002
 9.60010 -11.777  -6.840    -1.70    -1.08 1.0634e+01   0.004   0.002
 9.62010 -11.811  -6.861    -1.70    -1.08 1.0634e+01   0.004   0.002
 9.64010 -11.845  -6.883    -1.70    -1.08 1.0634e+01   0.004   0.002
 9.66010 -11.879  -6.905    -1.70    -1.08 1.0634e+01   0.004   0.002
 9.68010 -11.913  -6.926    -1.70    -1.08 1.0634e+01   0.004   0.002
 9.70010 -11.947  -6.948    -1.70    -1.08 1.0634e+01   0.004   0.002
 9.72010 -11.981  -6.969    -1.70    -1.08 1.0634e+01   0.004   0.002
 9.74010 -12.015  -6.991    -1.70    -1.08 1.0634e+01   0.004   0.002
 9.76010 -12.049  -7.013    -1.70    -1.08 1.0634e+01   0.004   0.002
 9.78010 -12.083  -7.034    -1.70    -1.08 1.0634e+01   0.004   0.002
 9.80010 -12.117  -7.056    -1.70    -1.08 1.0634e+01   0.004   0.002
 9.82010 -12.151  -7.077    -1.70    -1.08 1.0634e+01   0.004   0.002
 9.84010 -12.185  -7.099    -1.70    -1.08 1.0634e+01   0.004   0.002
 9.86010 -12.219  -7.120    -1.70    -1.08 1.0635e+01   0.004   0.002
 9.88010 -12.253  -7.142    -1.70    -1.08 1.0635e+01   0.004   0.002
 9.90010 -12.287  -7.164    -1.70    -1.08 1.0635e+01   0.004   0.002
 9.92010 -12.321  -7.185    -1.70    -1.08 1.0635e+01   0.004   0.002
 9.94010 -12.355  -7.207    -1.70    -1.08 1.0635e+01   0.004   0.002
 9.96010 -12.389  -7.228    -1.70    -1.08 1.0635e+01   0.004   0.002
 9.98010 -12.422  -7.250    -1.70    -1.08 1.0635e+01   0.004   0.002
10.00010 -12.456  -7.272    -1.70    -1.08 1.0635e+01   0.004   0.002
10.02010 -12.490  -7.293    -1.70    -1.08 1.0635e+01   0.004   0.002
10.04010 -12.524  -7.315    -1.70    -1.08 1.0635e+01   0.004   0.002
10.06010 -12.558  -7.336    -1.70    -1.08 1.0635e+01   0.004   0.002
10.08010 -12.592  -7.358    -1.70    -1.08 1.0635e+01   0.004   0.002
10.10010 -12.626  -7.379    -1.70    -1.08 1.0635e+01   0.003   0.002
10.12010 -12.660  -7.401    -1.70    -1.08 1.0635e+01   0.003   0.002
10.14010 -12.694  -7.423    -1.70    -1.08 1.0635e+01   0.003   0.002
10.16010 -12.728  -7.444    -1.70    -1.08 1.0635e+01   0.003   0.002
10.18010 -12.762  -7.466    -1.70    -1.08 1.0635e+01   0.003   0.002
10.20010 -12.796  -7.487    -1.70    -1.08 1.0635e+01   0.003   0.002
10.22010 -12.830  -7.509    -1.70    -1.08 1.0635e+01   0.003   0.002
10.24010 -12.864  -7.530    -1.70    -1.08 1.0636e+01   0.003   0.002
10.26010 -12.898  -7.552    -1.70    -1.08 1.0636e+01   0.003   0.002
10.28010 -12.932  -7.574    -1.70    -1.08 1.0636e+01   0.003   0.002
10.30010 -12.966  -7.595    -1.70    -1.08 1.0636e+01   0.003   0.002
10.32010 -12.999  -7.617    -1.70    -1.08 1.0636e+01   0.003   0.002
10.34010 -13.033  -7.638    -1.70    -1.08 1.0636e+01   0.003   0.002
10.36010 -13.067  -7.660    -1.70    -1.08 1.0636e+01   0.003   0.002
10.38010 -13.101  -7.681    -1.70    -1.08 1.0636e+01   0.003   0.002
10.40010 -13.135  -7.703    -1.70    -1.08 1.0636e+01   0.003   0.002
10.42010 -13.169  -7.724    -1.70    -1.08 1.0636e+01   0.003   0.002
10.44010 -13.203  -7.746    -1.70    -1.08 1.0636e+01   0.003   0.002
10.46010 -13.237  -7.768    -1.70    -1.08 1.0636e+01   0.003   0.002
10.48010 -13.271  -7.789    -1.70    -1.08 1.0636e+01   0.003   0.002
10.50010 -13.305  -7.811    -1.70    -1.08 1.0636e+01   0.003   0.002
10.52010 -13.339  -7.832    -1.70    -1.08 1.0636e+01   0.003   0.002
10.54010 -13.373  -7.854    -1.70    -1.08 1.0636e+01   0.003   0.002
10.56010 -13.407  -7.875    -1.70    -1.08 1.0636e+01   0.003   0.002
10.58010 -13.441  -7.897    -1.70    -1.08 1.0636e+01   0.003   0.002
10.60010 -13.474  -7.918    -1.70    -1.08 1.0636e+01   0.003   0.002
10.62010 -13.508  -7.940    -1.70    -1.08 1.0636e+01   0.003   0.002
10.64010 -13.542  -7.962    -1.70    -1.08 1.0636e+01   0.003   0.002
10.66010 -13.576  -7.983    -1.70    -1.08 1.0637e+01   0.003   0.002
10.68010 -13.610  -8.005    -1.70    -1.08 1.0637e+01   0.003   0.002
10.70010 -13.644  -8.026    -1.70    -1.08 1.0637e+01   0.003   0.002
10.72010 -13.678  -8.048    -1.70    -1.08 1.0637e+01   0.003   0.002
10.74010 -13.712  -8.069    -1.70    -1.08 1.0637e+01   0.003   0.002
10.76010 -13.746  -8.091    -1.70    -1.08 1.0637e+01   0.003   0.002
10.78010 -13.780  -8.112    -1.70    -1.08 1.0637e+01   0.003   0.002
10.80010 -13.814  -8.134    -1.70    -1.08 1.0637e+01   0.003   0.002
10.82010 -13.848  -8.156    -1.70    -1.08 1.0637e+01   0.003   0.002
10.84010 -13.882  -8.177    -1.70    -1.08 1.0637e+01   0.003   0.002
10.86010 -13.915  -8.199    -1.70    -1.08 1.0637e+01   0.003   0.002
10.88010 -13.949  -8.220    -1.70    -1.08 1.0637e+01   0.003   0.002
10.90010 -13.983  -8.242    -1.70    -1.08 1.0637e+01   0.003   0.002
10.92010 -14.017  -8.263    -1.70    -1.08 1.0637e+01   0.003   0.002
10.94010 -14.051  -8.285    -1.70    -1.08 1.0637e+01   0.003   0.002
10.96010 -14.085  -8.306    -1.70    -1.08 1.0637e+01   0.003   0.002
10.98010 -14.119  -8.328    -1.70    -1.08 1.0637e+01   0.003   0.002
11.00010 -14.153  -8.349    -1.70    -1.08 1.0637e+01   0.003   0.002
11.02010 -14.187  -8.371    -1.70    -1.08 1.0637e+01   0.003   0.002
11.04010 -14.221  -8.393    -1.70    -1.08 1.0637e+01   0.003   0.002
11.06010 -14.255  -8.414    -1.70    -1.08 1.0637e+01   0.003   0.002
11.08010 -14.288  -8.436    -1.70    -1.08 1.0637e+01   0.003   0.002
11.10010 -14.322  -8.457    -1.70    -1.08 1.0637e+01   0.003   0.002
11.12010 -14.356  -8.479    -1.70    -1.08 1.0637e+01   0.003   0.002
11.14010 -14.390  -8.500    -1.70    -1.08 1.0638e+01   0.003   0.002
11.16010 -14.424  -8.522    -1.70    -1.08 1.0638e+01   0.003   0.002
11.18010 -14.458  -8.543    -1.70    -1.08 1.0638e+01   0.003   0.002
11.20010 -14.492  -8.565    -1.70    -1.08 1.0638e+01   0.003   0.002
11.22010 -14.526  -8.586    -1.70    -1.08 1.0638e+01   0.003   0.002
11.24010 -14.560  -8.608    -1.70    -1.08 1.0638e+01   0.003   0.002
11.26010 -14.594  -8.629    -1.70    -1.08 1.0638e+01   0.003   0.002
11.28010 -14.627  -8.651    -1.70    -1.08 1.0638e+01   0.003   0.002
11.30010 -14.661  -8.672    -1.69    -1.08 1.0638e+01   0.003   0.002
11.32010 -14.695  -8.694    -1.69    -1.08 1.0638e+01   0.003   0.002
11.34010 -14.729  -8.716    -1.69    -1.08 1.0638e+01   0.003   0.002
11.36010 -14.763  -8.737    -1.69    -1.08 1.0638e+01   0.003   0.002
11.38010 -14.797  -8.759    -1.69    -1.08 1.0638e+01   0.003   0.002
11.40010 -14.831  -8.780    -1.69    -1.08 1.0638e+01   0.003   0.002
11.42010 -14.865  -8.802    -1.69    -1.08 1.0638e+01   0.002   0.002
11.44010 -14.899  -8.823    -1.69    -1.08 1.0638e+01   0.002   0.002
11.46010 -14.933  -8.845    -1.69    -1.08 1.0638e+01   0.002   0.002
11.48010 -14.966  -8.866    -1.69    -1.08 1.0638e+01   0.002   0.002
11.50010 -15.000  -8.888    -1.69    -1.08 1.0638e+01   0.002   0.002
11.52010 -15.034  -8.909    -1.69    -1.08 1.0638e+01   0.002   0.002
11.54010 -15.068  -8.931    -1.69    -1.08 1.0638e+01   0.002   0.002
11.56010 -15.102  -8.952    -1.69    -1.08 1.0638e+01   0.002   0.001
11.58010 -15.136  -8.974    -1.69    -1.08 1.0638e+01   0.002   0.001
11.60010 -15.170  -8.995    -1.69    -1.08 1.0638e+01   0.002   0.001
11.62010 -15.204  -9.017    -1.69    -1.08 1.0638e+01   0.002   0.001
11.64010 -15.238  -9.038    -1.69    -1.08 1.0638e+01   0.002   0.001
11.66010 -15.271  -9.060    -1.69    -1.08 1.0638e+01   0.002   0.001
11.68010 -15.305  -9.081    -1.69    -1.08 1.0639e+01   0.002   0.001
11.70010 -15.339  -9.103    -1.69    -1.08 1.0639e+01   0.002   0.001
11.72010 -15.373  -9.124    -1.69    -1.08 1.0639e+01   0.002   0.001
11.74010 -15.407  -9.146    -1.69    -1.08 1.0639e+01   0.002   0.001
11.76010 -15.441  -9.167    -1.69    -1.08 1.0639e+01   0.002   0.001
11.78010 -15.475  -9.189    -1.69    -1.08 1.0639e+01   0.002   0.001
11.80010 -15.509  -9.211    -1.69    -1.08 1.0639e+01   0.002   0.001
11.82010 -15.543  -9.232    -1.69    -1.08 1.0639e+01   0.002   0.001
11.84010 -15.576  -9.254    -1.69    -1.08 1.0639e+01   0.002   0.001
11.86010 -15.610  -9.275    -1.69    -1.08 1.0639e+01   0.002   0.001
11.88010 -15.644  -9.297    -1.69    -1.08 1.0639e+01   0.002   0.001
11.90010 -15.678  -9.318    -1.69    -1.08 1.0639e+01   0.002   0.001
11.92010 -15.712  -9.340    -1.69    -1.08 1.0639e+01   0.002   0.001
11.94010 -15.746  -9.361    -1.69    -1.08 1.0639e+01   0.002   0.001
11.96010 -15.780  -9.383    -1.69    -1.08 1.0639e+01   0.002   0.001
11.98010 -15.814  -9.404    -1.69    -1.08 1.0639e+01   0.002   0.001
12.00010 -15.848  -9.426    -1.69    -1.08 1.0639e+01   0.002   0.001
12.02010 -15.881  -9.447    -1.69    -1.08 1.0639e+01   0.002   0.001
12.04010 -15.915  -9.469    -1.69    -1.08 1.0639e+01   0.002   0.001
12.06010 -15.949  -9.490    -1.69    -1.08 1.0639e+01   0.002   0.001
12.08010 -15.983  -9.512    -1.69    -1.08 1.0639e+01   0.002   0.001
12.10010 -16.017  -9.533    -1.69    -1.08 1.0639e+01   0.002   0.001
12.12010 -16.051  -9.555    -1.69    -1.08 1.0639e+01   0.002   0.001
12.14010 -16.085  -9.576    -1.69    -1.08 1.0639e+01   0.002   0.001
12.16010 -16.119  -9.598    -1.69    -1.08 1.0639e+01   0.002   0.001
12.18010 -16.152  -9.619    -1.69    -1.08 1.0639e+01   0.002   0.001
12.20010 -16.186  -9.641    -1.69    -1.08 1.0639e+01   0.002   0.001
12.22010 -16.220  -9.662    -1.69    -1.08 1.0639e+01   0.002   0.001
12.24010 -16.254  -9.684    -1.69    -1.08 1.0639e+01   0.002   0.001
12.26010 -16.288  -9.705    -1.69    -1.08 1.0639e+01   0.002   0.001
12.28010 -16.322  -9.727    -1.69    -1.08 1.0639e+01   0.002   0.001
12.30010 -16.356  -9.748    -1.69    -1.08 1.0640e+01   0.002   0.001
12.32010 -16.390  -9.770    -1.69    -1.08 1.0640e+01   0.002   0.001
12.34010 -16.423  -9.791    -1.69    -1.08 1.0640e+01   0.002   0.001
12.36010 -16.457  -9.813    -1.69    -1.07 1.0640e+01   0.002   0.001
12.38010 -16.491  -9.834    -1.69    -1.07 1.0640e+01   0.002   0.001
12.40010 -16.525  -9.856    -1.69    -1.07 1.0640e+01   0.002   0.001
12.42010 -16.559  -9.877    -1.69    -1.07 1.0640e+01   0.002   0.001
12.44010 -16.593  -9.899    -1.69    -1.07 1.0640e+01   0.002   0.001
12.46010 -16.627  -9.920    -1.69    -1.07 1.0640e+01   0.002   0.001
12.48010 -16.660  -9.942    -1.69    -1.07 1.0640e+01   0.002   0.001
12.50010 -16.694  -9.963    -1.69    -1.07 1.0640e+01   0.002   0.001
12.52010 -16.728  -9.985    -1.69    -1.07 1.0640e+01   0.002   0.001
12.54010 -16.762 -10.006    -1.69    -1.07 1.0640e+01   0.002   0.001
12.56010 -16.796 -10.028    -1.69    -1.07 1.0640e+01   0.002   0.001
12.58010 -16.830 -10.049    -1.69    -1.07 1.0640e+01   0.002   0.001
12.60010 -16.864 -10.071    -1.69    -1.07 1.0640e+01   0.002   0.001
12.62010 -16.898 -10.092    -1.69    -1.07 1.0640e+01   0.002   0.001
12.64010 -16.931 -10.114    -1.69    -1.07 1.0640e+01   0.002   0.001
12.66010 -16.965 -10.135    -1.69    -1.07 1.0640e+01   0.002   0.001
12.68010 -16.999 -10.157    -1.69    -1.07 1.0640e+01   0.002   0.001
12.70010 -17.033 -10.178    -1.69    -1.07 1.0640e+01   0.002   0.001
12.72010 -17.067 -10.200    -1.69    -1.07 1.0640e+01   0.002   0.001
12.74010 -17.101 -10.221    -1.69    -1.07 1.0640e+01   0.002   0.001
12.76010 -17.135 -10.243    -1.69    -1.07 1.0640e+01   0.002   0.001
12.78010 -17.168 -10.264    -1.69    -1.07 1.0640e+01   0.002   0.001
12.80010 -17.202 -10.286    -1.69    -1.07 1.0640e+01   0.002   0.001
12.82010 -17.236 -10.307    -1.69    -1.07 1.0640e+01   0.002   0.001
12.84010 -17.270 -10.329    -1.69    -1.07 1.0640e+01   0.002   0.001
12.86010 -17.304 -10.350    -1.69    -1.07 1.0640e+01   0.002   0.001
12.88010 -17.338 -10.372    -1.69    -1.07 1.0640e+01   0.002   0.001
12.90010 -17.372 -10.393    -1.69    -1.07 1.0640e+01   0.002   0.001
12.92010 -17.405 -10.415    -1.69    -1.07 1.0640e+01   0.002   0.001
12.94010 -17.439 -10.436    -1.69    -1.07 1.0640e+01   0.002   0.001
12.96010 -17.473 -10.457    -1.69    -1.07 1.0640e+01   0.002   0.001
12.98010 -17.507 -10.479    -1.69    -1.07 1.0640e+01   0.002   0.001
13.00010 -17.541 -10.500    -1.69    -1.07 1.0640e+01   0.002   0.001
13.02010 -17.575 -10.522    -1.69    -1.07 1.0641e+01   0.002   0.001
13.04010 -17.609 -10.543    -1.69    -1.07 1.0641e+01   0.002   0.001
13.06010 -17.642 -10.565    -1.69    -1.07 1.0641e+01   0.002   0.001
13.08010 -17.676 -10.586    -1.69    -1.07 1.0641e+01   0.002   0.001
13.10010 -17.710 -10.608    -1.69    -1.07 1.0641e+01   0.002   0.001
13.12010 -17.744 -10.629    -1.69    -1.07 1.0641e+01   0.002   0.001
13.14010 -17.778 -10.651    -1.69    -1.07 1.0641e+01   0.002   0.001
13.16010 -17.812 -10.672    -1.69    -1.07 1.0641e+01   0.002   0.001
13.18010 -17.846 -10.694    -1.69    -1.07 1.0641e+01   0.002   0.001
13.20010 -17.879 -10.715    -1.69    -1.07 1.0641e+01   0.002   0.001
13.22010 -17.913 -10.737    -1.69    -1.07 1.0641e+01   0.002   0.001
13.24010 -17.947 -10.758    -1.69    -1.07 1.0641e+01   0.002   0.001
13.26010 -17.981 -10.780    -1.69    -1.07 1.0641e+01   0.002   0.001
13.28010 -18.015 -10.801    -1.69    -1.07 1.0641e+01   0.002   0.001
13.30010 -18.049 -10.823    -1.69    -1.07 1.0641e+01   0.002   0.001
13.32010 -18.082 -10.844    -1.69    -1.07 1.0641e+01   0.002   0.001
13.34010 -18.116 -10.866    -1.69    -1.07 1.0641e+01   0.002   0.001
13.36010 -18.150 -10.887    -1.69    -1.07 1.0641e+01   0.002   0.001
13.38010 -18.184 -10.909    -1.69    -1.07 1.0641e+01   0.002   0.001
13.40010 -18.218 -10.930    -1.69    -1.07 1.0641e+01   0.002   0.001
13.42010 -18.252 -10.952    -1.69    -1.07 1.0641e+01   0.002   0.001
13.44010 -18.286 -10.973    -1.69    -1.07 1.0641e+01   0.002   0.001
13.46010 -18.319 -10.994    -1.69    -1.07 1.0641e+01   0.002   0.001
13.48010 -18.353 -11.016    -1.69    -1.07 1.0641e+01   0.002   0.001
13.50010 -18.387 -11.037    -1.69    -1.07 1.0641e+01   0.002   0.001
13.52010 -18.421 -11.059    -1.69    -1.07 1.0641e+01   0.002   0.001
13.54010 -18.455 -11.080    -1.69    -1.07 1.0641e+01   0.002   0.001
13.56010 -18.489 -11.102    -1.69    -1.07 1.0641e+01   0.002   0.001
13.58010 -18.522 -11.123    -1.69    -1.07 1.0641e+01   0.002   0.001
13.60010 -18.556 -11.145    -1.69    -1.07 1.0641e+01   0.002   0.001
13.62010 -18.590 -11.166    -1.69    -1.07 1.0641e+01   0.002   0.001
13.64010 -18.624 -11.188    -1.69    -1.07 1.0641e+01   0.002   0.001
13.66010 -18.658 -11.209    -1.69    -1.07 1.0641e+01   0.002   0.001
13.68010 -18.692 -11.231    -1.69    -1.07 1.0641e+01   0.002   0.001
13.70010 -18.725 -11.252    -1.69    -1.07 1.0641e+01   0.002   0.001
13.72010 -18.759 -11.274    -1.69    -1.07 1.0641e+01   0.002   0.001
13.74010 -18.793 -11.295    -1.69    -1.07 1.0641e+01   0.002   0.001
13.76010 -18.827 -11.317    -1.69    -1.07 1.0641e+01   0.002   0.001
13.78010 -18.861 -11.338    -1.69    -1.07 1.0641e+01   0.002   0.001
13.80010 -18.895 -11.360    -1.69    -1.07 1.0641e+01   0.002   0.001
13.82010 -18.929 -11.381    -1.69    -1.07 1.0641e+01   0.002   0.001
13.84010 -18.962 -11.402    -1.69    -1.07 1.0641e+01   0.002   0.001
13.86010 -18.996 -11.424    -1.69    -1.07 1.0642e+01   0.002   0.001
13.88010 -19.030 -11.445    -1.69    -1.07 1.0642e+01   0.002   0.001
13.90010 -19.064 -11.467    -1.69    -1.07 1.0642e+01   0.002   0.001
13.92010 -19.098 -11.488    -1.69    -1.07 1.0642e+01   0.002   0.001
13.94010 -19.132 -11.510    -1.69    -1.07 1.0642e+01   0.001   0.001
13.96010 -19.165 -11.531    -1.69    -1.07 1.0642e+01   0.001   0.001
13.98010 -19.199 -11.553    -1.69    -1.07 1.0642e+01   0.001   0.001
14.00010 -19.233 -11.574    -1.69    -1.07 1.0642e+01   0.001   0.001
14.02010 -19.267 -11.596    -1.69    -1.07 1.0642e+01   0.001   0.001
14.04010 -19.301 -11.617    -1.69    -1.07 1.0642e+01   0.001   0.001
14.06010 -19.335 -11.639    -1.69    -1.07 1.0642e+01   0.001   0.001
14.08010 -19.368 -11.660    -1.69    -1.07 1.0642e+01   0.001   0.001
14.10010 -19.402 -11.681    -1.69    -1.07 1.0642e+01   0.001   0.001
14.12010 -19.436 -11.703    -1.69    -1.07 1.0642e+01   0.001   0.001
14.14010 -19.470 -11.724    -1.69    -1.07 1.0642e+01   0.001   0.001
14.16010 -19.504 -11.746    -1.69    -1.07 1.0642e+01   0.001   0.001
14.18010 -19.538 -11.767    -1.69    -1.07 1.0642e+01   0.001   0.001
14.20010 -19.571 -11.789    -1.69    -1.07 1.0642e+01   0.001   0.001
14.22010 -19.605 -11.810    -1.69    -1.07 1.0642e+01   0.001   0.001
14.24010 -19.639 -11.832    -1.69    -1.07 1.0642e+01   0.001   0.001
14.26010 -19.673 -11.853    -1.69    -1.07 1.0642e+01   0.001   0.001
14.28010 -19.707 -11.875    -1.69    -1.07 1.0642e+01   0.001   0.001
14.30010 -19.740 -11.896    -1.69    -1.07 1.0642e+01   0.001   0.001
14.32010 -19.774 -11.918    -1.69    -1.07 1.0642e+01   0.001   0.001
14.34010 -19.808 -11.939    -1.69    -1.07 1.0642e+01   0.001   0.001
14.36010 -19.842 -11.960    -1.69    -1.07 1.0642e+01   0.001   0.001
14.38010 -19.876 -11.982    -1.69    -1.07 1.0642e+01   0.001   0.001
14.40010 -19.910 -12.003    -1.69    -1.07 1.0642e+01   0.001   0.001
14.42010 -19.943 -12.025    -1.69    -1.07 1.0642e+01   0.001   0.001
14.44010 -19.977 -12.046    -1.69    -1.07 1.0642e+01   0.001   0.001
14.46010 -20.011 -12.068    -1.69    -1.07 1.0642e+01   0.001   0.001
14.48010 -20.045 -12.089    -1.69    -1.07 1.0642e+01   0.001   0.001
14.50010 -20.079 -12.111    -1.69    -1.07 1.0642e+01   0.001   0.001
14.52010 -20.113 -12.132    -1.69    -1.07 1.0642e+01   0.001   0.001
14.54010 -20.146 -12.154    -1.69    -1.07 1.0642e+01   0.001   0.001
14.56010 -20.180 -12.175    -1.69    -1.07 1.0642e+01   0.001   0.001
14.58010 -20.214 -12.196    -1.69    -1.07 1.0642e+01   0.001   0.001
14.60010 -20.248 -12.218    -1.69    -1.07 1.0642e+01   0.001   0.001
14.62010 -20.282 -12.239    -1.69    -1.07 1.0642e+01   0.001   0.001
14.64010 -20.316 -12.261    -1.69    -1.07 1.0642e+01   0.001   0.001
14.66010 -20.349 -12.282    -1.69    -1.07 1.0642e+01   0.001   0.001
14.68010 -20.383 -12.304    -1.69    -1.07 1.0642e+01   0.001   0.001
14.70010 -20.417 -12.325    -1.69    -1.07 1.0642e+01   0.001   0.001
14.72010 -20.451 -12.347    -1.69    -1.07 1.0642e+01   0.001   0.001
14.74010 -20.485 -12.368    -1.69    -1.07 1.0642e+01   0.001   0.001
14.76010 -20.518 -12.390    -1.69    -1.07 1.0642e+01   0.001   0.001
14.78010 -20.552 -12.411    -1.69    -1.07 1.0642e+01   0.001   0.001
14.80010 -20.586 -12.432    -1.69    -1.07 1.0642e+01   0.001   0.001
14.82010 -20.620 -12.454    -1.69    -1.07 1.0642e+01   0.001   0.001
14.84010 -20.654 -12.475    -1.69    -1.07 1.0642e+01   0.001   0.001
14.86010 -20.688 -12.497    -1.69    -1.07 1.0642e+01   0.001   0.001
14.88010 -20.721 -12.518    -1.69    -1.07 1.0643e+01   0.001   0.001
14.90010 -20.755 -12.540    -1.69    -1.07 1.0643e+01   0.001   0.001
14.92010 -20.789 -12.561    -1.69    -1.07 1.0643e+01   0.001   0.001
14.94010 -20.823 -12.583    -1.69    -1.07 1.0643e+01   0.001   0.001
14.96010 -20.857 -12.604    -1.69    -1.07 1.0643e+01   0.001   0.001
14.98010 -20.890 -12.625    -1.69    -1.07 1.0643e+01   0.001   0.001
15.00010 -20.924 -12.647    -1.69    -1.07 1.0643e+01   0.001   0.001
15.02010 -20.958 -12.668    -1.69    -1.07 1.0643e+01   0.001   0.001
15.04010 -20.992 -12.690    -1.69    -1.07 1.0643e+01   0.001   0.001
15.06010 -21.026 -12.711    -1.69    -1.07 1.0643e+01   0.001   0.001
15.08010 -21.060 -12.733    -1.69    -1.07 1.0643e+01   0.001   0.001
15.10010 -21.093 -12.754    -1.69    -1.07 1.0643e+01   0.001   0.001
15.12010 -21.127 -12.776    -1.69    -1.07 1.0643e+01   0.001   0.001
15.14010 -21.161 -12.797    -1.69    -1.07 1.0643e+01   0.001   0.001
15.16010 -21.195 -12.819    -1.69    -1.07 1.0643e+01   0.001   0.001
15.18010 -21.229 -12.840    -1.69    -1.07 1.0643e+01   0.001   0.001
15.20010 -21.262 -12.861    -1.69    -1.07 1.0643e+01   0.001   0.001
15.22010 -21.296 -12.883    -1.69    -1.07 1.0643e+01   0.001   0.001
15.24010 -21.330 -12.904    -1.69    -1.07 1.0643e+01   0.001   0.001
15.26010 -21.364 -12.926    -1.69    -1.07 1.0643e+01   0.001   0.001
15.28010 -21.398 -12.947    -1.69    -1.07 1.0643e+01   0.001   0.001
15.30010 -21.431 -12.969    -1.69    -1.07 1.0643e+01   0.001   0.001
15.32010 -21.465 -12.990    -1.69    -1.07 1.0643e+01   0.001   0.001
15.34010 -21.499 -13.011    -1.69    -1.07 1.0643e+01   0.001   0.001
15.36010 -21.533 -13.033    -1.69    -1.07 1.0643e+01   0.001   0.001
15.38010 -21.567 -13.054    -1.69    -1.07 1.0643e+01   0.001   0.001
15.40010 -21.601 -13.076    -1.69    -1.07 1.0643e+01   0.001   0.001
15.42010 -21.634 -13.097    -1.69    -1.07 1.0643e+01   0.001   0.001
15.44010 -21.668 -13.119    -1.69    -1.07 1.0643e+01   0.001   0.001
15.46010 -21.702 -13.140    -1.69    -1.07 1.0643e+01   0.001   0.001
15.48010 -21.736 -13.162    -1.69    -1.07 1.0643e+01   0.001   0.001
15.50010 -21.770 -13.183    -1.69    -1.07 1.0643e+01   0.001   0.001
15.52010 -21.803 -13.204    -1.69    -1.07 1.0643e+01   0.001   0.001
15.54010 -21.837 -13.226    -1.69    -1.07 1.0643e+01   0.001   0.001
15.56010 -21.871 -13.247    -1.69    -1.07 1.0643e+01   0.001   0.001
15.58010 -21.905 -13.269    -1.69    -1.07 1.0643e+01   0.001   0.001
15.60010 -21.939 -13.290    -1.69    -1.07 1.0643e+01   0.001   0.001
15.62010 -21.972 -13.312    -1.69    -1.07 1.0643e+01   0.001   0.001
15.64010 -22.006 -13.333    -1.69    -1.07 1.0643e+01   0.001   0.001
15.66010 -22.040 -13.355    -1.69    -1.07 1.0643e+01   0.001   0.001
15.68010 -22.074 -13.376    -1.69    -1.07 1.0643e+01   0.001   0.001
15.70010 -22.108 -13.397    -1.69    -1.07 1.0643e+01   0.001   0.001
15.72010 -22.141 -13.419    -1.69    -1.07 1.0643e+01   0.001   0.001
15.74010 -22.175 -13.440    -1.69    -1.07 1.0643e+01   0.001   0.001
15.76010 -22.209 -13.462    -1.69    -1.07 1.0643e+01   0.001   0.001
15.78010 -22.243 -13.483    -1.69    -1.07 1.0643e+01   0.001   0.001
15.80010 -22.277 -13.505    -1.69    -1.07 1.0643e+01   0.001   0.001
15.82010 -22.311 -13.526    -1.69    -1.07 1.0643e+01   0.001   0.001
15.84010 -22.344 -13.547    -1.69    -1.07 1.0643e+01   0.001   0.001
15.86010 -22.378 -13.569    -1.69    -1.07 1.0643e+01   0.001   0.001
15.88010 -22.412 -13.590    -1.69    -1.07 1.0643e+01   0.001   0.001
15.90010 -22.446 -13.612    -1.69    -1.07 1.0643e+01   0.001   0.001
15.92010 -22.480 -13.633    -1.69    -1.07 1.0643e+01   0.001   0.001
15.94010 -22.513 -13.655    -1.69    -1.07 1.0643e+01   0.001   0.001
15.96010 -22.547 -13.676    -1.69    -1.07 1.0643e+01   0.001   0.001
15.98010 -22.581 -13.697    -1.69    -1.07 1.0643e+01   0.001   0.001
16.00010 -22.615 -13.719    -1.69    -1.07 1.0643e+01   0.001   0.001
16.02010 -22.649 -13.740    -1.69    -1.07 1.0643e+01   0.001   0.001
16.04010 -22.682 -13.762    -1.69    -1.07 1.0643e+01   0.001   0.001
16.06010 -22.716 -13.783    -1.69    -1.07 1.0643e+01   0.001   0.001
16.08010 -22.750 -13.805    -1.69    -1.07 1.0643e+01   0.001   0.001
16.10010 -22.784 -13.826    -1.69    -1.07 1.0643e+01   0.001   0.001
16.12010 -22.818 -13.848    -1.69    -1.07 1.0644e+01   0.001   0.001
16.14010 -22.851 -13.869    -1.69    -1.07 1.0644e+01   0.001   0.001
16.16010 -22.885 -13.890    -1.69    -1.07 1.0644e+01   0.001   0.001
16.18010 -22.919 -13.912    -1.69    -1.07 1.0644e+01   0.001   0.001
16.20010 -22.953 -13.933    -1.69    -1.07 1.0644e+01   0.001   0.001
16.22010 -22.987 -13.955    -1.69    -1.07 1.0644e+01   0.001   0.001
16.24010 -23.020 -13.976    -1.69    -1.07 1.0644e+01   0.001   0.001
16.26010 -23.054 -13.998    -1.69    -1.07 1.0644e+01   0.001   0.001
16.28010 -23.088 -14.019    -1.69    -1.07 1.0644e+01   0.001   0.001
16.30010 -23.122 -14.040    -1.69    -1.07 1.0644e+01   0.001   0.001
16.32010 -23.156 -14.062    -1.69    -1.07 1.0644e+01   0.001   0.001
16.34010 -23.189 -14.083    -1.69    -1.07 1.0644e+01   0.001   0.001
16.36010 -23.223 -14.105    -1.69    -1.07 1.0644e+01   0.001   0.001
16.38010 -23.257 -14.126    -1.69    -1.07 1.0644e+01   0.001   0.001
16.40010 -23.291 -14.148    -1.69    -1.07 1.0644e+01   0.001   0.001
16.42010 -23.325 -14.169    -1.69    -1.07 1.0644e+01   0.001   0.001
16.44010 -23.358 -14.190    -1.69    -1.07 1.0644e+01   0.001   0.001
16.46010 -23.392 -14.212    -1.69    -1.07 1.0644e+01   0.001   0.001
16.48010 -23.426 -14.233    -1.69    -1.07 1.0644e+01   0.001   0.001
16.50010 -23.460 -14.255    -1.69    -1.07 1.0644e+01   0.001   0.001
16.52010 -23.493 -14.276    -1.69    -1.07 1.0644e+01   0.001   0.001
16.54010 -23.527 -14.297    -1.69    -1.07 1.0644e+01   0.001   0.001
16.56010 -23.561 -14.319    -1.69    -1.07 1.0644e+01   0.001   0.001
16.58010 -23.595 -14.340    -1.69    -1.07 1.0644e+01   0.001   0.001
16.60010 -23.629 -14.362    -1.69    -1.07 1.0644e+01   0.001   0.001
16.62010 -23.662 -14.383    -1.69    -1.07 1.0644e+01   0.001   0.001
16.64010 -23.696 -14.405    -1.69    -1.07 1.0644e+01   0.001   0.001
16.66010 -23.730 -14.426    -1.69    -1.07 1.0644e+01   0.001   0.001
16.68010 -23.764 -14.447    -1.69    -1.07 1.0644e+01   0.001   0.001
16.70010 -23.798 -14.469    -1.69    -1.07 1.0644e+01   0.001   0.001
16.72010 -23.831 -14.490    -1.69    -1.07 1.0644e+01   0.001   0.001
16.74010 -23.865 -14.512    -1.69    -1.07 1.0644e+01   0.001   0.001
16.76010 -23.899 -14.533    -1.69    -1.07 1.0644e+01   0.001   0.001
16.78010 -23.933 -14.555    -1.69    -1.07 1.0644e+01   0.001   0.001
16.80010 -23.967 -14.576    -1.69    -1.07 1.0644e+01   0.001   0.001
16.82010 -24.000 -14.597    -1.69    -1.07 1.0644e+01   0.001   0.001
16.84010 -24.034 -14.619    -1.69    -1.07 1.0644e+01   0.001   0.001
16.86010 -24.068 -14.640    -1.69    -1.07 1.0644e+01   0.001   0.001
16.88010 -24.102 -14.662    -1.69    -1.07 1.0644e+01   0.001   0.001
16.90010 -24.136 -14.683    -1.69    -1.07 1.0644e+01   0.001   0.001
16.92010 -24.169 -14.705    -1.69    -1.07 1.0644e+01   0.001   0.001
16.94010 -24.203 -14.726    -1.69    -1.07 1.0644e+01   0.001   0.001
16.96010 -24.237 -14.747    -1.69    -1.07 1.0644e+01   0.001   0.001
16.98010 -24.271 -14.769    -1.69    -1.07 1.0644e+01   0.001   0.001
17.00010 -24.305 -14.790    -1.69    -1.07 1.0644e+01   0.001   0.001
17.02010 -24.338 -14.812    -1.69    -1.07 1.0644e+01   0.001   0.001
17.04010 -24.372 -14.833    -1.69    -1.07 1.0644e+01   0.001   0.001
17.06010 -24.406 -14.854    -1.69    -1.07 1.0644e+01   0.001   0.001
17.08010 -24.440 -14.876    -1.69    -1.07 1.0644e+01   0.001   0.001
17.10010 -24.473 -14.897    -1.69    -1.07 1.0644e+01   0.001   0.001
17.12010 -24.507 -14.919    -1.69    -1.07 1.0644e+01   0.001   0.001
17.14010 -24.541 -14.940    -1.69    -1.07 1.0644e+01   0.001   0.001
17.16010 -24.575 -14.962    -1.69    -1.07 1.0644e+01   0.001   0.001
17.18010 -24.609 -14.983    -1.69    -1.07 1.0644e+01   0.001   0.001
17.20010 -24.642 -15.004    -1.69    -1.07 1.0644e+01   0.001   0.001
17.22010 -24.676 -15.026    -1.69    -1.07 1.0644e+01   0.001   0.001
17.24010 -24.710 -15.047    -1.69    -1.07 1.0644e+01   0.001   0.001
17.26010 -24.744 -15.069    -1.69    -1.07 1.0644e+01   0.001   0.001
17.28010 -24.778 -15.090    -1.69    -1.07 1.0644e+01   0.001   0.001
17.30010 -24.811 -15.111    -1.69    -1.07 1.0644e+01   0.001   0.001
17.32010 -24.845 -15.133    -1.69    -1.07 1.0644e+01   0.001   0.001
17.34010 -24.879 -15.154    -1.69    -1.07 1.0644e+01   0.001   0.001
17.36010 -24.913 -15.176    -1.69    -1.07 1.0644e+01   0.001   0.001
17.38010 -24.946 -15.197    -1.69    -1.07 1.0644e+01   0.001   0.001
17.40010 -24.980 -15.219    -1.69    -1.07 1.0644e+01   0.001   0.001
17.42010 -25.014 -15.240    -1.69    -1.07 1.0644e+01   0.001   0.001
17.44010 -25.048 -15.261    -1.69    -1.07 1.0644e+01   0.001   0.001
17.46010 -25.082 -15.283    -1.69    -1.07 1.0644e+01   0.001   0.001
17.48010 -25.115 -15.304    -1.69    -1.07 1.0644e+01   0.001   0.001
17.50010 -25.149 -15.326    -1.69    -1.07 1.0644e+01   0.001   0.001
17.52010 -25.183 -15.347    -1.69    -1.07 1.0644e+01   0.001   0.001
17.54010 -25.217 -15.368    -1.69    -1.07 1.0644e+01   0.001   0.001
17.56010 -25.251 -15.390    -1.69    -1.07 1.0644e+01   0.001   0.001
17.58010 -25.284 -15.411    -1.69    -1.07 1.0644e+01   0.001   0.001
17.60010 -25.318 -15.433    -1.69    -1.07 1.0644e+01   0.001   0.001
17.62010 -25.352 -15.454    -1.69    -1.07 1.0644e+01   0.001   0.001
17.64010 -25.386 -15.476    -1.69    -1.07 1.0644e+01   0.001   0.001
17.66010 -25.419 -15.497    -1.69    -1.07 1.0645e+01   0.001   0.001
17.68010 -25.453 -15.518    -1.69    -1.07 1.0645e+01   0.001   0.001
17.70010 -25.487 -15.540    -1.69    -1.07 1.0645e+01   0.001   0.001
17.72010 -25.521 -15.561    -1.69    -1.07 1.0645e+01   0.001   0.001
17.74010 -25.555 -15.583    -1.69    -1.07 1.0645e+01   0.001   0.001
17.76010 -25.588 -15.604    -1.69    -1.07 1.0645e+01   0.001   0.001
17.78010 -25.622 -15.625    -1.69    -1.07 1.0645e+01   0.001   0.001
17.80010 -25.656 -15.647    -1.69    -1.07 1.0645e+01   0.001   0.001
17.82010 -25.690 -15.668    -1.69    -1.07 1.0645e+01   0.001   0.001
17.84010 -25.723 -15.690    -1.69    -1.07 1.0645e+01   0.001   0.001
17.86010 -25.757 -15.711    -1.69    -1.07 1.0645e+01   0.001   0.001
17.88010 -25.791 -15.732    -1.69    -1.07 1.0645e+01   0.001   0.001
17.90010 -25.825 -15.754    -1.69    -1.07 1.0645e+01   0.001   0.001
17.92010 -25.859 -15.775    -1.69    -1.07 1.0645e+01   0.001   0.001
17.94010 -25.892 -15.797    -1.69    -1.07 1.0645e+01   0.001   0.001
17.96010 -25.926 -15.818    -1.69    -1.07 1.0645e+01   0.001   0.001
17.98010 -25.960 -15.840    -1.69    -1.07 1.0645e+01   0.001   0.001
18.00010 -25.994 -15.861    -1.69    -1.07 1.0645e+01   0.001   0.001
18.02010 -26.027 -15.882    -1.69    -1.07 1.0645e+01   0.001   0.001
18.04010 -26.061 -15.904    -1.69    -1.07 1.0645e+01   0.001   0.001
18.06010 -26.095 -15.925    -1.69    -1.07 1.0645e+01   0.001   0.001
18.08010 -26.129 -15.947    -1.69    -1.07 1.0645e+01   0.001   0.001
18.10010 -26.163 -15.968    -1.69    -1.07 1.0645e+01   0.001   0.001
18.12010 -26.196 -15.989    -1.69    -1.07 1.0645e+01   0.001   0.001
18.14010 -26.230 -16.011    -1.69    -1.07 1.0645e+01   0.001   0.001
18.16010 -26.264 -16.032    -1.69    -1.07 1.0645e+01   0.001   0.001
18.18010 -26.298 -16.054    -1.69    -1.07 1.0645e+01   0.001   0.001
18.20010 -26.331 -16.075    -1.69    -1.07 1.0645e+01   0.001   0.001
18.22010 -26.365 -16.096    -1.69    -1.07 1.0645e+01   0.001   0.001
18.24010 -26.399 -16.118    -1.69    -1.07 1.0645e+01   0.001   0.001
18.26010 -26.433 -16.139    -1.69    -1.07 1.0645e+01   0.001   0.001
18.28010 -26.467 -16.161    -1.69    -1.07 1.0645e+01   0.001   0.000
18.30010 -26.500 -16.182    -1.69    -1.07 1.0645e+01   0.001   0.000
18.32010 -26.534 -16.203    -1.69    -1.07 1.0645e+01   0.001   0.000
18.34010 -26.568 -16.225    -1.69    -1.07 1.0645e+01   0.001   0.000
18.36010 -26.602 -16.246    -1.69    -1.07 1.0645e+01   0.001   0.000
18.38010 -26.635 -16.268    -1.69    -1.07 1.0645e+01   0.001   0.000
18.40010 -26.669 -16.289    -1.69    -1.07 1.0645e+01   0.001   0.000
18.42010 -26.703 -16.310    -1.69    -1.07 1.0645e+01   0.001   0.000
18.44010 -26.737 -16.332    -1.69    -1.07 1.0645e+01   0.001   0.000
18.46010 -26.771 -16.353    -1.69    -1.07 1.0645e+01   0.001   0.000
18.48010 -26.804 -16.375    -1.69    -1.07 1.0645e+01   0.001   0.000
18.50010 -26.838 -16.396    -1.69    -1.07 1.0645e+01   0.001   0.000
18.52010 -26.872 -16.417    -1.69    -1.07 1.0645e+01   0.001   0.000
18.54010 -26.906 -16.439    -1.69    -1.07 1.0645e+01   0.001   0.000
18.56010 -26.939 -16.460    -1.69    -1.07 1.0645e+01   0.001   0.000
18.58010 -26.973 -16.482    -1.69    -1.07 1.0645e+01   0.001   0.000
18.60010 -27.007 -16.503    -1.69    -1.07 1.0645e+01   0.001   0.000
18.62010 -27.041 -16.524    -1.69    -1.07 1.0645e+01   0.001   0.000
18.64010 -27.074 -16.546    -1.69    -1.07 1.0645e+01   0.001   0.000
18.66010 -27.108 -16.567    -1.69    -1.07 1.0645e+01   0.001   0.000
18.68010 -27.142 -16.589    -1.69    -1.07 1.0645e+01   0.001   0.000
18.70010 -27.176 -16.610    -1.69    -1.07 1.0645e+01   0.001   0.000
18.72010 -27.210 -16.631    -1.69    -1.07 1.0645e+01   0.001   0.000
18.74010 -27.243 -16.653    -1.69    -1.07 1.0645e+01   0.001   0.000
18.76010 -27.277 -16.674    -1.69    -1.07 1.0645e+01   0.001   0.000
18.78010 -27.311 -16.696    -1.69    -1.07 1.0645e+01   0.001   0.000
18.80010 -27.345 -16.717    -1.69    -1.07 1.0645e+01   0.001   0.000
18.82010 -27.378 -16.738    -1.69    -1.07 1.0645e+01   0.001   0.000
18.84010 -27.412 -16.760    -1.69    -1.07 1.0645e+01   0.001   0.000
18.86010 -27.446 -16.781    -1.69    -1.07 1.0645e+01   0.001   0.000
18.88010 -27.480 -16.803    -1.69    -1.07 1.0645e+01   0.001   0.000
18.90010 -27.514 -16.824    -1.69    -1.07 1.0645e+01   0.001   0.000
18.92010 -27.547 -16.845    -1.69    -1.07 1.0645e+01   0.001   0.000
18.94010 -27.581 -16.867    -1.69    -1.07 1.0645e+01   0.001   0.000
18.96010 -27.615 -16.888    -1.69    -1.07 1.0645e+01   0.001   0.000
18.98010 -27.649 -16.910    -1.69    -1.07 1.0645e+01   0.001   0.000
19.00010 -27.682 -16.931    -1.69    -1.07 1.0645e+01   0.001   0.000
19.02010 -27.716 -16.952    -1.69    -1.07 1.0645e+01   0.001   0.000
19.04010 -27.750 -16.974    -1.69    -1.07 1.0645e+01   0.001   0.000
19.06010 -27.784 -16.995    -1.69    -1.07 1.0645e+01   0.001   0.000
19.08010 -27.817 -17.017    -1.69    -1.07 1.0645e+01   0.001   0.000
19.10010 -27.851 -17.038    -1.69    -1.07 1.0645e+01   0.001   0.000
19.12010 -27.885 -17.059    -1.69    -1.07 1.0645e+01   0.001   0.000
19.14010 -27.919 -17.081    -1.69    -1.07 1.0645e+01   0.001   0.000
19.16010 -27.953 -17.102    -1.69    -1.07 1.0645e+01   0.001   0.000
19.18010 -27.986 -17.124    -1.69    -1.07 1.0645e+01   0.001   0.000
19.20010 -28.020 -17.145    -1.69    -1.07 1.0645e+01   0.001   0.000
19.22010 -28.054 -17.166    -1.69    -1.07 1.0645e+01   0.001   0.000
19.24010 -28.088 -17.188    -1.69    -1.07 1.0645e+01   0.001   0.000
19.26010 -28.121 -17.209    -1.69    -1.07 1.0645e+01   0.001   0.000
19.28010 -28.155 -17.231    -1.69    -1.07 1.0645e+01   0.001   0.000
19.30010 -28.189 -17.252    -1.69    -1.07 1.0645e+01   0.001   0.000
19.32010 -28.223 -17.273    -1.69    -1.07 1.0645e+01   0.001   0.000
19.34010 -28.256 -17.295    -1.69    -1.07 1.0645e+01   0.001   0.000
19.36010 -28.290 -17.316    -1.69    -1.07 1.0645e+01   0.001   0.000
19.38010 -28.324 -17.338    -1.69    -1.07 1.0645e+01   0.001   0.000
19.40010 -28.358 -17.359    -1.69    -1.07 1.0645e+01   0.001   0.000
19.42010 -28.391 -17.380    -1.69    -1.07 1.0645e+01   0.001   0.000
19.44010 -28.425 -17.402    -1.69    -1.07 1.0645e+01   0.001   0.000
19.46010 -28.459 -17.423    -1.69    -1.07 1.0645e+01   0.001   0.000
19.48010 -28.493 -17.445    -1.69    -1.07 1.0645e+01   0.001   0.000
19.50010 -28.527 -17.466    -1.69    -1.07 1.0645e+01   0.001   0.000
19.52010 -28.560 -17.487    -1.69    -1.07 1.0645e+01   0.001   0.000
19.54010 -28.594 -17.509    -1.69    -1.07 1.0645e+01   0.001   0.000
19.56010 -28.628 -17.530    -1.69    -1.07 1.0645e+01   0.001   0.000
19.58010 -28.662 -17.552    -1.69    -1.07 1.0645e+01   0.001   0.000
19.60010 -28.695 -17.573    -1.69    -1.07 1.0645e+01   0.001   0.000
19.62010 -28.729 -17.594    -1.69    -1.07 1.0646e+01   0.001   0.000
19.64010 -28.763 -17.616    -1.69    -1.07 1.0646e+01   0.001   0.000
19.66010 -28.797 -17.637    -1.69    -1.07 1.0646e+01   0.001   0.000
19.68010 -28.830 -17.659    -1.69    -1.07 1.0646e+01   0.001   0.000
19.70010 -28.864 -17.680    -1.69    -1.07 1.0646e+01   0.001   0.000
19.72010 -28.898 -17.701    -1.69    -1.07 1.0646e+01   0.001   0.000
19.74010 -28.932 -17.723    -1.69    -1.07 1.0646e+01   0.001   0.000
19.76010 -28.965 -17.744    -1.69    -1.07 1.0646e+01   0.001   0.000
19.78010 -28.999 -17.766    -1.69    -1.07 1.0646e+01   0.001   0.000
19.80010 -29.033 -17.787    -1.69    -1.07 1.0646e+01   0.001   0.000
19.82010 -29.067 -17.808    -1.69    -1.07 1.0646e+01   0.001   0.000
19.84010 -29.100 -17.830    -1.69    -1.07 1.0646e+01   0.001   0.000
19.86010 -29.134 -17.851    -1.69    -1.07 1.0646e+01   0.001   0.000
19.88010 -29.168 -17.872    -1.69    -1.07 1.0646e+01   0.001   0.000
19.90010 -29.202 -17.894    -1.69    -1.07 1.0646e+01   0.001   0.000
19.92010 -29.236 -17.915    -1.69    -1.07 1.0646e+01   0.001   0.000
19.94010 -29.269 -17.937    -1.69    -1.07 1.0646e+01   0.001   0.000
19.96010 -29.303 -17.958    -1.69    -1.07 1.0646e+01   0.001   0.000
19.98010 -29.337 -17.979    -1.69    -1.07 1.0646e+01   0.001   0.000
20.00010 -29.371 -18.001    -1.69    -1.07 1.0646e+01   0.001   0.000
