 0.02010   1.000   0.000     0.01     0.01 2.4236e+01  -0.004  -0.000
 0.04000   1.000   0.000     0.01     0.01 2.4236e+01  -0.001  -0.000
 0.06000   1.001   0.001     0.01     0.01 2.4236e+01  -0.000  -0.000
 0.08000   1.001   0.001     0.01     0.01 2.4236e+01  -0.000  -0.000
 0.10000   1.001   0.001     0.01     0.01 2.4236e+01  -0.000  -0.000
 0.12000   1.001   0.001     0.01     0.01 2.4236e+01  -0.000  -0.000
 0.14000   1.001   0.001     0.01     0.01 2.4236e+01  -0.000  -0.000
 0.16010   1.002   0.002     0.01     0.01 2.4236e+01  -0.000  -0.000
 0.18010   1.002   0.002     0.01     0.01 2.4236e+01  -0.000  -0.000
 0.20010   1.002   0.002     0.01     0.01 2.4236e+01  -0.000  -0.000
 0.22010   1.002   0.002     0.01     0.01 2.4236e+01  -0.000  -0.000
 0.24010   1.003   0.002     0.01     0.01 2.4236e+01  -0.000  -0.000
 0.26010   1.003   0.003     0.01     0.01 2.4236e+01  -0.000  -0.000
 0.28010   1.003   0.003     0.01     0.01 2.4236e+01  -0.000  -0.000
 0.30010   1.003   0.003     0.01     0.01 2.4236e+01  -0.000  -0.000
 0.32010   1.003   0.003     0.01     0.01 2.4236e+01  -0.000  -0.000
 0.34010   1.004   0.004     0.01     0.01 2.4236e+01  -0.000  -0.000
 0.36010   1.004   0.004     0.01     0.01 2.4236e+01  -0.000  -0.000
 0.38010   1.004   0.004     0.01     0.01 2.4236e+01  -0.000  -0.000
 0.40010   1.004   0.004     0.01     0.01 2.4236e+01  -0.000  -0.000
