 0.02010   0.000  -0.023     0.00    -1.12 -2.6302e-03   0.109   0.002
 0.04000   0.000  -0.045     0.00    -1.12 3.7343e-03   0.109   0.005
 0.06000   0.000  -0.067     0.01    -1.12 1.2914e-01   0.109   0.007
 0.08000   0.000  -0.090     0.01    -1.12 4.9773e-01   0.108   0.010
 0.10000   0.001  -0.112     0.01    -1.12 7.1369e-01   0.106   0.012
 0.12000   0.001  -0.135     0.01    -1.12 7.2328e-01   0.104   0.014
 0.14000   0.001  -0.157     0.02    -1.12 6.8264e-01   0.102   0.016
 0.16010   0.001  -0.180     0.02    -1.12 6.3795e-01   0.100   0.017
 0.18010   0.002  -0.202     0.02    -1.12 5.9936e-01   0.098   0.019
 0.20010   0.002  -0.225     0.02    -1.12 5.6809e-01   0.096   0.021
 0.22010   0.003  -0.247     0.02    -1.12 5.4359e-01   0.094   0.023
 0.24010   0.003  -0.269     0.02    -1.12 5.2486e-01   0.092   0.024
 0.26010   0.004  -0.292     0.03    -1.12 5.1072e-01   0.091   0.026
 0.28010   0.004  -0.314     0.03    -1.12 5.0004e-01   0.089   0.027
 0.30010   0.005  -0.336     0.03    -1.12 4.9179e-01   0.087   0.028
 0.32010   0.005  -0.359     0.03    -1.12 4.8514e-01   0.086   0.030
 0.34010   0.006  -0.381     0.03    -1.12 4.7958e-01   0.084   0.031
 0.36010   0.007  -0.403     0.04    -1.12 4.7500e-01   0.082   0.032
 0.38010   0.007  -0.426     0.04    -1.12 4.7181e-01   0.081   0.033
 0.40010   0.008  -0.448     0.04    -1.11 4.7115e-01   0.079   0.034
 0.42010   0.009  -0.470     0.04    -1.11 4.7526e-01   0.077   0.035
 0.44010   0.010  -0.493     0.04    -1.11 4.8821e-01   0.075   0.036
 0.46010   0.011  -0.515     0.04    -1.11 5.1669e-01   0.073   0.036
 0.48010   0.011  -0.537     0.04    -1.11 5.6995e-01   0.071   0.037
 0.50010   0.012  -0.559     0.05    -1.11 6.5425e-01   0.069   0.037
 0.52010   0.013  -0.582     0.05    -1.11 7.5898e-01   0.067   0.038
 0.54010   0.014  -0.604     0.05    -1.11 8.5352e-01   0.065   0.038
 0.56010   0.015  -0.626     0.05    -1.11 9.1495e-01   0.063   0.038
 0.58010   0.016  -0.648     0.05    -1.11 9.4416e-01   0.061   0.038
 0.60010   0.017  -0.670     0.05    -1.11 9.5228e-01   0.059   0.038
 0.62010   0.018  -0.692     0.05    -1.11 9.4888e-01   0.058   0.038
 0.64010   0.019  -0.715     0.05    -1.11 9.3976e-01   0.056   0.037
 0.66010   0.021  -0.737     0.06    -1.11 9.2808e-01   0.054   0.037
 0.68010   0.022  -0.759     0.06    -1.10 9.1550e-01   0.052   0.037
 0.70010   0.023  -0.781     0.06    -1.10 9.0287e-01   0.050   0.037
 0.72010   0.024  -0.803     0.06    -1.10 8.9064e-01   0.049   0.036
 0.74010   0.025  -0.825     0.06    -1.10 8.7899e-01   0.047   0.036
 0.76010   0.026  -0.847     0.06    -1.10 8.6803e-01   0.046   0.036
 0.78010   0.028  -0.869     0.06    -1.10 8.5778e-01   0.044   0.035
 0.80010   0.029  -0.891     0.06    -1.10 8.4822e-01   0.043   0.035
 0.82010   0.030  -0.913     0.06    -1.10 8.3933e-01   0.042   0.035
 0.84010   0.031  -0.935     0.06    -1.10 8.3108e-01   0.040   0.034
 0.86010   0.033  -0.957     0.06    -1.10 8.2343e-01   0.039   0.034
 0.88010   0.034  -0.979     0.07    -1.10 8.1632e-01   0.038   0.034
 0.90010   0.035  -1.001     0.07    -1.10 8.0973e-01   0.037   0.033
 0.92010   0.037  -1.023     0.07    -1.10 8.0360e-01   0.036   0.033
 0.94010   0.038  -1.045     0.07    -1.10 7.9792e-01   0.035   0.033
 0.96010   0.039  -1.067     0.07    -1.09 7.9263e-01   0.034   0.032
 0.98010   0.041  -1.088     0.07    -1.09 7.8772e-01   0.033   0.032
 1.00010   0.042  -1.110     0.07    -1.09 7.8313e-01   0.032   0.032
 1.02010   0.043  -1.132     0.07    -1.09 7.7886e-01   0.031   0.031
 1.04010   0.045  -1.154     0.07    -1.09 7.7487e-01   0.030   0.031
 1.06010   0.046  -1.176     0.07    -1.09 7.7115e-01   0.029   0.031
 1.08010   0.048  -1.198     0.07    -1.09 7.6766e-01   0.028   0.030
 1.10010   0.049  -1.220     0.07    -1.09 7.6438e-01   0.027   0.030
 1.12010   0.051  -1.241     0.07    -1.09 7.6132e-01   0.026   0.030
 1.14010   0.052  -1.263     0.07    -1.09 7.5844e-01   0.026   0.029
 1.16010   0.054  -1.285     0.07    -1.09 7.5574e-01   0.025   0.029
 1.18010   0.055  -1.307     0.07    -1.09 7.5320e-01   0.024   0.029
 1.20010   0.057  -1.328     0.08    -1.09 7.5083e-01   0.024   0.028
 1.22010   0.058  -1.350     0.08    -1.09 7.4862e-01   0.023   0.028
 1.24010   0.060  -1.372     0.08    -1.09 7.4657e-01   0.022   0.028
 1.26010   0.061  -1.394     0.08    -1.09 7.4467e-01   0.022   0.027
 1.28010   0.063  -1.415     0.08    -1.09 7.4294e-01   0.021   0.027
 1.30010   0.064  -1.437     0.08    -1.08 7.4140e-01   0.020   0.027
 1.32010   0.066  -1.459     0.08    -1.08 7.4004e-01   0.020   0.026
 1.34010   0.067  -1.480     0.08    -1.08 7.3890e-01   0.019   0.026
 1.36010   0.069  -1.502     0.08    -1.08 7.3800e-01   0.019   0.026
 1.38010   0.071  -1.524     0.08    -1.08 7.3739e-01   0.018   0.025
 1.40010   0.072  -1.545     0.08    -1.08 7.3709e-01   0.018   0.025
 1.42010   0.074  -1.567     0.08    -1.08 7.3719e-01   0.017   0.025
 1.44010   0.075  -1.589     0.08    -1.08 7.3774e-01   0.017   0.024
 1.46010   0.077  -1.610     0.08    -1.08 7.3883e-01   0.016   0.024
 1.48010   0.079  -1.632     0.08    -1.08 7.4060e-01   0.016   0.024
 1.50010   0.080  -1.653     0.08    -1.08 7.4317e-01   0.015   0.023
 1.52010   0.082  -1.675     0.08    -1.08 7.4673e-01   0.015   0.023
 1.54010   0.083  -1.697     0.08    -1.08 7.5149e-01   0.015   0.023
 1.56010   0.085  -1.718     0.08    -1.08 7.5773e-01   0.014   0.022
 1.58010   0.087  -1.740     0.08    -1.08 7.6576e-01   0.014   0.022
 1.60010   0.088  -1.761     0.08    -1.08 7.7594e-01   0.014   0.022
 1.62010   0.090  -1.783     0.08    -1.08 7.8868e-01   0.013   0.021
 1.64010   0.092  -1.804     0.08    -1.08 8.0434e-01   0.013   0.021
 1.66010   0.093  -1.826     0.08    -1.08 8.2321e-01   0.012   0.021
 1.68010   0.095  -1.847     0.08    -1.08 8.4537e-01   0.012   0.021
 1.70010   0.097  -1.869     0.08    -1.08 8.7050e-01   0.012   0.020
 1.72010   0.098  -1.890     0.08    -1.07 8.9783e-01   0.012   0.020
 1.74010   0.100  -1.912     0.08    -1.07 9.2610e-01   0.011   0.020
 1.76010   0.102  -1.933     0.08    -1.07 9.5371e-01   0.011   0.019
 1.78010   0.103  -1.955     0.08    -1.07 9.7913e-01   0.011   0.019
 1.80010   0.105  -1.976     0.08    -1.07 1.0012e+00   0.010   0.019
 1.82010   0.107  -1.998     0.09    -1.07 1.0192e+00   0.010   0.018
 1.84010   0.108  -2.019     0.09    -1.07 1.0332e+00   0.010   0.018
 1.86010   0.110  -2.041     0.09    -1.07 1.0433e+00   0.010   0.018
 1.88010   0.112  -2.062     0.09    -1.07 1.0503e+00   0.010   0.018
 1.90010   0.114  -2.084     0.09    -1.07 1.0546e+00   0.009   0.017
 1.92010   0.115  -2.105     0.09    -1.07 1.0568e+00   0.009   0.017
 1.94010   0.117  -2.126     0.09    -1.07 1.0573e+00   0.009   0.017
 1.96010   0.119  -2.148     0.09    -1.07 1.0566e+00   0.009   0.017
 1.98010   0.120  -2.169     0.09    -1.07 1.0551e+00   0.008   0.016
 2.00010   0.122  -2.191     0.09    -1.07 1.0528e+00   0.008   0.016
 2.02010   0.124  -2.212     0.09    -1.07 1.0500e+00   0.008   0.016
 2.04010   0.126  -2.233     0.09    -1.07 1.0470e+00   0.008   0.016
 2.06010   0.127  -2.255     0.09    -1.07 1.0436e+00   0.008   0.015
 2.08010   0.129  -2.276     0.09    -1.07 1.0402e+00   0.008   0.015
 2.10000   0.131  -2.297     0.09    -1.07 1.0366e+00   0.007   0.015
 2.12000   0.133  -2.319     0.09    -1.07 1.0330e+00   0.007   0.015
 2.14000   0.134  -2.340     0.09    -1.07 1.0294e+00   0.007   0.015
 2.16000   0.136  -2.362     0.09    -1.07 1.0258e+00   0.007   0.014
 2.18000   0.138  -2.383     0.09    -1.07 1.0222e+00   0.007   0.014
 2.20000   0.140  -2.404     0.09    -1.07 1.0187e+00   0.007   0.014
 2.22000   0.141  -2.426     0.09    -1.07 1.0153e+00   0.007   0.014
 2.24000   0.143  -2.447     0.09    -1.07 1.0119e+00   0.006   0.014
 2.26000   0.145  -2.468     0.09    -1.07 1.0086e+00   0.006   0.013
 2.28000   0.147  -2.489     0.09    -1.07 1.0054e+00   0.006   0.013
 2.30000   0.149  -2.511     0.09    -1.07 1.0023e+00   0.006   0.013
 2.32000   0.150  -2.532     0.09    -1.07 9.9919e-01   0.006   0.013
 2.34000   0.152  -2.553     0.09    -1.06 9.9620e-01   0.006   0.013
 2.36000   0.154  -2.575     0.09    -1.06 9.9329e-01   0.006   0.013
 2.38000   0.156  -2.596     0.09    -1.06 9.9046e-01   0.006   0.012
 2.40000   0.157  -2.617     0.09    -1.06 9.8770e-01   0.005   0.012
 2.42000   0.159  -2.639     0.09    -1.06 9.8502e-01   0.005   0.012
 2.44000   0.161  -2.660     0.09    -1.06 9.8241e-01   0.005   0.012
 2.46000   0.163  -2.681     0.09    -1.06 9.7987e-01   0.005   0.012
 2.48000   0.165  -2.702     0.09    -1.06 9.7739e-01   0.005   0.012
 2.50000   0.166  -2.724     0.09    -1.06 9.7498e-01   0.005   0.011
 2.52000   0.168  -2.745     0.09    -1.06 9.7264e-01   0.005   0.011
 2.54000   0.170  -2.766     0.09    -1.06 9.7036e-01   0.005   0.011
 2.56000   0.172  -2.787     0.09    -1.06 9.6814e-01   0.005   0.011
 2.58000   0.174  -2.809     0.09    -1.06 9.6597e-01   0.005   0.011
 2.60000   0.175  -2.830     0.09    -1.06 9.6387e-01   0.005   0.011
 2.62000   0.177  -2.851     0.09    -1.06 9.6181e-01   0.004   0.011
 2.64000   0.179  -2.872     0.09    -1.06 9.5981e-01   0.004   0.010
 2.66000   0.181  -2.894     0.09    -1.06 9.5786e-01   0.004   0.010
 2.68000   0.183  -2.915     0.09    -1.06 9.5596e-01   0.004   0.010
 2.70000   0.185  -2.936     0.09    -1.06 9.5411e-01   0.004   0.010
 2.72000   0.186  -2.957     0.09    -1.06 9.5230e-01   0.004   0.010
 2.74000   0.188  -2.978     0.09    -1.06 9.5054e-01   0.004   0.010
 2.76000   0.190  -3.000     0.09    -1.06 9.4882e-01   0.004   0.010
 2.78000   0.192  -3.021     0.09    -1.06 9.4714e-01   0.004   0.010
 2.80000   0.194  -3.042     0.09    -1.06 9.4551e-01   0.004   0.010
 2.82000   0.195  -3.063     0.09    -1.06 9.4391e-01   0.004   0.009
 2.84000   0.197  -3.084     0.09    -1.06 9.4235e-01   0.004   0.009
 2.86000   0.199  -3.106     0.09    -1.06 9.4082e-01   0.004   0.009
 2.88000   0.201  -3.127     0.09    -1.06 9.3933e-01   0.004   0.009
 2.90000   0.203  -3.148     0.09    -1.06 9.3788e-01   0.003   0.009
 2.92000   0.205  -3.169     0.09    -1.06 9.3645e-01   0.003   0.009
 2.94000   0.206  -3.190     0.09    -1.06 9.3506e-01   0.003   0.009
 2.96000   0.208  -3.212     0.09    -1.06 9.3370e-01   0.003   0.009
 2.98000   0.210  -3.233     0.09    -1.06 9.3237e-01   0.003   0.009
 3.00000   0.212  -3.254     0.09    -1.06 9.3107e-01   0.003   0.009
 3.02000   0.214  -3.275     0.09    -1.06 9.2980e-01   0.003   0.008
 3.04000   0.216  -3.296     0.09    -1.06 9.2856e-01   0.003   0.008
 3.06000   0.218  -3.317     0.09    -1.06 9.2734e-01   0.003   0.008
 3.08000   0.219  -3.338     0.09    -1.06 9.2615e-01   0.003   0.008
 3.10000   0.221  -3.360     0.09    -1.06 9.2498e-01   0.003   0.008
 3.12000   0.223  -3.381     0.09    -1.06 9.2384e-01   0.003   0.008
 3.14000   0.225  -3.402     0.09    -1.06 9.2272e-01   0.003   0.008
 3.16000   0.227  -3.423     0.09    -1.06 9.2163e-01   0.003   0.008
 3.18000   0.229  -3.444     0.09    -1.06 9.2056e-01   0.003   0.008
 3.20000   0.230  -3.465     0.09    -1.06 9.1951e-01   0.003   0.008
 3.22000   0.232  -3.486     0.09    -1.06 9.1848e-01   0.003   0.008
 3.24000   0.234  -3.508     0.09    -1.06 9.1747e-01   0.003   0.008
 3.26000   0.236  -3.529     0.09    -1.06 9.1649e-01   0.003   0.007
 3.28000   0.238  -3.550     0.09    -1.06 9.1552e-01   0.003   0.007
 3.30000   0.240  -3.571     0.09    -1.06 9.1457e-01   0.002   0.007
 3.32000   0.242  -3.592     0.09    -1.06 9.1364e-01   0.002   0.007
 3.34000   0.243  -3.613     0.09    -1.06 9.1273e-01   0.002   0.007
 3.36000   0.245  -3.634     0.09    -1.06 9.1184e-01   0.002   0.007
 3.38000   0.247  -3.655     0.09    -1.06 9.1097e-01   0.002   0.007
 3.40000   0.249  -3.676     0.09    -1.06 9.1011e-01   0.002   0.007
 3.42000   0.251  -3.698     0.09    -1.05 9.0927e-01   0.002   0.007
 3.44000   0.253  -3.719     0.09    -1.05 9.0845e-01   0.002   0.007
 3.46000   0.255  -3.740     0.09    -1.05 9.0764e-01   0.002   0.007
 3.48000   0.256  -3.761     0.09    -1.05 9.0685e-01   0.002   0.007
 3.50000   0.258  -3.782     0.09    -1.05 9.0608e-01   0.002   0.007
 3.52000   0.260  -3.803     0.09    -1.05 9.0532e-01   0.002   0.007
 3.54000   0.262  -3.824     0.09    -1.05 9.0458e-01   0.002   0.007
 3.56000   0.264  -3.845     0.09    -1.05 9.0385e-01   0.002   0.006
 3.58000   0.266  -3.866     0.09    -1.05 9.0314e-01   0.002   0.006
 3.60000   0.268  -3.887     0.09    -1.05 9.0244e-01   0.002   0.006
 3.62000   0.270  -3.908     0.09    -1.05 9.0176e-01   0.002   0.006
 3.64000   0.271  -3.929     0.09    -1.05 9.0109e-01   0.002   0.006
 3.66000   0.273  -3.951     0.09    -1.05 9.0044e-01   0.002   0.006
 3.68000   0.275  -3.972     0.09    -1.05 8.9980e-01   0.002   0.006
 3.70000   0.277  -3.993     0.09    -1.05 8.9917e-01   0.002   0.006
 3.72000   0.279  -4.014     0.09    -1.05 8.9856e-01   0.002   0.006
 3.74000   0.281  -4.035     0.09    -1.05 8.9797e-01   0.002   0.006
 3.76000   0.283  -4.056     0.09    -1.05 8.9738e-01   0.002   0.006
 3.78000   0.285  -4.077     0.09    -1.05 8.9682e-01   0.002   0.006
 3.80000   0.286  -4.098     0.09    -1.05 8.9626e-01   0.002   0.006
 3.82000   0.288  -4.119     0.09    -1.05 8.9573e-01   0.002   0.006
 3.84000   0.290  -4.140     0.09    -1.05 8.9520e-01   0.002   0.006
 3.86000   0.292  -4.161     0.09    -1.05 8.9469e-01   0.002   0.006
 3.88000   0.294  -4.182     0.09    -1.05 8.9420e-01   0.002   0.006
 3.90000   0.296  -4.203     0.09    -1.05 8.9372e-01   0.002   0.006
 3.92000   0.298  -4.224     0.09    -1.05 8.9326e-01   0.002   0.005
 3.94000   0.300  -4.245     0.09    -1.05 8.9281e-01   0.002   0.005
 3.96000   0.301  -4.266     0.09    -1.05 8.9237e-01   0.002   0.005
 3.98000   0.303  -4.287     0.09    -1.05 8.9196e-01   0.001   0.005
 4.00000   0.305  -4.308     0.09    -1.05 8.9156e-01   0.001   0.005
 4.02000   0.307  -4.329     0.09    -1.05 8.9117e-01   0.001   0.005
 4.04000   0.309  -4.350     0.09    -1.05 8.9081e-01   0.001   0.005
 4.06000   0.311  -4.371     0.09    -1.05 8.9046e-01   0.001   0.005
 4.08000   0.313  -4.392     0.09    -1.05 8.9013e-01   0.001   0.005
 4.10000   0.315  -4.413     0.09    -1.05 8.8981e-01   0.001   0.005
 4.12000   0.316  -4.434     0.09    -1.05 8.8952e-01   0.001   0.005
 4.14000   0.318  -4.455     0.09    -1.05 8.8925e-01   0.001   0.005
 4.16000   0.320  -4.476     0.09    -1.05 8.8900e-01   0.001   0.005
 4.18000   0.322  -4.497     0.09    -1.05 8.8876e-01   0.001   0.005
 4.20000   0.324  -4.519     0.09    -1.05 8.8856e-01   0.001   0.005
 4.22000   0.326  -4.540     0.09    -1.05 8.8837e-01   0.001   0.005
 4.24000   0.328  -4.561     0.09    -1.05 8.8821e-01   0.001   0.005
 4.26000   0.330  -4.582     0.09    -1.05 8.8807e-01   0.001   0.005
 4.28000   0.332  -4.603     0.09    -1.05 8.8797e-01   0.001   0.005
 4.30000   0.333  -4.624     0.09    -1.05 8.8788e-01   0.001   0.005
 4.32000   0.335  -4.645     0.09    -1.05 8.8783e-01   0.001   0.005
 4.34000   0.337  -4.666     0.09    -1.05 8.8781e-01   0.001   0.005
 4.36000   0.339  -4.686     0.09    -1.05 8.8783e-01   0.001   0.005
 4.38000   0.341  -4.707     0.09    -1.05 8.8787e-01   0.001   0.005
 4.40000   0.343  -4.728     0.09    -1.05 8.8796e-01   0.001   0.004
 4.42000   0.345  -4.749     0.09    -1.05 8.8808e-01   0.001   0.004
 4.44000   0.347  -4.770     0.09    -1.05 8.8824e-01   0.001   0.004
 4.46000   0.349  -4.791     0.09    -1.05 8.8845e-01   0.001   0.004
 4.48000   0.351  -4.812     0.09    -1.05 8.8870e-01   0.001   0.004
 4.50000   0.352  -4.833     0.09    -1.05 8.8900e-01   0.001   0.004
 4.52000   0.354  -4.854     0.09    -1.05 8.8936e-01   0.001   0.004
 4.54000   0.356  -4.875     0.09    -1.05 8.8977e-01   0.001   0.004
 4.56000   0.358  -4.896     0.09    -1.05 8.9024e-01   0.001   0.004
 4.58000   0.360  -4.917     0.09    -1.05 8.9078e-01   0.001   0.004
 4.60000   0.362  -4.938     0.09    -1.05 8.9139e-01   0.001   0.004
 4.62000   0.364  -4.959     0.09    -1.05 8.9207e-01   0.001   0.004
 4.64000   0.366  -4.980     0.09    -1.05 8.9283e-01   0.001   0.004
 4.66000   0.368  -5.001     0.09    -1.05 8.9367e-01   0.001   0.004
 4.68000   0.370  -5.022     0.09    -1.05 8.9461e-01   0.001   0.004
 4.70000   0.371  -5.043     0.09    -1.05 8.9565e-01   0.001   0.004
 4.72000   0.373  -5.064     0.10    -1.05 8.9680e-01   0.001   0.004
 4.74000   0.375  -5.085     0.10    -1.05 8.9806e-01   0.001   0.004
 4.76000   0.377  -5.106     0.10    -1.05 8.9945e-01   0.001   0.004
 4.78000   0.379  -5.127     0.10    -1.05 9.0097e-01   0.001   0.004
 4.80000   0.381  -5.148     0.10    -1.05 9.0264e-01   0.001   0.004
 4.82000   0.383  -5.169     0.10    -1.05 9.0447e-01   0.001   0.004
 4.84000   0.385  -5.190     0.10    -1.05 9.0646e-01   0.001   0.004
 4.86000   0.387  -5.211     0.10    -1.05 9.0864e-01   0.001   0.004
 4.88000   0.389  -5.232     0.10    -1.05 9.1102e-01   0.001   0.004
 4.90000   0.390  -5.253     0.10    -1.05 9.1361e-01   0.001   0.004
 4.92000   0.392  -5.274     0.10    -1.05 9.1643e-01   0.001   0.004
 4.94000   0.394  -5.295     0.10    -1.05 9.1949e-01   0.001   0.004
 4.96000   0.396  -5.315     0.10    -1.05 9.2281e-01   0.001   0.004
 4.98000   0.398  -5.336     0.10    -1.05 9.2642e-01   0.001   0.004
 5.00000   0.400  -5.357     0.10    -1.05 9.3031e-01   0.001   0.004
 5.02000   0.402  -5.378     0.10    -1.05 9.3452e-01   0.001   0.004
 5.04000   0.404  -5.399     0.10    -1.05 9.3905e-01   0.001   0.004
 5.06000   0.406  -5.420     0.10    -1.05 9.4392e-01   0.001   0.003
 5.08000   0.408  -5.441     0.10    -1.05 9.4913e-01   0.001   0.003
 5.10000   0.409  -5.462     0.10    -1.05 9.5469e-01   0.001   0.003
 5.12000   0.411  -5.483     0.10    -1.05 9.6060e-01   0.001   0.003
 5.14000   0.413  -5.504     0.10    -1.05 9.6685e-01   0.001   0.003
 5.16000   0.415  -5.525     0.10    -1.05 9.7343e-01   0.001   0.003
 5.18000   0.417  -5.546     0.10    -1.05 9.8030e-01   0.001   0.003
 5.20000   0.419  -5.567     0.10    -1.05 9.8744e-01   0.001   0.003
 5.22000   0.421  -5.588     0.10    -1.05 9.9480e-01   0.001   0.003
 5.24000   0.423  -5.609     0.10    -1.05 1.0023e+00   0.001   0.003
 5.26000   0.425  -5.629     0.10    -1.05 1.0099e+00   0.001   0.003
 5.28000   0.427  -5.650     0.10    -1.05 1.0176e+00   0.001   0.003
 5.30000   0.429  -5.671     0.10    -1.05 1.0252e+00   0.001   0.003
 5.32000   0.430  -5.692     0.10    -1.05 1.0327e+00   0.001   0.003
 5.34000   0.432  -5.713     0.10    -1.05 1.0400e+00   0.001   0.003
 5.36000   0.434  -5.734     0.10    -1.05 1.0470e+00   0.001   0.003
 5.38000   0.436  -5.755     0.10    -1.05 1.0537e+00   0.001   0.003
 5.40000   0.438  -5.776     0.10    -1.05 1.0600e+00   0.001   0.003
 5.42000   0.440  -5.797     0.10    -1.05 1.0659e+00   0.001   0.003
 5.44000   0.442  -5.818     0.10    -1.05 1.0714e+00   0.001   0.003
 5.46000   0.444  -5.839     0.10    -1.05 1.0763e+00   0.001   0.003
 5.48000   0.446  -5.860     0.10    -1.05 1.0808e+00   0.001   0.003
 5.50000   0.448  -5.880     0.10    -1.05 1.0848e+00   0.001   0.003
 5.52000   0.450  -5.901     0.10    -1.05 1.0883e+00   0.001   0.003
 5.54000   0.451  -5.922     0.10    -1.05 1.0914e+00   0.001   0.003
 5.56000   0.453  -5.943     0.10    -1.05 1.0941e+00   0.001   0.003
 5.58000   0.455  -5.964     0.10    -1.05 1.0963e+00   0.001   0.003
 5.60000   0.457  -5.985     0.10    -1.05 1.0982e+00   0.001   0.003
 5.62000   0.459  -6.006     0.10    -1.05 1.0998e+00   0.001   0.003
 5.64000   0.461  -6.027     0.10    -1.04 1.1010e+00   0.001   0.003
 5.66000   0.463  -6.048     0.10    -1.04 1.1020e+00   0.001   0.003
 5.68000   0.465  -6.069     0.10    -1.04 1.1027e+00   0.001   0.003
 5.70000   0.467  -6.089     0.10    -1.04 1.1032e+00   0.001   0.003
 5.72000   0.469  -6.110     0.10    -1.04 1.1034e+00   0.001   0.003
 5.74010   0.471  -6.131     0.10    -1.04 1.1035e+00   0.001   0.003
 5.76010   0.473  -6.152     0.10    -1.04 1.1035e+00   0.001   0.003
 5.78010   0.474  -6.173     0.10    -1.04 1.1032e+00   0.001   0.003
 5.80010   0.476  -6.194     0.10    -1.04 1.1029e+00   0.001   0.003
 5.82010   0.478  -6.215     0.10    -1.04 1.1025e+00   0.001   0.003
 5.84010   0.480  -6.236     0.10    -1.04 1.1019e+00   0.001   0.003
 5.86010   0.482  -6.257     0.10    -1.04 1.1013e+00   0.001   0.003
 5.88010   0.484  -6.278     0.10    -1.04 1.1006e+00   0.001   0.003
 5.90010   0.486  -6.298     0.10    -1.04 1.0998e+00   0.001   0.003
 5.92010   0.488  -6.319     0.10    -1.04 1.0990e+00   0.001   0.003
 5.94010   0.490  -6.340     0.10    -1.04 1.0982e+00   0.001   0.003
 5.96010   0.492  -6.361     0.10    -1.04 1.0973e+00   0.001   0.003
 5.98010   0.494  -6.382     0.10    -1.04 1.0963e+00   0.001   0.003
 6.00010   0.496  -6.403     0.10    -1.04 1.0954e+00   0.000   0.003
 6.02010   0.497  -6.424     0.10    -1.04 1.0944e+00   0.000   0.003
 6.04010   0.499  -6.445     0.10    -1.04 1.0934e+00   0.000   0.003
 6.06010   0.501  -6.466     0.10    -1.04 1.0924e+00   0.000   0.002
 6.08010   0.503  -6.486     0.10    -1.04 1.0913e+00   0.000   0.002
 6.10010   0.505  -6.507     0.10    -1.04 1.0903e+00   0.000   0.002
 6.12010   0.507  -6.528     0.10    -1.04 1.0893e+00   0.000   0.002
 6.14010   0.509  -6.549     0.10    -1.04 1.0882e+00   0.000   0.002
 6.16010   0.511  -6.570     0.10    -1.04 1.0872e+00   0.000   0.002
 6.18010   0.513  -6.591     0.10    -1.04 1.0861e+00   0.000   0.002
 6.20010   0.515  -6.612     0.10    -1.04 1.0851e+00   0.000   0.002
 6.22010   0.517  -6.633     0.10    -1.04 1.0840e+00   0.000   0.002
 6.24010   0.519  -6.653     0.10    -1.04 1.0830e+00   0.000   0.002
 6.26010   0.520  -6.674     0.10    -1.04 1.0819e+00   0.000   0.002
 6.28010   0.522  -6.695     0.10    -1.04 1.0809e+00   0.000   0.002
 6.30010   0.524  -6.716     0.10    -1.04 1.0799e+00   0.000   0.002
 6.32010   0.526  -6.737     0.10    -1.04 1.0789e+00   0.000   0.002
 6.34010   0.528  -6.758     0.10    -1.04 1.0778e+00   0.000   0.002
 6.36010   0.530  -6.779     0.10    -1.04 1.0768e+00   0.000   0.002
 6.38010   0.532  -6.799     0.10    -1.04 1.0758e+00   0.000   0.002
 6.40010   0.534  -6.820     0.10    -1.04 1.0749e+00   0.000   0.002
 6.42010   0.536  -6.841     0.10    -1.04 1.0739e+00   0.000   0.002
 6.44010   0.538  -6.862     0.10    -1.04 1.0729e+00   0.000   0.002
 6.46010   0.540  -6.883     0.10    -1.04 1.0720e+00   0.000   0.002
 6.48010   0.542  -6.904     0.10    -1.04 1.0710e+00   0.000   0.002
 6.50010   0.544  -6.925     0.10    -1.04 1.0701e+00   0.000   0.002
 6.52010   0.545  -6.945     0.10    -1.04 1.0691e+00   0.000   0.002
 6.54010   0.547  -6.966     0.10    -1.04 1.0682e+00   0.000   0.002
 6.56010   0.549  -6.987     0.10    -1.04 1.0673e+00   0.000   0.002
 6.58010   0.551  -7.008     0.10    -1.04 1.0664e+00   0.000   0.002
 6.60010   0.553  -7.029     0.10    -1.04 1.0655e+00   0.000   0.002
 6.62010   0.555  -7.050     0.10    -1.04 1.0646e+00   0.000   0.002
 6.64010   0.557  -7.071     0.10    -1.04 1.0638e+00   0.000   0.002
 6.66010   0.559  -7.091     0.10    -1.04 1.0629e+00   0.000   0.002
 6.68010   0.561  -7.112     0.10    -1.04 1.0621e+00   0.000   0.002
 6.70010   0.563  -7.133     0.10    -1.04 1.0612e+00   0.000   0.002
 6.72010   0.565  -7.154     0.10    -1.04 1.0604e+00   0.000   0.002
 6.74010   0.567  -7.175     0.10    -1.04 1.0596e+00   0.000   0.002
 6.76010   0.569  -7.196     0.10    -1.04 1.0588e+00   0.000   0.002
 6.78010   0.570  -7.216     0.10    -1.04 1.0580e+00   0.000   0.002
 6.80010   0.572  -7.237     0.10    -1.04 1.0572e+00   0.000   0.002
 6.82010   0.574  -7.258     0.10    -1.04 1.0564e+00   0.000   0.002
 6.84010   0.576  -7.279     0.10    -1.04 1.0556e+00   0.000   0.002
 6.86010   0.578  -7.300     0.10    -1.04 1.0549e+00   0.000   0.002
 6.88010   0.580  -7.321     0.10    -1.04 1.0541e+00   0.000   0.002
 6.90010   0.582  -7.342     0.10    -1.04 1.0534e+00   0.000   0.002
 6.92010   0.584  -7.362     0.10    -1.04 1.0526e+00   0.000   0.002
 6.94010   0.586  -7.383     0.10    -1.04 1.0519e+00   0.000   0.002
 6.96010   0.588  -7.404     0.10    -1.04 1.0512e+00   0.000   0.002
 6.98010   0.590  -7.425     0.10    -1.04 1.0505e+00   0.000   0.002
 7.00010   0.592  -7.446     0.10    -1.04 1.0498e+00   0.000   0.002
 7.02010   0.594  -7.467     0.10    -1.04 1.0491e+00   0.000   0.002
 7.04010   0.595  -7.487     0.10    -1.04 1.0484e+00   0.000   0.002
 7.06010   0.597  -7.508     0.10    -1.04 1.0477e+00   0.000   0.002
 7.08010   0.599  -7.529     0.10    -1.04 1.0470e+00   0.000   0.002
 7.10010   0.601  -7.550     0.10    -1.04 1.0464e+00   0.000   0.002
 7.12010   0.603  -7.571     0.10    -1.04 1.0457e+00   0.000   0.002
 7.14010   0.605  -7.592     0.10    -1.04 1.0451e+00   0.000   0.002
 7.16010   0.607  -7.612     0.10    -1.04 1.0444e+00   0.000   0.002
 7.18010   0.609  -7.633     0.10    -1.04 1.0438e+00   0.000   0.002
 7.20010   0.611  -7.654     0.10    -1.04 1.0432e+00   0.000   0.002
 7.22010   0.613  -7.675     0.10    -1.04 1.0425e+00   0.000   0.002
 7.24010   0.615  -7.696     0.10    -1.04 1.0419e+00   0.000   0.002
 7.26010   0.617  -7.717     0.10    -1.04 1.0413e+00   0.000   0.002
 7.28010   0.619  -7.737     0.10    -1.04 1.0407e+00   0.000   0.002
 7.30010   0.621  -7.758     0.10    -1.04 1.0401e+00   0.000   0.002
 7.32010   0.622  -7.779     0.10    -1.04 1.0395e+00   0.000   0.002
 7.34010   0.624  -7.800     0.10    -1.04 1.0390e+00   0.000   0.002
 7.36010   0.626  -7.821     0.10    -1.04 1.0384e+00   0.000   0.002
 7.38010   0.628  -7.841     0.10    -1.04 1.0378e+00   0.000   0.002
 7.40010   0.630  -7.862     0.10    -1.04 1.0373e+00   0.000   0.002
 7.42010   0.632  -7.883     0.10    -1.04 1.0367e+00   0.000   0.002
 7.44010   0.634  -7.904     0.10    -1.04 1.0361e+00   0.000   0.002
 7.46010   0.636  -7.925     0.10    -1.04 1.0356e+00   0.000   0.002
 7.48010   0.638  -7.946     0.10    -1.04 1.0351e+00   0.000   0.002
 7.50010   0.640  -7.966     0.10    -1.04 1.0345e+00   0.000   0.002
 7.52010   0.642  -7.987     0.10    -1.04 1.0340e+00   0.000   0.002
 7.54010   0.644  -8.008     0.10    -1.04 1.0335e+00   0.000   0.002
 7.56010   0.646  -8.029     0.10    -1.04 1.0330e+00   0.000   0.002
 7.58010   0.648  -8.050     0.10    -1.04 1.0324e+00   0.000   0.002
 7.60010   0.649  -8.070     0.10    -1.04 1.0319e+00   0.000   0.002
 7.62010   0.651  -8.091     0.10    -1.04 1.0314e+00   0.000   0.002
 7.64010   0.653  -8.112     0.10    -1.04 1.0309e+00   0.000   0.002
 7.66010   0.655  -8.133     0.10    -1.04 1.0304e+00   0.000   0.002
 7.68010   0.657  -8.154     0.10    -1.04 1.0300e+00   0.000   0.002
 7.70010   0.659  -8.175     0.10    -1.04 1.0295e+00   0.000   0.002
 7.72010   0.661  -8.195     0.10    -1.04 1.0290e+00   0.000   0.002
 7.74010   0.663  -8.216     0.10    -1.04 1.0285e+00   0.000   0.002
 7.76010   0.665  -8.237     0.10    -1.04 1.0281e+00   0.000   0.002
 7.78010   0.667  -8.258     0.10    -1.04 1.0276e+00   0.000   0.002
 7.80010   0.669  -8.279     0.10    -1.04 1.0271e+00   0.000   0.002
 7.82010   0.671  -8.299     0.10    -1.04 1.0267e+00   0.000   0.002
 7.84010   0.673  -8.320     0.10    -1.04 1.0262e+00   0.000   0.002
 7.86010   0.675  -8.341     0.10    -1.04 1.0258e+00   0.000   0.002
 7.88010   0.676  -8.362     0.10    -1.04 1.0253e+00   0.000   0.002
 7.90010   0.678  -8.383     0.10    -1.04 1.0249e+00   0.000   0.002
 7.92010   0.680  -8.403     0.10    -1.04 1.0245e+00   0.000   0.001
 7.94010   0.682  -8.424     0.10    -1.04 1.0240e+00   0.000   0.001
 7.96010   0.684  -8.445     0.10    -1.04 1.0236e+00   0.000   0.001
 7.98010   0.686  -8.466     0.10    -1.04 1.0232e+00   0.000   0.001
 8.00010   0.688  -8.487     0.10    -1.04 1.0228e+00   0.000   0.001
 8.02010   0.690  -8.507     0.10    -1.04 1.0224e+00   0.000   0.001
 8.04010   0.692  -8.528     0.10    -1.04 1.0219e+00   0.000   0.001
 8.06010   0.694  -8.549     0.10    -1.04 1.0215e+00   0.000   0.001
 8.08010   0.696  -8.570     0.10    -1.04 1.0211e+00   0.000   0.001
 8.10010   0.698  -8.591     0.10    -1.04 1.0207e+00   0.000   0.001
 8.12010   0.700  -8.611     0.10    -1.04 1.0203e+00   0.000   0.001
 8.14010   0.702  -8.632     0.10    -1.04 1.0199e+00   0.000   0.001
 8.16010   0.704  -8.653     0.10    -1.04 1.0196e+00   0.000   0.001
 8.18010   0.705  -8.674     0.10    -1.04 1.0192e+00   0.000   0.001
 8.20010   0.707  -8.695     0.10    -1.04 1.0188e+00   0.000   0.001
 8.22010   0.709  -8.715     0.10    -1.04 1.0184e+00   0.000   0.001
 8.24010   0.711  -8.736     0.10    -1.04 1.0180e+00   0.000   0.001
 8.26010   0.713  -8.757     0.10    -1.04 1.0177e+00   0.000   0.001
 8.28010   0.715  -8.778     0.10    -1.04 1.0173e+00   0.000   0.001
 8.30010   0.717  -8.799     0.10    -1.04 1.0169e+00   0.000   0.001
 8.32010   0.719  -8.819     0.10    -1.04 1.0166e+00   0.000   0.001
 8.34010   0.721  -8.840     0.10    -1.04 1.0162e+00   0.000   0.001
 8.36010   0.723  -8.861     0.10    -1.04 1.0158e+00   0.000   0.001
 8.38010   0.725  -8.882     0.10    -1.04 1.0155e+00   0.000   0.001
 8.40010   0.727  -8.903     0.10    -1.04 1.0151e+00   0.000   0.001
 8.42010   0.729  -8.923     0.10    -1.04 1.0148e+00   0.000   0.001
 8.44010   0.731  -8.944     0.10    -1.04 1.0144e+00   0.000   0.001
 8.46010   0.733  -8.965     0.10    -1.04 1.0141e+00   0.000   0.001
 8.48010   0.734  -8.986     0.10    -1.04 1.0138e+00   0.000   0.001
 8.50010   0.736  -9.007     0.10    -1.04 1.0134e+00   0.000   0.001
 8.52010   0.738  -9.027     0.10    -1.04 1.0131e+00   0.000   0.001
 8.54010   0.740  -9.048     0.10    -1.04 1.0128e+00   0.000   0.001
 8.56010   0.742  -9.069     0.10    -1.04 1.0124e+00   0.000   0.001
 8.58010   0.744  -9.090     0.10    -1.04 1.0121e+00   0.000   0.001
 8.60010   0.746  -9.110     0.10    -1.04 1.0118e+00   0.000   0.001
 8.62010   0.748  -9.131     0.10    -1.04 1.0115e+00   0.000   0.001
 8.64010   0.750  -9.152     0.10    -1.04 1.0111e+00   0.000   0.001
 8.66010   0.752  -9.173     0.10    -1.04 1.0108e+00   0.000   0.001
 8.68010   0.754  -9.194     0.10    -1.04 1.0105e+00   0.000   0.001
 8.70010   0.756  -9.214     0.10    -1.04 1.0102e+00   0.000   0.001
 8.72010   0.758  -9.235     0.10    -1.04 1.0099e+00   0.000   0.001
 8.74010   0.760  -9.256     0.10    -1.04 1.0096e+00   0.000   0.001
 8.76010   0.762  -9.277     0.10    -1.04 1.0093e+00   0.000   0.001
 8.78010   0.763  -9.298     0.10    -1.04 1.0090e+00   0.000   0.001
 8.80010   0.765  -9.318     0.10    -1.04 1.0087e+00   0.000   0.001
 8.82010   0.767  -9.339     0.10    -1.04 1.0084e+00   0.000   0.001
 8.84010   0.769  -9.360     0.10    -1.04 1.0081e+00   0.000   0.001
 8.86010   0.771  -9.381     0.10    -1.04 1.0078e+00   0.000   0.001
 8.88010   0.773  -9.401     0.10    -1.04 1.0075e+00   0.000   0.001
 8.90010   0.775  -9.422     0.10    -1.04 1.0072e+00   0.000   0.001
 8.92010   0.777  -9.443     0.10    -1.04 1.0069e+00   0.000   0.001
 8.94010   0.779  -9.464     0.10    -1.04 1.0066e+00   0.000   0.001
 8.96010   0.781  -9.485     0.10    -1.04 1.0063e+00   0.000   0.001
 8.98010   0.783  -9.505     0.10    -1.04 1.0061e+00   0.000   0.001
 9.00010   0.785  -9.526     0.10    -1.04 1.0058e+00   0.000   0.001
 9.02010   0.787  -9.547     0.10    -1.04 1.0055e+00   0.000   0.001
 9.04010   0.789  -9.568     0.10    -1.04 1.0052e+00   0.000   0.001
 9.06010   0.791  -9.588     0.10    -1.04 1.0050e+00   0.000   0.001
 9.08010   0.792  -9.609     0.10    -1.04 1.0047e+00   0.000   0.001
 9.10010   0.794  -9.630     0.10    -1.04 1.0044e+00   0.000   0.001
 9.12010   0.796  -9.651     0.10    -1.04 1.0042e+00   0.000   0.001
 9.14010   0.798  -9.672     0.10    -1.04 1.0039e+00   0.000   0.001
 9.16010   0.800  -9.692     0.10    -1.04 1.0036e+00   0.000   0.001
 9.18010   0.802  -9.713     0.10    -1.04 1.0034e+00   0.000   0.001
 9.20010   0.804  -9.734     0.10    -1.04 1.0031e+00   0.000   0.001
 9.22010   0.806  -9.755     0.10    -1.04 1.0029e+00   0.000   0.001
 9.24010   0.808  -9.775     0.10    -1.04 1.0026e+00   0.000   0.001
 9.26010   0.810  -9.796     0.10    -1.04 1.0023e+00   0.000   0.001
 9.28010   0.812  -9.817     0.10    -1.04 1.0021e+00   0.000   0.001
 9.30010   0.814  -9.838     0.10    -1.04 1.0018e+00   0.000   0.001
 9.32010   0.816  -9.858     0.10    -1.04 1.0016e+00   0.000   0.001
 9.34010   0.818  -9.879     0.10    -1.04 1.0013e+00   0.000   0.001
 9.36010   0.820  -9.900     0.10    -1.04 1.0011e+00   0.000   0.001
 9.38010   0.822  -9.921     0.10    -1.04 1.0009e+00   0.000   0.001
 9.40010   0.823  -9.942     0.10    -1.04 1.0006e+00   0.000   0.001
 9.42010   0.825  -9.962     0.10    -1.04 1.0004e+00   0.000   0.001
 9.44010   0.827  -9.983     0.10    -1.04 1.0001e+00   0.000   0.001
 9.46010   0.829 -10.004     0.10    -1.04 9.9990e-01   0.000   0.001
 9.48010   0.831 -10.025     0.10    -1.04 9.9966e-01   0.000   0.001
 9.50010   0.833 -10.045     0.10    -1.04 9.9943e-01   0.000   0.001
 9.52010   0.835 -10.066     0.10    -1.04 9.9920e-01   0.000   0.001
 9.54010   0.837 -10.087     0.10    -1.04 9.9897e-01   0.000   0.001
 9.56010   0.839 -10.108     0.10    -1.04 9.9874e-01   0.000   0.001
 9.58010   0.841 -10.128     0.10    -1.04 9.9851e-01   0.000   0.001
 9.60010   0.843 -10.149     0.10    -1.04 9.9828e-01   0.000   0.001
 9.62010   0.845 -10.170     0.10    -1.04 9.9806e-01   0.000   0.001
 9.64010   0.847 -10.191     0.10    -1.04 9.9784e-01   0.000   0.001
 9.66010   0.849 -10.212     0.10    -1.04 9.9761e-01   0.000   0.001
 9.68010   0.851 -10.232     0.10    -1.04 9.9739e-01   0.000   0.001
 9.70010   0.853 -10.253     0.10    -1.04 9.9717e-01   0.000   0.001
 9.72010   0.854 -10.274     0.10    -1.04 9.9696e-01   0.000   0.001
 9.74010   0.856 -10.295     0.10    -1.04 9.9674e-01   0.000   0.001
 9.76010   0.858 -10.315     0.10    -1.04 9.9653e-01   0.000   0.001
 9.78010   0.860 -10.336     0.10    -1.04 9.9631e-01   0.000   0.001
 9.80010   0.862 -10.357     0.10    -1.04 9.9610e-01   0.000   0.001
 9.82010   0.864 -10.378     0.10    -1.04 9.9589e-01   0.000   0.001
 9.84010   0.866 -10.398     0.10    -1.04 9.9568e-01   0.000   0.001
 9.86010   0.868 -10.419     0.10    -1.04 9.9547e-01   0.000   0.001
 9.88010   0.870 -10.440     0.10    -1.04 9.9527e-01   0.000   0.001
 9.90010   0.872 -10.461     0.10    -1.04 9.9506e-01   0.000   0.001
 9.92010   0.874 -10.481     0.10    -1.04 9.9486e-01   0.000   0.001
 9.94010   0.876 -10.502     0.10    -1.04 9.9466e-01   0.000   0.001
 9.96010   0.878 -10.523     0.10    -1.04 9.9445e-01   0.000   0.001
 9.98010   0.880 -10.544     0.10    -1.04 9.9425e-01   0.000   0.001
10.00010   0.882 -10.564     0.10    -1.04 9.9405e-01   0.000   0.001
10.02010   0.884 -10.585     0.10    -1.04 9.9386e-01   0.000   0.001
10.04010   0.885 -10.606     0.10    -1.04 9.9366e-01   0.000   0.001
10.06010   0.887 -10.627     0.10    -1.04 9.9347e-01   0.000   0.001
10.08010   0.889 -10.647     0.10    -1.04 9.9327e-01   0.000   0.001
10.10010   0.891 -10.668     0.10    -1.04 9.9308e-01   0.000   0.001
10.12010   0.893 -10.689     0.10    -1.04 9.9289e-01   0.000   0.001
10.14010   0.895 -10.710     0.10    -1.04 9.9270e-01   0.000   0.001
10.16010   0.897 -10.730     0.10    -1.04 9.9251e-01   0.000   0.001
10.18010   0.899 -10.751     0.10    -1.04 9.9232e-01   0.000   0.001
10.20010   0.901 -10.772     0.10    -1.04 9.9213e-01   0.000   0.001
10.22010   0.903 -10.793     0.10    -1.04 9.9195e-01   0.000   0.001
10.24010   0.905 -10.813     0.10    -1.04 9.9176e-01   0.000   0.001
10.26010   0.907 -10.834     0.10    -1.04 9.9158e-01   0.000   0.001
10.28010   0.909 -10.855     0.10    -1.04 9.9140e-01   0.000   0.001
10.30010   0.911 -10.876     0.10    -1.04 9.9122e-01   0.000   0.001
10.32010   0.913 -10.896     0.10    -1.04 9.9104e-01   0.000   0.001
10.34010   0.915 -10.917     0.10    -1.04 9.9086e-01   0.000   0.001
10.36010   0.917 -10.938     0.10    -1.04 9.9068e-01   0.000   0.001
10.38010   0.918 -10.959     0.10    -1.04 9.9050e-01   0.000   0.001
10.40010   0.920 -10.979     0.10    -1.04 9.9033e-01   0.000   0.001
10.42010   0.922 -11.000     0.10    -1.04 9.9015e-01   0.000   0.001
10.44010   0.924 -11.021     0.10    -1.04 9.8998e-01   0.000   0.001
10.46010   0.926 -11.042     0.10    -1.04 9.8981e-01   0.000   0.001
10.48010   0.928 -11.062     0.10    -1.04 9.8963e-01   0.000   0.001
10.50010   0.930 -11.083     0.10    -1.04 9.8946e-01   0.000   0.001
10.52010   0.932 -11.104     0.10    -1.04 9.8929e-01   0.000   0.001
10.54010   0.934 -11.125     0.10    -1.04 9.8913e-01   0.000   0.001
10.56010   0.936 -11.145     0.10    -1.04 9.8896e-01   0.000   0.001
10.58010   0.938 -11.166     0.10    -1.04 9.8879e-01   0.000   0.001
10.60010   0.940 -11.187     0.10    -1.04 9.8863e-01   0.000   0.001
10.62010   0.942 -11.208     0.10    -1.04 9.8846e-01   0.000   0.001
10.64010   0.944 -11.228     0.10    -1.04 9.8830e-01   0.000   0.001
10.66010   0.946 -11.249     0.10    -1.04 9.8814e-01   0.000   0.001
10.68010   0.948 -11.270     0.10    -1.04 9.8798e-01   0.000   0.001
10.70010   0.949 -11.291     0.10    -1.04 9.8782e-01   0.000   0.001
10.72010   0.951 -11.311     0.10    -1.04 9.8766e-01   0.000   0.001
10.74010   0.953 -11.332     0.10    -1.04 9.8750e-01   0.000   0.001
10.76010   0.955 -11.353     0.10    -1.04 9.8734e-01   0.000   0.001
10.78010   0.957 -11.374     0.10    -1.04 9.8718e-01   0.000   0.001
10.80010   0.959 -11.394     0.10    -1.04 9.8703e-01   0.000   0.001
10.82010   0.961 -11.415     0.10    -1.04 9.8687e-01   0.000   0.001
10.84010   0.963 -11.436     0.10    -1.04 9.8672e-01   0.000   0.001
10.86010   0.965 -11.457     0.10    -1.04 9.8657e-01   0.000   0.001
10.88010   0.967 -11.477     0.10    -1.04 9.8642e-01   0.000   0.001
10.90010   0.969 -11.498     0.10    -1.04 9.8627e-01   0.000   0.001
10.92010   0.971 -11.519     0.10    -1.04 9.8612e-01   0.000   0.001
10.94010   0.973 -11.540     0.10    -1.04 9.8597e-01   0.000   0.001
10.96010   0.975 -11.560     0.10    -1.04 9.8582e-01   0.000   0.001
10.98010   0.977 -11.581     0.10    -1.04 9.8567e-01   0.000   0.001
11.00010   0.979 -11.602     0.10    -1.04 9.8553e-01   0.000   0.001
11.02010   0.981 -11.622     0.10    -1.04 9.8538e-01   0.000   0.001
11.04010   0.982 -11.643     0.10    -1.04 9.8524e-01   0.000   0.001
11.06010   0.984 -11.664     0.10    -1.04 9.8509e-01   0.000   0.001
11.08010   0.986 -11.685     0.10    -1.04 9.8495e-01   0.000   0.001
11.10010   0.988 -11.705     0.10    -1.04 9.8481e-01   0.000   0.001
11.12010   0.990 -11.726     0.10    -1.04 9.8467e-01   0.000   0.001
11.14010   0.992 -11.747     0.10    -1.04 9.8453e-01   0.000   0.001
11.16010   0.994 -11.768     0.10    -1.04 9.8439e-01   0.000   0.001
11.18010   0.996 -11.788     0.10    -1.04 9.8425e-01   0.000   0.001
11.20010   0.998 -11.809     0.10    -1.04 9.8411e-01   0.000   0.001
11.22010   1.000 -11.830     0.10    -1.04 9.8398e-01   0.000   0.001
11.24010   1.002 -11.851     0.10    -1.04 9.8384e-01   0.000   0.001
11.26010   1.004 -11.871     0.10    -1.04 9.8371e-01   0.000   0.001
11.28010   1.006 -11.892     0.10    -1.04 9.8357e-01   0.000   0.001
11.30010   1.008 -11.913     0.10    -1.04 9.8344e-01   0.000   0.001
11.32010   1.010 -11.933     0.10    -1.04 9.8331e-01   0.000   0.001
11.34010   1.012 -11.954     0.10    -1.04 9.8318e-01   0.000   0.001
11.36010   1.014 -11.975     0.10    -1.04 9.8305e-01   0.000   0.001
11.38010   1.015 -11.996     0.10    -1.04 9.8292e-01   0.000   0.001
11.40010   1.017 -12.016     0.10    -1.04 9.8279e-01   0.000   0.001
11.42010   1.019 -12.037     0.10    -1.04 9.8266e-01   0.000   0.001
11.44010   1.021 -12.058     0.10    -1.04 9.8253e-01   0.000   0.001
11.46010   1.023 -12.079     0.10    -1.04 9.8241e-01   0.000   0.001
11.48010   1.025 -12.099     0.10    -1.04 9.8228e-01   0.000   0.001
11.50010   1.027 -12.120     0.10    -1.04 9.8216e-01   0.000   0.001
11.52010   1.029 -12.141     0.10    -1.04 9.8203e-01   0.000   0.001
11.54010   1.031 -12.162     0.10    -1.04 9.8191e-01   0.000   0.001
11.56010   1.033 -12.182     0.10    -1.04 9.8179e-01   0.000   0.001
11.58010   1.035 -12.203     0.10    -1.04 9.8167e-01   0.000   0.001
11.60010   1.037 -12.224     0.10    -1.04 9.8155e-01   0.000   0.001
11.62010   1.039 -12.244     0.10    -1.04 9.8143e-01   0.000   0.001
11.64010   1.041 -12.265     0.10    -1.04 9.8131e-01   0.000   0.001
11.66010   1.043 -12.286     0.10    -1.04 9.8119e-01   0.000   0.001
11.68010   1.045 -12.307     0.10    -1.04 9.8108e-01   0.000   0.001
11.70010   1.047 -12.327     0.10    -1.04 9.8096e-01   0.000   0.001
11.72010   1.048 -12.348     0.10    -1.04 9.8084e-01   0.000   0.001
11.74010   1.050 -12.369     0.10    -1.04 9.8073e-01   0.000   0.001
11.76010   1.052 -12.390     0.10    -1.04 9.8062e-01   0.000   0.001
11.78010   1.054 -12.410     0.10    -1.04 9.8050e-01   0.000   0.001
11.80010   1.056 -12.431     0.10    -1.04 9.8039e-01   0.000   0.001
11.82010   1.058 -12.452     0.10    -1.04 9.8028e-01   0.000   0.001
11.84010   1.060 -12.472     0.10    -1.04 9.8017e-01   0.000   0.001
11.86010   1.062 -12.493     0.10    -1.04 9.8006e-01   0.000   0.001
11.88010   1.064 -12.514     0.10    -1.04 9.7995e-01   0.000   0.001
11.90010   1.066 -12.535     0.10    -1.04 9.7985e-01   0.000   0.001
11.92010   1.068 -12.555     0.10    -1.04 9.7974e-01   0.000   0.001
11.94010   1.070 -12.576     0.10    -1.04 9.7963e-01   0.000   0.001
11.96010   1.072 -12.597     0.10    -1.04 9.7953e-01   0.000   0.001
11.98010   1.074 -12.618     0.10    -1.04 9.7942e-01   0.000   0.001
12.00010   1.076 -12.638     0.10    -1.04 9.7932e-01   0.000   0.001
12.02010   1.078 -12.659     0.10    -1.04 9.7922e-01   0.000   0.001
12.04010   1.080 -12.680     0.10    -1.04 9.7912e-01   0.000   0.001
12.06010   1.082 -12.700     0.10    -1.04 9.7902e-01   0.000   0.001
12.08010   1.083 -12.721     0.10    -1.04 9.7892e-01   0.000   0.001
12.10010   1.085 -12.742     0.10    -1.04 9.7882e-01   0.000   0.001
12.12010   1.087 -12.763     0.10    -1.04 9.7872e-01   0.000   0.001
12.14010   1.089 -12.783     0.10    -1.04 9.7862e-01   0.000   0.001
12.16010   1.091 -12.804     0.10    -1.04 9.7853e-01   0.000   0.001
12.18010   1.093 -12.825     0.10    -1.04 9.7843e-01   0.000   0.001
12.20010   1.095 -12.845     0.10    -1.04 9.7834e-01   0.000   0.001
12.22010   1.097 -12.866     0.10    -1.04 9.7824e-01   0.000   0.001
12.24010   1.099 -12.887     0.10    -1.04 9.7815e-01   0.000   0.001
12.26010   1.101 -12.908     0.10    -1.04 9.7806e-01   0.000   0.001
12.28010   1.103 -12.928     0.10    -1.04 9.7797e-01   0.000   0.001
12.30010   1.105 -12.949     0.10    -1.04 9.7788e-01   0.000   0.001
12.32010   1.107 -12.970     0.10    -1.04 9.7779e-01   0.000   0.001
12.34010   1.109 -12.990     0.10    -1.04 9.7770e-01   0.000   0.001
12.36010   1.111 -13.011     0.10    -1.04 9.7761e-01   0.000   0.001
12.38010   1.113 -13.032     0.10    -1.04 9.7752e-01   0.000   0.001
12.40010   1.115 -13.053     0.10    -1.04 9.7744e-01   0.000   0.001
12.42010   1.116 -13.073     0.10    -1.04 9.7735e-01   0.000   0.001
12.44010   1.118 -13.094     0.10    -1.04 9.7727e-01   0.000   0.001
12.46010   1.120 -13.115     0.10    -1.04 9.7719e-01   0.000   0.001
12.48010   1.122 -13.136     0.10    -1.04 9.7710e-01   0.000   0.001
12.50010   1.124 -13.156     0.10    -1.04 9.7702e-01   0.000   0.001
12.52010   1.126 -13.177     0.10    -1.04 9.7694e-01   0.000   0.001
12.54010   1.128 -13.198     0.10    -1.04 9.7687e-01   0.000   0.001
12.56010   1.130 -13.218     0.10    -1.04 9.7679e-01   0.000   0.001
12.58010   1.132 -13.239     0.10    -1.04 9.7671e-01   0.000   0.001
12.60010   1.134 -13.260     0.10    -1.04 9.7663e-01   0.000   0.001
12.62010   1.136 -13.281     0.10    -1.04 9.7656e-01   0.000   0.001
12.64010   1.138 -13.301     0.10    -1.04 9.7648e-01   0.000   0.001
12.66010   1.140 -13.322     0.10    -1.04 9.7641e-01   0.000   0.001
12.68010   1.142 -13.343     0.10    -1.04 9.7634e-01   0.000   0.001
12.70010   1.144 -13.363     0.10    -1.04 9.7627e-01   0.000   0.001
12.72010   1.146 -13.384     0.10    -1.04 9.7620e-01   0.000   0.001
12.74010   1.148 -13.405     0.10    -1.04 9.7613e-01   0.000   0.001
12.76010   1.150 -13.426     0.10    -1.04 9.7606e-01   0.000   0.001
12.78010   1.151 -13.446     0.10    -1.04 9.7600e-01   0.000   0.001
12.80010   1.153 -13.467     0.10    -1.04 9.7593e-01   0.000   0.001
12.82010   1.155 -13.488     0.10    -1.04 9.7586e-01   0.000   0.001
12.84010   1.157 -13.508     0.10    -1.04 9.7580e-01   0.000   0.001
12.86010   1.159 -13.529     0.10    -1.04 9.7574e-01   0.000   0.001
12.88010   1.161 -13.550     0.10    -1.04 9.7568e-01   0.000   0.001
12.90010   1.163 -13.571     0.10    -1.04 9.7562e-01   0.000   0.001
12.92010   1.165 -13.591     0.10    -1.04 9.7556e-01   0.000   0.001
12.94010   1.167 -13.612     0.10    -1.04 9.7550e-01   0.000   0.001
12.96010   1.169 -13.633     0.10    -1.04 9.7544e-01   0.000   0.001
12.98010   1.171 -13.653     0.10    -1.04 9.7539e-01   0.000   0.001
13.00010   1.173 -13.674     0.10    -1.04 9.7533e-01   0.000   0.001
13.02010   1.175 -13.695     0.10    -1.04 9.7528e-01   0.000   0.001
13.04010   1.177 -13.715     0.10    -1.04 9.7523e-01   0.000   0.001
13.06010   1.179 -13.736     0.10    -1.04 9.7518e-01   0.000   0.001
13.08010   1.181 -13.757     0.10    -1.04 9.7513e-01   0.000   0.001
13.10010   1.183 -13.778     0.10    -1.04 9.7508e-01   0.000   0.001
13.12010   1.185 -13.798     0.10    -1.04 9.7503e-01   0.000   0.001
13.14010   1.186 -13.819     0.10    -1.04 9.7499e-01   0.000   0.001
13.16010   1.188 -13.840     0.10    -1.04 9.7494e-01   0.000   0.001
13.18010   1.190 -13.860     0.10    -1.04 9.7490e-01   0.000   0.001
13.20010   1.192 -13.881     0.10    -1.04 9.7486e-01   0.000   0.001
13.22010   1.194 -13.902     0.10    -1.04 9.7482e-01   0.000   0.001
13.24010   1.196 -13.923     0.10    -1.04 9.7478e-01   0.000   0.001
13.26010   1.198 -13.943     0.10    -1.04 9.7474e-01   0.000   0.001
13.28010   1.200 -13.964     0.10    -1.04 9.7470e-01   0.000   0.001
13.30010   1.202 -13.985     0.10    -1.04 9.7467e-01   0.000   0.001
13.32010   1.204 -14.005     0.10    -1.04 9.7464e-01   0.000   0.001
13.34010   1.206 -14.026     0.10    -1.04 9.7461e-01   0.000   0.001
13.36010   1.208 -14.047     0.10    -1.04 9.7457e-01   0.000   0.001
13.38010   1.210 -14.068     0.10    -1.04 9.7455e-01   0.000   0.001
13.40010   1.212 -14.088     0.10    -1.04 9.7452e-01   0.000   0.001
13.42010   1.214 -14.109     0.10    -1.04 9.7449e-01   0.000   0.001
13.44010   1.216 -14.130     0.10    -1.04 9.7447e-01   0.000   0.001
13.46010   1.218 -14.150     0.10    -1.04 9.7445e-01   0.000   0.001
13.48010   1.220 -14.171     0.10    -1.04 9.7443e-01   0.000   0.001
13.50010   1.221 -14.192     0.10    -1.04 9.7441e-01   0.000   0.001
13.52010   1.223 -14.212     0.10    -1.04 9.7439e-01   0.000   0.001
13.54010   1.225 -14.233     0.10    -1.04 9.7437e-01   0.000   0.001
13.56010   1.227 -14.254     0.10    -1.04 9.7436e-01   0.000   0.001
13.58010   1.229 -14.275     0.10    -1.04 9.7435e-01   0.000   0.001
13.60010   1.231 -14.295     0.10    -1.04 9.7434e-01   0.000   0.001
13.62010   1.233 -14.316     0.10    -1.04 9.7433e-01   0.000   0.001
13.64010   1.235 -14.337     0.10    -1.04 9.7432e-01   0.000   0.001
13.66010   1.237 -14.357     0.10    -1.04 9.7432e-01   0.000   0.001
13.68010   1.239 -14.378     0.10    -1.04 9.7432e-01   0.000   0.001
13.70010   1.241 -14.399     0.10    -1.04 9.7431e-01   0.000   0.001
13.72010   1.243 -14.420     0.10    -1.04 9.7432e-01   0.000   0.001
13.74010   1.245 -14.440     0.10    -1.04 9.7432e-01   0.000   0.001
13.76010   1.247 -14.461     0.10    -1.04 9.7432e-01   0.000   0.001
13.78010   1.249 -14.482     0.10    -1.04 9.7433e-01   0.000   0.001
13.80010   1.251 -14.502     0.10    -1.04 9.7434e-01   0.000   0.001
13.82010   1.253 -14.523     0.10    -1.04 9.7435e-01   0.000   0.001
13.84010   1.255 -14.544     0.10    -1.04 9.7437e-01   0.000   0.001
13.86010   1.256 -14.564     0.10    -1.04 9.7439e-01   0.000   0.001
13.88010   1.258 -14.585     0.10    -1.04 9.7440e-01   0.000   0.001
13.90010   1.260 -14.606     0.10    -1.04 9.7443e-01   0.000   0.001
13.92010   1.262 -14.627     0.10    -1.04 9.7445e-01   0.000   0.001
13.94010   1.264 -14.647     0.10    -1.04 9.7448e-01   0.000   0.001
13.96010   1.266 -14.668     0.10    -1.04 9.7450e-01   0.000   0.001
13.98010   1.268 -14.689     0.10    -1.04 9.7454e-01   0.000   0.001
14.00010   1.270 -14.709     0.10    -1.03 9.7457e-01   0.000   0.001
14.02010   1.272 -14.730     0.10    -1.03 9.7461e-01   0.000   0.001
14.04010   1.274 -14.751     0.10    -1.03 9.7465e-01   0.000   0.000
14.06010   1.276 -14.771     0.10    -1.03 9.7469e-01   0.000   0.000
14.08010   1.278 -14.792     0.10    -1.03 9.7473e-01   0.000   0.000
14.10010   1.280 -14.813     0.10    -1.03 9.7478e-01   0.000   0.000
14.12010   1.282 -14.834     0.10    -1.03 9.7483e-01   0.000   0.000
14.14010   1.284 -14.854     0.10    -1.03 9.7489e-01   0.000   0.000
14.16010   1.286 -14.875     0.10    -1.03 9.7494e-01   0.000   0.000
14.18010   1.288 -14.896     0.10    -1.03 9.7501e-01   0.000   0.000
14.20010   1.290 -14.916     0.10    -1.03 9.7507e-01   0.000   0.000
14.22010   1.291 -14.937     0.10    -1.03 9.7514e-01   0.000   0.000
14.24010   1.293 -14.958     0.10    -1.03 9.7521e-01   0.000   0.000
14.26010   1.295 -14.978     0.10    -1.03 9.7528e-01   0.000   0.000
14.28010   1.297 -14.999     0.10    -1.03 9.7536e-01   0.000   0.000
14.30010   1.299 -15.020     0.10    -1.03 9.7544e-01   0.000   0.000
14.32010   1.301 -15.041     0.10    -1.03 9.7553e-01   0.000   0.000
14.34010   1.303 -15.061     0.10    -1.03 9.7562e-01   0.000   0.000
14.36010   1.305 -15.082     0.10    -1.03 9.7571e-01   0.000   0.000
14.38010   1.307 -15.103     0.10    -1.03 9.7581e-01   0.000   0.000
14.40010   1.309 -15.123     0.10    -1.03 9.7591e-01   0.000   0.000
14.42010   1.311 -15.144     0.10    -1.03 9.7601e-01   0.000   0.000
14.44010   1.313 -15.165     0.10    -1.03 9.7612e-01   0.000   0.000
14.46010   1.315 -15.185     0.10    -1.03 9.7624e-01   0.000   0.000
14.48010   1.317 -15.206     0.10    -1.03 9.7636e-01   0.000   0.000
14.50010   1.319 -15.227     0.10    -1.03 9.7648e-01   0.000   0.000
14.52010   1.321 -15.247     0.10    -1.03 9.7661e-01   0.000   0.000
14.54010   1.323 -15.268     0.10    -1.03 9.7674e-01   0.000   0.000
14.56010   1.325 -15.289     0.10    -1.03 9.7688e-01   0.000   0.000
14.58010   1.326 -15.310     0.10    -1.03 9.7703e-01   0.000   0.000
14.60010   1.328 -15.330     0.10    -1.03 9.7718e-01   0.000   0.000
14.62010   1.330 -15.351     0.10    -1.03 9.7733e-01   0.000   0.000
14.64010   1.332 -15.372     0.10    -1.03 9.7749e-01   0.000   0.000
14.66010   1.334 -15.392     0.10    -1.03 9.7766e-01   0.000   0.000
14.68010   1.336 -15.413     0.10    -1.03 9.7783e-01   0.000   0.000
14.70010   1.338 -15.434     0.10    -1.03 9.7801e-01   0.000   0.000
14.72010   1.340 -15.454     0.10    -1.03 9.7819e-01   0.000   0.000
14.74010   1.342 -15.475     0.10    -1.03 9.7838e-01   0.000   0.000
14.76010   1.344 -15.496     0.10    -1.03 9.7858e-01   0.000   0.000
14.78010   1.346 -15.516     0.10    -1.03 9.7879e-01   0.000   0.000
14.80010   1.348 -15.537     0.10    -1.03 9.7900e-01   0.000   0.000
14.82010   1.350 -15.558     0.10    -1.03 9.7922e-01   0.000   0.000
14.84010   1.352 -15.579     0.10    -1.03 9.7944e-01   0.000   0.000
14.86010   1.354 -15.599     0.10    -1.03 9.7968e-01   0.000   0.000
14.88010   1.356 -15.620     0.10    -1.03 9.7992e-01   0.000   0.000
14.90010   1.358 -15.641     0.10    -1.03 9.8017e-01   0.000   0.000
14.92010   1.360 -15.661     0.10    -1.03 9.8043e-01   0.000   0.000
14.94010   1.362 -15.682     0.10    -1.03 9.8069e-01   0.000   0.000
14.96010   1.363 -15.703     0.10    -1.03 9.8097e-01   0.000   0.000
14.98010   1.365 -15.723     0.10    -1.03 9.8126e-01   0.000   0.000
15.00010   1.367 -15.744     0.10    -1.03 9.8155e-01   0.000   0.000
15.02010   1.369 -15.765     0.10    -1.03 9.8185e-01   0.000   0.000
15.04010   1.371 -15.785     0.10    -1.03 9.8217e-01   0.000   0.000
15.06010   1.373 -15.806     0.10    -1.03 9.8249e-01   0.000   0.000
15.08010   1.375 -15.827     0.10    -1.03 9.8283e-01   0.000   0.000
15.10010   1.377 -15.848     0.10    -1.03 9.8317e-01   0.000   0.000
15.12010   1.379 -15.868     0.10    -1.03 9.8353e-01   0.000   0.000
15.14010   1.381 -15.889     0.10    -1.03 9.8390e-01   0.000   0.000
15.16010   1.383 -15.910     0.10    -1.03 9.8428e-01   0.000   0.000
15.18010   1.385 -15.930     0.10    -1.03 9.8467e-01   0.000   0.000
15.20010   1.387 -15.951     0.10    -1.03 9.8507e-01   0.000   0.000
15.22010   1.389 -15.972     0.10    -1.03 9.8549e-01   0.000   0.000
15.24010   1.391 -15.992     0.10    -1.03 9.8592e-01   0.000   0.000
15.26010   1.393 -16.013     0.10    -1.03 9.8637e-01   0.000   0.000
15.28010   1.395 -16.034     0.10    -1.03 9.8683e-01   0.000   0.000
15.30010   1.397 -16.054     0.10    -1.03 9.8730e-01   0.000   0.000
15.32010   1.398 -16.075     0.10    -1.03 9.8779e-01   0.000   0.000
15.34010   1.400 -16.096     0.10    -1.03 9.8830e-01   0.000   0.000
15.36010   1.402 -16.116     0.10    -1.03 9.8882e-01   0.000   0.000
15.38010   1.404 -16.137     0.10    -1.03 9.8936e-01   0.000   0.000
15.40010   1.406 -16.158     0.10    -1.03 9.8991e-01   0.000   0.000
15.42010   1.408 -16.179     0.10    -1.03 9.9049e-01   0.000   0.000
15.44010   1.410 -16.199     0.10    -1.03 9.9108e-01   0.000   0.000
15.46010   1.412 -16.220     0.10    -1.03 9.9169e-01   0.000   0.000
15.48010   1.414 -16.241     0.10    -1.03 9.9232e-01   0.000   0.000
15.50010   1.416 -16.261     0.10    -1.03 9.9297e-01   0.000   0.000
15.52010   1.418 -16.282     0.10    -1.03 9.9364e-01   0.000   0.000
15.54010   1.420 -16.303     0.10    -1.03 9.9433e-01   0.000   0.000
15.56010   1.422 -16.323     0.10    -1.03 9.9505e-01   0.000   0.000
15.58010   1.424 -16.344     0.10    -1.03 9.9578e-01   0.000   0.000
15.60010   1.426 -16.365     0.10    -1.03 9.9654e-01   0.000   0.000
15.62010   1.428 -16.385     0.10    -1.03 9.9733e-01   0.000   0.000
15.64010   1.430 -16.406     0.10    -1.03 9.9814e-01   0.000   0.000
15.66010   1.432 -16.427     0.10    -1.03 9.9897e-01   0.000   0.000
15.68010   1.434 -16.447     0.10    -1.03 9.9983e-01   0.000   0.000
15.70010   1.435 -16.468     0.10    -1.03 1.0007e+00   0.000   0.000
15.72010   1.437 -16.489     0.10    -1.03 1.0016e+00   0.000   0.000
15.74010   1.439 -16.510     0.10    -1.03 1.0026e+00   0.000   0.000
15.76010   1.441 -16.530     0.10    -1.03 1.0035e+00   0.000   0.000
15.78010   1.443 -16.551     0.10    -1.03 1.0046e+00   0.000   0.000
15.80010   1.445 -16.572     0.10    -1.03 1.0056e+00   0.000   0.000
15.82010   1.447 -16.592     0.10    -1.03 1.0067e+00   0.000   0.000
15.84010   1.449 -16.613     0.10    -1.03 1.0077e+00   0.000   0.000
15.86010   1.451 -16.634     0.10    -1.03 1.0089e+00   0.000   0.000
15.88010   1.453 -16.654     0.10    -1.03 1.0100e+00   0.000   0.000
15.90010   1.455 -16.675     0.10    -1.03 1.0112e+00   0.000   0.000
15.92010   1.457 -16.696     0.10    -1.03 1.0125e+00   0.000   0.000
15.94010   1.459 -16.716     0.10    -1.03 1.0137e+00   0.000   0.000
15.96010   1.461 -16.737     0.10    -1.03 1.0150e+00   0.000   0.000
15.98010   1.463 -16.758     0.10    -1.03 1.0164e+00   0.000   0.000
16.00010   1.465 -16.778     0.10    -1.03 1.0178e+00   0.000   0.000
16.02010   1.467 -16.799     0.10    -1.03 1.0192e+00   0.000   0.000
16.04010   1.469 -16.820     0.10    -1.03 1.0206e+00   0.000   0.000
16.06010   1.471 -16.840     0.10    -1.03 1.0221e+00   0.000   0.000
16.08010   1.472 -16.861     0.10    -1.03 1.0237e+00   0.000   0.000
16.10010   1.474 -16.882     0.10    -1.03 1.0252e+00   0.000   0.000
16.12010   1.476 -16.902     0.10    -1.03 1.0268e+00   0.000   0.000
16.14010   1.478 -16.923     0.10    -1.03 1.0285e+00   0.000   0.000
16.16010   1.480 -16.944     0.10    -1.03 1.0302e+00   0.000   0.000
16.18010   1.482 -16.965     0.10    -1.03 1.0319e+00   0.000   0.000
16.20010   1.484 -16.985     0.10    -1.03 1.0336e+00   0.000   0.000
16.22010   1.486 -17.006     0.10    -1.03 1.0354e+00   0.000   0.000
16.24010   1.488 -17.027     0.10    -1.03 1.0372e+00   0.000   0.000
16.26010   1.490 -17.047     0.10    -1.03 1.0391e+00   0.000   0.000
16.28010   1.492 -17.068     0.10    -1.03 1.0410e+00   0.000   0.000
16.30010   1.494 -17.089     0.10    -1.03 1.0429e+00   0.000   0.000
16.32010   1.496 -17.109     0.10    -1.03 1.0449e+00   0.000   0.000
16.34010   1.498 -17.130     0.10    -1.03 1.0469e+00   0.000   0.000
16.36010   1.500 -17.151     0.10    -1.03 1.0489e+00   0.000   0.000
16.38010   1.502 -17.171     0.10    -1.03 1.0509e+00   0.000   0.000
16.40010   1.504 -17.192     0.10    -1.03 1.0529e+00   0.000   0.000
16.42010   1.506 -17.213     0.10    -1.03 1.0550e+00   0.000   0.000
16.44010   1.508 -17.233     0.10    -1.03 1.0571e+00   0.000   0.000
16.46010   1.509 -17.254     0.10    -1.03 1.0592e+00   0.000   0.000
16.48010   1.511 -17.275     0.10    -1.03 1.0613e+00   0.000   0.000
16.50010   1.513 -17.295     0.10    -1.03 1.0634e+00   0.000   0.000
16.52010   1.515 -17.316     0.10    -1.03 1.0655e+00   0.000   0.000
16.54010   1.517 -17.337     0.10    -1.03 1.0676e+00   0.000   0.000
16.56010   1.519 -17.357     0.10    -1.03 1.0696e+00   0.000   0.000
16.58010   1.521 -17.378     0.10    -1.03 1.0717e+00   0.000   0.000
16.60010   1.523 -17.399     0.10    -1.03 1.0738e+00   0.000   0.000
16.62010   1.525 -17.419     0.10    -1.03 1.0758e+00   0.000   0.000
16.64010   1.527 -17.440     0.10    -1.03 1.0779e+00   0.000   0.000
16.66010   1.529 -17.461     0.10    -1.03 1.0799e+00   0.000   0.000
16.68010   1.531 -17.482     0.10    -1.03 1.0818e+00   0.000   0.000
16.70010   1.533 -17.502     0.10    -1.03 1.0838e+00   0.000   0.000
16.72010   1.535 -17.523     0.10    -1.03 1.0857e+00   0.000   0.000
16.74010   1.537 -17.544     0.10    -1.03 1.0875e+00   0.000   0.000
16.76010   1.539 -17.564     0.10    -1.03 1.0894e+00   0.000   0.000
16.78010   1.541 -17.585     0.10    -1.03 1.0911e+00   0.000   0.000
16.80010   1.543 -17.606     0.10    -1.03 1.0929e+00   0.000   0.000
16.82010   1.545 -17.626     0.10    -1.03 1.0946e+00   0.000   0.000
16.84010   1.546 -17.647     0.10    -1.03 1.0962e+00   0.000   0.000
16.86010   1.548 -17.668     0.10    -1.03 1.0978e+00   0.000   0.000
16.88010   1.550 -17.688     0.10    -1.03 1.0993e+00   0.000   0.000
16.90010   1.552 -17.709     0.10    -1.03 1.1007e+00   0.000   0.000
16.92010   1.554 -17.730     0.10    -1.03 1.1021e+00   0.000   0.000
16.94010   1.556 -17.750     0.10    -1.03 1.1035e+00   0.000   0.000
16.96010   1.558 -17.771     0.10    -1.03 1.1048e+00   0.000   0.000
16.98010   1.560 -17.792     0.10    -1.03 1.1060e+00   0.000   0.000
17.00010   1.562 -17.812     0.10    -1.03 1.1072e+00   0.000   0.000
17.02010   1.564 -17.833     0.10    -1.03 1.1083e+00   0.000   0.000
17.04010   1.566 -17.854     0.10    -1.03 1.1094e+00   0.000   0.000
17.06010   1.568 -17.874     0.10    -1.03 1.1104e+00   0.000   0.000
17.08010   1.570 -17.895     0.10    -1.03 1.1113e+00   0.000   0.000
17.10010   1.572 -17.916     0.10    -1.03 1.1122e+00   0.000   0.000
17.12010   1.574 -17.936     0.10    -1.03 1.1131e+00   0.000   0.000
17.14010   1.576 -17.957     0.10    -1.03 1.1139e+00   0.000   0.000
17.16010   1.578 -17.978     0.10    -1.03 1.1146e+00   0.000   0.000
17.18010   1.580 -17.998     0.10    -1.03 1.1153e+00   0.000   0.000
17.20010   1.582 -18.019     0.10    -1.03 1.1159e+00   0.000   0.000
17.22010   1.583 -18.040     0.10    -1.03 1.1165e+00   0.000   0.000
17.24010   1.585 -18.060     0.10    -1.03 1.1170e+00   0.000   0.000
17.26010   1.587 -18.081     0.10    -1.03 1.1175e+00   0.000   0.000
17.28010   1.589 -18.102     0.10    -1.03 1.1180e+00   0.000   0.000
17.30010   1.591 -18.122     0.10    -1.03 1.1184e+00   0.000   0.000
17.32010   1.593 -18.143     0.10    -1.03 1.1188e+00   0.000   0.000
17.34010   1.595 -18.164     0.10    -1.03 1.1191e+00   0.000   0.000
17.36010   1.597 -18.184     0.10    -1.03 1.1194e+00   0.000   0.000
17.38010   1.599 -18.205     0.10    -1.03 1.1197e+00   0.000   0.000
17.40010   1.601 -18.226     0.10    -1.03 1.1199e+00   0.000   0.000
17.42010   1.603 -18.246     0.10    -1.03 1.1201e+00   0.000   0.000
17.44010   1.605 -18.267     0.10    -1.03 1.1203e+00   0.000   0.000
17.46010   1.607 -18.288     0.10    -1.03 1.1204e+00   0.000   0.000
17.48010   1.609 -18.308     0.10    -1.03 1.1205e+00   0.000   0.000
17.50010   1.611 -18.329     0.10    -1.03 1.1206e+00   0.000   0.000
17.52010   1.613 -18.350     0.10    -1.03 1.1207e+00   0.000   0.000
17.54010   1.615 -18.371     0.10    -1.03 1.1207e+00   0.000   0.000
17.56010   1.617 -18.391     0.10    -1.03 1.1207e+00   0.000   0.000
17.58010   1.619 -18.412     0.10    -1.03 1.1207e+00   0.000   0.000
17.60010   1.620 -18.433     0.10    -1.03 1.1207e+00   0.000   0.000
17.62010   1.622 -18.453     0.10    -1.03 1.1207e+00   0.000   0.000
17.64010   1.624 -18.474     0.10    -1.03 1.1206e+00   0.000   0.000
17.66010   1.626 -18.495     0.10    -1.03 1.1205e+00   0.000   0.000
17.68010   1.628 -18.515     0.10    -1.03 1.1204e+00   0.000   0.000
17.70010   1.630 -18.536     0.10    -1.03 1.1203e+00   0.000   0.000
17.72010   1.632 -18.557     0.10    -1.03 1.1202e+00   0.000   0.000
17.74010   1.634 -18.577     0.10    -1.03 1.1200e+00   0.000   0.000
17.76010   1.636 -18.598     0.10    -1.03 1.1199e+00   0.000   0.000
17.78010   1.638 -18.619     0.10    -1.03 1.1197e+00   0.000   0.000
17.80010   1.640 -18.639     0.10    -1.03 1.1195e+00   0.000   0.000
17.82010   1.642 -18.660     0.10    -1.03 1.1193e+00   0.000   0.000
17.84010   1.644 -18.681     0.10    -1.03 1.1192e+00   0.000   0.000
17.86010   1.646 -18.701     0.10    -1.03 1.1189e+00   0.000   0.000
17.88010   1.648 -18.722     0.10    -1.03 1.1187e+00   0.000   0.000
17.90010   1.650 -18.743     0.10    -1.03 1.1185e+00   0.000   0.000
17.92010   1.652 -18.763     0.10    -1.03 1.1183e+00   0.000   0.000
17.94010   1.654 -18.784     0.10    -1.03 1.1180e+00   0.000   0.000
17.96010   1.656 -18.805     0.10    -1.03 1.1178e+00   0.000   0.000
17.98010   1.657 -18.825     0.10    -1.03 1.1175e+00   0.000   0.000
18.00010   1.659 -18.846     0.10    -1.03 1.1173e+00   0.000   0.000
18.02010   1.661 -18.867     0.10    -1.03 1.1170e+00   0.000   0.000
18.04010   1.663 -18.887     0.10    -1.03 1.1167e+00   0.000   0.000
18.06010   1.665 -18.908     0.10    -1.03 1.1165e+00   0.000   0.000
18.08010   1.667 -18.929     0.10    -1.03 1.1162e+00   0.000   0.000
18.10010   1.669 -18.949     0.10    -1.03 1.1159e+00   0.000   0.000
18.12010   1.671 -18.970     0.10    -1.03 1.1156e+00   0.000   0.000
18.14010   1.673 -18.991     0.10    -1.03 1.1153e+00   0.000   0.000
18.16010   1.675 -19.011     0.10    -1.03 1.1150e+00   0.000   0.000
18.18010   1.677 -19.032     0.10    -1.03 1.1148e+00   0.000   0.000
18.20010   1.679 -19.053     0.10    -1.03 1.1145e+00   0.000   0.000
18.22010   1.681 -19.073     0.10    -1.03 1.1142e+00   0.000   0.000
18.24010   1.683 -19.094     0.10    -1.03 1.1139e+00   0.000   0.000
18.26010   1.685 -19.115     0.10    -1.03 1.1136e+00   0.000   0.000
18.28010   1.687 -19.135     0.10    -1.03 1.1132e+00   0.000   0.000
18.30010   1.689 -19.156     0.10    -1.03 1.1129e+00   0.000   0.000
18.32010   1.691 -19.177     0.10    -1.03 1.1126e+00   0.000   0.000
18.34010   1.693 -19.197     0.10    -1.03 1.1123e+00   0.000   0.000
18.36010   1.694 -19.218     0.10    -1.03 1.1120e+00   0.000   0.000
18.38010   1.696 -19.239     0.10    -1.03 1.1117e+00   0.000   0.000
18.40010   1.698 -19.259     0.10    -1.03 1.1114e+00   0.000   0.000
18.42010   1.700 -19.280     0.10    -1.03 1.1111e+00   0.000   0.000
18.44010   1.702 -19.301     0.10    -1.03 1.1108e+00   0.000   0.000
18.46010   1.704 -19.321     0.10    -1.03 1.1105e+00   0.000   0.000
18.48010   1.706 -19.342     0.10    -1.03 1.1102e+00   0.000   0.000
18.50010   1.708 -19.363     0.10    -1.03 1.1098e+00   0.000   0.000
18.52010   1.710 -19.383     0.10    -1.03 1.1095e+00   0.000   0.000
18.54010   1.712 -19.404     0.10    -1.03 1.1092e+00   0.000   0.000
18.56010   1.714 -19.425     0.10    -1.03 1.1089e+00   0.000   0.000
18.58010   1.716 -19.445     0.10    -1.03 1.1086e+00   0.000   0.000
18.60010   1.718 -19.466     0.10    -1.03 1.1083e+00   0.000   0.000
18.62010   1.720 -19.487     0.10    -1.03 1.1080e+00   0.000   0.000
18.64010   1.722 -19.507     0.10    -1.03 1.1077e+00   0.000   0.000
18.66010   1.724 -19.528     0.10    -1.03 1.1074e+00   0.000   0.000
18.68010   1.726 -19.549     0.10    -1.03 1.1070e+00   0.000   0.000
18.70010   1.728 -19.569     0.10    -1.03 1.1067e+00   0.000   0.000
18.72010   1.730 -19.590     0.10    -1.03 1.1064e+00   0.000   0.000
18.74010   1.731 -19.611     0.10    -1.03 1.1061e+00   0.000   0.000
18.76010   1.733 -19.631     0.10    -1.03 1.1058e+00   0.000   0.000
18.78010   1.735 -19.652     0.10    -1.03 1.1055e+00   0.000   0.000
18.80010   1.737 -19.673     0.10    -1.03 1.1052e+00   0.000   0.000
18.82010   1.739 -19.693     0.10    -1.03 1.1049e+00   0.000   0.000
18.84010   1.741 -19.714     0.10    -1.03 1.1046e+00   0.000   0.000
18.86010   1.743 -19.735     0.10    -1.03 1.1043e+00   0.000   0.000
18.88010   1.745 -19.755     0.10    -1.03 1.1040e+00   0.000   0.000
18.90010   1.747 -19.776     0.10    -1.03 1.1037e+00   0.000   0.000
18.92010   1.749 -19.797     0.10    -1.03 1.1034e+00   0.000   0.000
18.94010   1.751 -19.817     0.10    -1.03 1.1031e+00   0.000   0.000
18.96010   1.753 -19.838     0.10    -1.03 1.1028e+00   0.000   0.000
18.98010   1.755 -19.859     0.10    -1.03 1.1025e+00   0.000   0.000
19.00010   1.757 -19.879     0.10    -1.03 1.1023e+00   0.000   0.000
19.02010   1.759 -19.900     0.10    -1.03 1.1020e+00   0.000   0.000
19.04010   1.761 -19.921     0.10    -1.03 1.1017e+00   0.000   0.000
19.06010   1.763 -19.941     0.10    -1.03 1.1014e+00   0.000   0.000
19.08010   1.765 -19.962     0.10    -1.03 1.1011e+00   0.000   0.000
19.10010   1.767 -19.983     0.10    -1.03 1.1008e+00   0.000   0.000
19.12010   1.769 -20.003     0.10    -1.03 1.1005e+00   0.000   0.000
19.14010   1.770 -20.024     0.10    -1.03 1.1003e+00   0.000   0.000
19.16010   1.772 -20.044     0.10    -1.03 1.1000e+00   0.000   0.000
19.18010   1.774 -20.065     0.10    -1.03 1.0997e+00   0.000   0.000
19.20010   1.776 -20.086     0.10    -1.03 1.0994e+00   0.000   0.000
19.22010   1.778 -20.106     0.10    -1.03 1.0991e+00   0.000   0.000
19.24010   1.780 -20.127     0.10    -1.03 1.0989e+00   0.000   0.000
19.26010   1.782 -20.148     0.10    -1.03 1.0986e+00   0.000   0.000
19.28010   1.784 -20.168     0.10    -1.03 1.0983e+00   0.000   0.000
19.30010   1.786 -20.189     0.10    -1.03 1.0981e+00   0.000   0.000
19.32010   1.788 -20.210     0.10    -1.03 1.0978e+00   0.000   0.000
19.34010   1.790 -20.230     0.10    -1.03 1.0975e+00   0.000   0.000
19.36010   1.792 -20.251     0.10    -1.03 1.0972e+00   0.000   0.000
19.38010   1.794 -20.272     0.10    -1.03 1.0970e+00   0.000   0.000
19.40010   1.796 -20.292     0.10    -1.03 1.0967e+00   0.000   0.000
19.42010   1.798 -20.313     0.10    -1.03 1.0965e+00   0.000   0.000
19.44010   1.800 -20.334     0.10    -1.03 1.0962e+00   0.000   0.000
19.46010   1.802 -20.354     0.10    -1.03 1.0959e+00   0.000   0.000
19.48010   1.804 -20.375     0.10    -1.03 1.0957e+00   0.000   0.000
19.50010   1.806 -20.396     0.10    -1.03 1.0954e+00   0.000   0.000
19.52010   1.807 -20.416     0.10    -1.03 1.0952e+00   0.000   0.000
19.54010   1.809 -20.437     0.10    -1.03 1.0949e+00   0.000   0.000
19.56010   1.811 -20.458     0.10    -1.03 1.0947e+00   0.000   0.000
19.58010   1.813 -20.478     0.10    -1.03 1.0944e+00   0.000   0.000
19.60010   1.815 -20.499     0.10    -1.03 1.0942e+00   0.000   0.000
19.62010   1.817 -20.520     0.10    -1.03 1.0939e+00   0.000   0.000
19.64010   1.819 -20.540     0.10    -1.03 1.0937e+00   0.000   0.000
19.66010   1.821 -20.561     0.10    -1.03 1.0934e+00   0.000   0.000
19.68010   1.823 -20.582     0.10    -1.03 1.0932e+00   0.000   0.000
19.70010   1.825 -20.602     0.10    -1.03 1.0929e+00   0.000   0.000
19.72010   1.827 -20.623     0.10    -1.03 1.0927e+00   0.000   0.000
19.74010   1.829 -20.644     0.10    -1.03 1.0925e+00   0.000   0.000
19.76010   1.831 -20.664     0.10    -1.03 1.0922e+00   0.000   0.000
19.78010   1.833 -20.685     0.10    -1.03 1.0920e+00   0.000   0.000
19.80010   1.835 -20.706     0.10    -1.03 1.0917e+00   0.000   0.000
19.82010   1.837 -20.726     0.10    -1.03 1.0915e+00   0.000   0.000
19.84010   1.839 -20.747     0.10    -1.03 1.0913e+00   0.000   0.000
19.86010   1.841 -20.768     0.10    -1.03 1.0910e+00   0.000   0.000
19.88010   1.843 -20.788     0.10    -1.03 1.0908e+00   0.000   0.000
19.90010   1.845 -20.809     0.10    -1.03 1.0906e+00   0.000   0.000
19.92010   1.846 -20.830     0.10    -1.03 1.0904e+00   0.000   0.000
19.94010   1.848 -20.850     0.10    -1.03 1.0901e+00   0.000   0.000
19.96010   1.850 -20.871     0.10    -1.03 1.0899e+00   0.000   0.000
19.98010   1.852 -20.892     0.10    -1.03 1.0897e+00   0.000   0.000
20.00010   1.854 -20.912     0.10    -1.03 1.0895e+00   0.000   0.000
