 0.02010   0.000  -0.002     0.00    -0.10 -2.8667e-04   0.109   0.002
 0.04000   0.000  -0.004     0.00    -0.10 1.3409e-03   0.109   0.005
 0.06000   0.000  -0.006     0.01    -0.10 4.2268e-01   0.107   0.007
 0.08000   0.000  -0.008     0.01    -0.10 4.1065e-01   0.106   0.009
 0.10000   0.001  -0.010     0.01    -0.10 4.0880e-01   0.104   0.011
 0.12000   0.001  -0.013     0.01    -0.10 4.0911e-01   0.102   0.013
 0.14000   0.001  -0.015     0.01    -0.10 4.1016e-01   0.101   0.015
 0.16010   0.001  -0.017     0.02    -0.10 4.1151e-01   0.099   0.017
 0.18010   0.002  -0.019     0.02    -0.10 4.1294e-01   0.097   0.018
 0.20010   0.002  -0.021     0.02    -0.10 4.1436e-01   0.096   0.020
 0.22010   0.003  -0.023     0.02    -0.10 4.1573e-01   0.094   0.021
 0.24010   0.003  -0.025     0.02    -0.10 4.1703e-01   0.092   0.023
 0.26010   0.004  -0.027     0.03    -0.10 4.1822e-01   0.090   0.024
 0.28010   0.004  -0.029     0.03    -0.10 4.1931e-01   0.088   0.026
 0.30010   0.005  -0.031     0.03    -0.10 4.2029e-01   0.087   0.027
 0.32010   0.005  -0.033     0.03    -0.10 4.2116e-01   0.085   0.028
 0.34010   0.006  -0.035     0.03    -0.10 4.2192e-01   0.083   0.029
 0.36010   0.007  -0.037     0.03    -0.10 4.2258e-01   0.081   0.030
 0.38010   0.007  -0.039     0.04    -0.10 4.2313e-01   0.080   0.031
 0.40010   0.008  -0.041     0.04    -0.10 4.2359e-01   0.078   0.032
 0.42010   0.009  -0.043     0.04    -0.10 4.2396e-01   0.076   0.032
 0.44010   0.010  -0.045     0.04    -0.10 4.2425e-01   0.074   0.033
 0.46010   0.010  -0.047     0.04    -0.10 4.2446e-01   0.073   0.034
 0.48010   0.011  -0.049     0.04    -0.09 4.2460e-01   0.071   0.034
 0.50010   0.012  -0.050     0.05    -0.09 4.2467e-01   0.070   0.035
 0.52010   0.013  -0.052     0.05    -0.09 4.2468e-01   0.068   0.035
 0.54010   0.014  -0.054     0.05    -0.09 4.2465e-01   0.066   0.036
 0.56010   0.015  -0.056     0.05    -0.09 4.2457e-01   0.065   0.036
 0.58010   0.016  -0.058     0.05    -0.09 4.2445e-01   0.063   0.037
 0.60010   0.017  -0.060     0.05    -0.09 4.2429e-01   0.062   0.037
 0.62010   0.018  -0.062     0.05    -0.09 4.2411e-01   0.060   0.037
 0.64010   0.019  -0.063     0.05    -0.09 4.2391e-01   0.059   0.037
 0.66010   0.020  -0.065     0.06    -0.09 4.2368e-01   0.058   0.038
 0.68010   0.021  -0.067     0.06    -0.09 4.2345e-01   0.056   0.038
 0.70010   0.023  -0.069     0.06    -0.09 4.2321e-01   0.055   0.038
 0.72010   0.024  -0.070     0.06    -0.09 4.2297e-01   0.054   0.038
 0.74010   0.025  -0.072     0.06    -0.09 4.2273e-01   0.053   0.038
 0.76010   0.026  -0.074     0.06    -0.08 4.2249e-01   0.051   0.038
 0.78010   0.027  -0.075     0.06    -0.08 4.2227e-01   0.050   0.039
 0.80010   0.029  -0.077     0.06    -0.08 4.2205e-01   0.049   0.039
 0.82010   0.030  -0.079     0.06    -0.08 4.2186e-01   0.048   0.039
 0.84010   0.031  -0.080     0.06    -0.08 4.2168e-01   0.047   0.039
 0.86010   0.033  -0.082     0.07    -0.08 4.2153e-01   0.046   0.039
 0.88010   0.034  -0.084     0.07    -0.08 4.2141e-01   0.045   0.039
 0.90010   0.035  -0.085     0.07    -0.08 4.2131e-01   0.044   0.039
 0.92010   0.037  -0.087     0.07    -0.08 4.2125e-01   0.043   0.039
 0.94010   0.038  -0.088     0.07    -0.08 4.2122e-01   0.042   0.039
 0.96010   0.039  -0.090     0.07    -0.08 4.2123e-01   0.041   0.039
 0.98010   0.041  -0.091     0.07    -0.08 4.2127e-01   0.040   0.039
 1.00010   0.042  -0.093     0.07    -0.08 4.2136e-01   0.039   0.039
 1.02010   0.044  -0.094     0.07    -0.07 4.2149e-01   0.038   0.039
 1.04010   0.045  -0.096     0.07    -0.07 4.2166e-01   0.038   0.039
 1.06010   0.047  -0.097     0.07    -0.07 4.2188e-01   0.037   0.039
 1.08010   0.048  -0.099     0.07    -0.07 4.2215e-01   0.036   0.038
 1.10010   0.050  -0.100     0.08    -0.07 4.2247e-01   0.035   0.038
 1.12010   0.051  -0.102     0.08    -0.07 4.2285e-01   0.034   0.038
 1.14010   0.053  -0.103     0.08    -0.07 4.2327e-01   0.034   0.038
 1.16010   0.054  -0.104     0.08    -0.07 4.2375e-01   0.033   0.038
 1.18010   0.056  -0.106     0.08    -0.07 4.2428e-01   0.032   0.038
 1.20010   0.057  -0.107     0.08    -0.07 4.2488e-01   0.032   0.038
 1.22010   0.059  -0.109     0.08    -0.07 4.2553e-01   0.031   0.038
 1.24010   0.060  -0.110     0.08    -0.07 4.2624e-01   0.030   0.038
 1.26010   0.062  -0.111     0.08    -0.07 4.2701e-01   0.030   0.038
 1.28010   0.064  -0.112     0.08    -0.06 4.2784e-01   0.029   0.038
 1.30010   0.065  -0.114     0.08    -0.06 4.2874e-01   0.028   0.038
 1.32010   0.067  -0.115     0.08    -0.06 4.2969e-01   0.028   0.038
 1.34010   0.069  -0.116     0.08    -0.06 4.3072e-01   0.027   0.038
 1.36010   0.070  -0.117     0.08    -0.06 4.3181e-01   0.027   0.038
 1.38010   0.072  -0.119     0.08    -0.06 4.3297e-01   0.026   0.037
 1.40010   0.074  -0.120     0.08    -0.06 4.3419e-01   0.026   0.037
 1.42010   0.075  -0.121     0.09    -0.06 4.3549e-01   0.025   0.037
 1.44010   0.077  -0.122     0.09    -0.06 4.3685e-01   0.024   0.037
 1.46010   0.079  -0.123     0.09    -0.06 4.3829e-01   0.024   0.037
 1.48010   0.081  -0.125     0.09    -0.06 4.3979e-01   0.023   0.037
 1.50010   0.082  -0.126     0.09    -0.06 4.4137e-01   0.023   0.037
 1.52010   0.084  -0.127     0.09    -0.06 4.4302e-01   0.022   0.037
 1.54010   0.086  -0.128     0.09    -0.05 4.4475e-01   0.022   0.037
 1.56010   0.088  -0.129     0.09    -0.05 4.4655e-01   0.022   0.037
 1.58010   0.089  -0.130     0.09    -0.05 4.4843e-01   0.021   0.037
 1.60010   0.091  -0.131     0.09    -0.05 4.5039e-01   0.021   0.037
 1.62010   0.093  -0.132     0.09    -0.05 4.5242e-01   0.020   0.037
 1.64010   0.095  -0.133     0.09    -0.05 4.5453e-01   0.020   0.037
 1.66010   0.096  -0.134     0.09    -0.05 4.5672e-01   0.019   0.037
 1.68010   0.098  -0.135     0.09    -0.05 4.5900e-01   0.019   0.037
 1.70010   0.100  -0.136     0.09    -0.05 4.6135e-01   0.018   0.036
 1.72010   0.102  -0.137     0.09    -0.05 4.6379e-01   0.018   0.036
 1.74010   0.104  -0.138     0.09    -0.05 4.6630e-01   0.018   0.036
 1.76010   0.106  -0.139     0.09    -0.05 4.6891e-01   0.017   0.036
 1.78010   0.107  -0.140     0.09    -0.05 4.7159e-01   0.017   0.036
 1.80010   0.109  -0.141     0.09    -0.05 4.7437e-01   0.016   0.036
 1.82010   0.111  -0.142     0.09    -0.04 4.7723e-01   0.016   0.036
 1.84010   0.113  -0.143     0.09    -0.04 4.8018e-01   0.015   0.036
 1.86010   0.115  -0.144     0.09    -0.04 4.8321e-01   0.015   0.036
 1.88010   0.117  -0.144     0.09    -0.04 4.8634e-01   0.015   0.036
 1.90010   0.119  -0.145     0.09    -0.04 4.8955e-01   0.014   0.036
 1.92010   0.121  -0.146     0.09    -0.04 4.9286e-01   0.014   0.036
 1.94010   0.122  -0.147     0.09    -0.04 4.9626e-01   0.014   0.036
 1.96010   0.124  -0.148     0.10    -0.04 4.9975e-01   0.013   0.036
 1.98010   0.126  -0.149     0.10    -0.04 5.0334e-01   0.013   0.036
 2.00010   0.128  -0.149     0.10    -0.04 5.0702e-01   0.012   0.036
 2.02010   0.130  -0.150     0.10    -0.04 5.1079e-01   0.012   0.036
 2.04010   0.132  -0.151     0.10    -0.04 5.1467e-01   0.012   0.036
 2.06010   0.134  -0.151     0.10    -0.04 5.1864e-01   0.011   0.036
 2.08010   0.136  -0.152     0.10    -0.04 5.2271e-01   0.011   0.036
 2.10000   0.138  -0.153     0.10    -0.03 5.2685e-01   0.011   0.036
 2.12000   0.140  -0.154     0.10    -0.03 5.3112e-01   0.010   0.035
 2.14000   0.142  -0.154     0.10    -0.03 5.3549e-01   0.010   0.035
 2.16000   0.144  -0.155     0.10    -0.03 5.3996e-01   0.009   0.035
 2.18000   0.146  -0.156     0.10    -0.03 5.4453e-01   0.009   0.035
 2.20000   0.148  -0.156     0.10    -0.03 5.4920e-01   0.009   0.035
 2.22000   0.150  -0.157     0.10    -0.03 5.5398e-01   0.008   0.035
 2.24000   0.151  -0.157     0.10    -0.03 5.5887e-01   0.008   0.035
 2.26000   0.153  -0.158     0.10    -0.03 5.6386e-01   0.008   0.035
 2.28000   0.155  -0.159     0.10    -0.03 5.6896e-01   0.007   0.035
 2.30000   0.157  -0.159     0.10    -0.03 5.7416e-01   0.007   0.035
 2.32000   0.159  -0.160     0.10    -0.03 5.7947e-01   0.007   0.035
 2.34000   0.161  -0.160     0.10    -0.03 5.8489e-01   0.006   0.035
 2.36000   0.163  -0.161     0.10    -0.03 5.9042e-01   0.006   0.035
 2.38000   0.165  -0.161     0.10    -0.02 5.9606e-01   0.006   0.035
 2.40000   0.167  -0.162     0.10    -0.02 6.0181e-01   0.005   0.035
 2.42000   0.169  -0.162     0.10    -0.02 6.0767e-01   0.005   0.035
 2.44000   0.171  -0.163     0.10    -0.02 6.1364e-01   0.005   0.035
 2.46000   0.173  -0.163     0.10    -0.02 6.1972e-01   0.004   0.035
 2.48000   0.175  -0.163     0.10    -0.02 6.2591e-01   0.004   0.034
 2.50000   0.177  -0.164     0.10    -0.02 6.3222e-01   0.004   0.034
 2.52000   0.179  -0.164     0.10    -0.02 6.3864e-01   0.003   0.034
 2.54000   0.181  -0.165     0.10    -0.02 6.4517e-01   0.003   0.034
 2.56000   0.183  -0.165     0.10    -0.02 6.5181e-01   0.002   0.034
 2.58000   0.185  -0.165     0.10    -0.02 6.5857e-01   0.002   0.034
 2.60000   0.187  -0.166     0.10    -0.02 6.6544e-01   0.002   0.034
 2.62000   0.189  -0.166     0.10    -0.02 6.7242e-01   0.001   0.034
 2.64000   0.191  -0.166     0.10    -0.02 6.7951e-01   0.001   0.034
 2.66000   0.193  -0.167     0.10    -0.02 6.8672e-01   0.001   0.034
 2.68000   0.195  -0.167     0.10    -0.01 6.9404e-01   0.000   0.034
 2.70000   0.197  -0.167     0.10    -0.01 7.0147e-01   0.000   0.033
 2.72000   0.199  -0.168     0.10    -0.01 7.0901e-01  -0.000   0.033
 2.74000   0.201  -0.168     0.10    -0.01 7.1666e-01  -0.001   0.033
 2.76000   0.203  -0.168     0.10    -0.01 7.2442e-01  -0.001   0.033
 2.78000   0.205  -0.168     0.10    -0.01 7.3229e-01  -0.001   0.033
 2.80000   0.207  -0.169     0.10    -0.01 7.4027e-01  -0.002   0.033
 2.82000   0.209  -0.169     0.10    -0.01 7.4835e-01  -0.002   0.033
 2.84000   0.211  -0.169     0.10    -0.01 7.5655e-01  -0.002   0.032
 2.86000   0.213  -0.169     0.10    -0.01 7.6484e-01  -0.003   0.032
 2.88000   0.215  -0.169     0.10    -0.01 7.7324e-01  -0.003   0.032
 2.90000   0.217  -0.169     0.10    -0.01 7.8174e-01  -0.003   0.032
 2.92000   0.219  -0.170     0.10    -0.01 7.9034e-01  -0.004   0.032
 2.94000   0.221  -0.170     0.10    -0.01 7.9905e-01  -0.004   0.032
 2.96000   0.223  -0.170     0.10    -0.01 8.0784e-01  -0.004   0.032
 2.98000   0.225  -0.170     0.10    -0.00 8.1674e-01  -0.005   0.031
 3.00000   0.227  -0.170     0.10    -0.00 8.2572e-01  -0.005   0.031
 3.02000   0.229  -0.170     0.10    -0.00 8.3480e-01  -0.005   0.031
 3.04000   0.231  -0.170     0.10    -0.00 8.4397e-01  -0.006   0.031
 3.06000   0.233  -0.170     0.10    -0.00 8.5322e-01  -0.006   0.031
 3.08000   0.235  -0.170     0.10    -0.00 8.6256e-01  -0.006   0.030
 3.10000   0.237  -0.170     0.10    -0.00 8.7198e-01  -0.006   0.030
 3.12000   0.239  -0.170     0.10    -0.00 8.8148e-01  -0.007   0.030
 3.14000   0.241  -0.170     0.10     0.00 8.9105e-01  -0.007   0.030
 3.16000   0.243  -0.170     0.10     0.00 9.0070e-01  -0.007   0.029
 3.18000   0.245  -0.170     0.10     0.00 9.1042e-01  -0.008   0.029
 3.20000   0.247  -0.170     0.10     0.00 9.2020e-01  -0.008   0.029
 3.22000   0.249  -0.170     0.10     0.00 9.3005e-01  -0.008   0.029
 3.24000   0.251  -0.170     0.10     0.00 9.3996e-01  -0.008   0.028
 3.26000   0.253  -0.170     0.10     0.00 9.4992e-01  -0.009   0.028
 3.28000   0.255  -0.170     0.10     0.00 9.5994e-01  -0.009   0.028
 3.30000   0.257  -0.170     0.10     0.00 9.7001e-01  -0.009   0.028
 3.32000   0.259  -0.170     0.10     0.01 9.8013e-01  -0.009   0.027
 3.34000   0.261  -0.170     0.10     0.01 9.9028e-01  -0.010   0.027
 3.36000   0.262  -0.169     0.10     0.01 1.0005e+00  -0.010   0.027
 3.38000   0.264  -0.169     0.10     0.01 1.0107e+00  -0.010   0.026
 3.40000   0.266  -0.169     0.10     0.01 1.0210e+00  -0.010   0.026
 3.42000   0.268  -0.169     0.10     0.01 1.0313e+00  -0.011   0.026
 3.44000   0.270  -0.169     0.10     0.01 1.0416e+00  -0.011   0.025
 3.46000   0.272  -0.169     0.10     0.01 1.0519e+00  -0.011   0.025
 3.48000   0.274  -0.168     0.10     0.01 1.0623e+00  -0.011   0.025
 3.50000   0.276  -0.168     0.10     0.01 1.0726e+00  -0.011   0.025
 3.52000   0.278  -0.168     0.09     0.01 1.0830e+00  -0.012   0.024
 3.54000   0.280  -0.168     0.09     0.01 1.0934e+00  -0.012   0.024
 3.56000   0.282  -0.168     0.09     0.01 1.1037e+00  -0.012   0.024
 3.58000   0.283  -0.167     0.09     0.01 1.1141e+00  -0.012   0.023
 3.60000   0.285  -0.167     0.09     0.01 1.1245e+00  -0.012   0.023
 3.62000   0.287  -0.167     0.09     0.01 1.1348e+00  -0.012   0.023
 3.64000   0.289  -0.167     0.09     0.01 1.1451e+00  -0.012   0.022
 3.66000   0.291  -0.166     0.09     0.01 1.1554e+00  -0.013   0.022
 3.68000   0.293  -0.166     0.09     0.01 1.1657e+00  -0.013   0.022
 3.70000   0.295  -0.166     0.09     0.01 1.1760e+00  -0.013   0.021
 3.72000   0.297  -0.166     0.09     0.02 1.1862e+00  -0.013   0.021
 3.74000   0.298  -0.165     0.09     0.02 1.1964e+00  -0.013   0.020
 3.76000   0.300  -0.165     0.09     0.02 1.2065e+00  -0.013   0.020
 3.78000   0.302  -0.165     0.09     0.02 1.2166e+00  -0.013   0.020
 3.80000   0.304  -0.164     0.09     0.02 1.2267e+00  -0.013   0.019
 3.82000   0.306  -0.164     0.09     0.02 1.2367e+00  -0.013   0.019
 3.84000   0.308  -0.164     0.09     0.02 1.2467e+00  -0.013   0.019
 3.86000   0.309  -0.163     0.09     0.02 1.2566e+00  -0.013   0.018
 3.88000   0.311  -0.163     0.09     0.02 1.2664e+00  -0.013   0.018
 3.90000   0.313  -0.163     0.09     0.02 1.2762e+00  -0.013   0.018
 3.92000   0.315  -0.162     0.09     0.02 1.2859e+00  -0.013   0.017
 3.94000   0.317  -0.162     0.09     0.02 1.2956e+00  -0.014   0.017
 3.96000   0.318  -0.161     0.09     0.02 1.3052e+00  -0.014   0.017
 3.98000   0.320  -0.161     0.09     0.02 1.3147e+00  -0.014   0.016
 4.00000   0.322  -0.161     0.09     0.02 1.3241e+00  -0.014   0.016
 4.02000   0.324  -0.160     0.09     0.02 1.3335e+00  -0.014   0.016
 4.04000   0.325  -0.160     0.09     0.02 1.3428e+00  -0.014   0.015
 4.06000   0.327  -0.159     0.09     0.02 1.3520e+00  -0.014   0.015
 4.08000   0.329  -0.159     0.09     0.02 1.3611e+00  -0.013   0.015
 4.10000   0.331  -0.158     0.09     0.02 1.3701e+00  -0.013   0.015
 4.12000   0.332  -0.158     0.09     0.02 1.3791e+00  -0.013   0.014
 4.14000   0.334  -0.158     0.09     0.02 1.3880e+00  -0.013   0.014
 4.16000   0.336  -0.157     0.09     0.02 1.3968e+00  -0.013   0.014
 4.18000   0.338  -0.157     0.09     0.02 1.4055e+00  -0.013   0.013
 4.20000   0.339  -0.156     0.09     0.02 1.4141e+00  -0.013   0.013
 4.22000   0.341  -0.156     0.09     0.02 1.4226e+00  -0.013   0.013
 4.24000   0.343  -0.155     0.09     0.02 1.4310e+00  -0.013   0.013
 4.26000   0.344  -0.155     0.09     0.02 1.4393e+00  -0.013   0.012
 4.28000   0.346  -0.154     0.08     0.02 1.4476e+00  -0.013   0.012
 4.30000   0.348  -0.154     0.08     0.02 1.4557e+00  -0.013   0.012
 4.32000   0.350  -0.153     0.08     0.02 1.4638e+00  -0.013   0.011
 4.34000   0.351  -0.153     0.08     0.02 1.4717e+00  -0.013   0.011
 4.36000   0.353  -0.152     0.08     0.03 1.4796e+00  -0.013   0.011
 4.38000   0.355  -0.152     0.08     0.03 1.4874e+00  -0.013   0.011
 4.40000   0.356  -0.151     0.08     0.03 1.4950e+00  -0.013   0.010
 4.42000   0.358  -0.151     0.08     0.03 1.5026e+00  -0.012   0.010
 4.44000   0.360  -0.150     0.08     0.03 1.5101e+00  -0.012   0.010
 4.46000   0.361  -0.150     0.08     0.03 1.5175e+00  -0.012   0.010
 4.48000   0.363  -0.149     0.08     0.03 1.5248e+00  -0.012   0.009
 4.50000   0.365  -0.149     0.08     0.03 1.5320e+00  -0.012   0.009
 4.52000   0.366  -0.148     0.08     0.03 1.5391e+00  -0.012   0.009
 4.54000   0.368  -0.148     0.08     0.03 1.5461e+00  -0.012   0.009
 4.56000   0.369  -0.147     0.08     0.03 1.5530e+00  -0.012   0.009
 4.58000   0.371  -0.147     0.08     0.03 1.5598e+00  -0.012   0.008
 4.60000   0.373  -0.146     0.08     0.03 1.5666e+00  -0.012   0.008
 4.62000   0.374  -0.146     0.08     0.03 1.5732e+00  -0.012   0.008
 4.64000   0.376  -0.145     0.08     0.03 1.5798e+00  -0.011   0.008
 4.66000   0.378  -0.144     0.08     0.03 1.5862e+00  -0.011   0.008
 4.68000   0.379  -0.144     0.08     0.03 1.5926e+00  -0.011   0.007
 4.70000   0.381  -0.143     0.08     0.03 1.5989e+00  -0.011   0.007
 4.72000   0.382  -0.143     0.08     0.03 1.6050e+00  -0.011   0.007
 4.74000   0.384  -0.142     0.08     0.03 1.6112e+00  -0.011   0.007
 4.76000   0.386  -0.142     0.08     0.03 1.6172e+00  -0.011   0.007
 4.78000   0.387  -0.141     0.08     0.03 1.6231e+00  -0.011   0.007
 4.80000   0.389  -0.140     0.08     0.03 1.6289e+00  -0.011   0.006
 4.82000   0.390  -0.140     0.08     0.03 1.6347e+00  -0.010   0.006
 4.84000   0.392  -0.139     0.08     0.03 1.6404e+00  -0.010   0.006
 4.86000   0.393  -0.139     0.08     0.03 1.6460e+00  -0.010   0.006
 4.88000   0.395  -0.138     0.08     0.03 1.6515e+00  -0.010   0.006
 4.90000   0.396  -0.138     0.08     0.03 1.6569e+00  -0.010   0.006
 4.92000   0.398  -0.137     0.08     0.03 1.6623e+00  -0.010   0.006
 4.94000   0.400  -0.136     0.08     0.03 1.6676e+00  -0.010   0.005
 4.96000   0.401  -0.136     0.08     0.03 1.6728e+00  -0.010   0.005
 4.98000   0.403  -0.135     0.08     0.03 1.6779e+00  -0.010   0.005
 5.00000   0.404  -0.135     0.08     0.03 1.6829e+00  -0.009   0.005
 5.02000   0.406  -0.134     0.08     0.03 1.6879e+00  -0.009   0.005
 5.04000   0.407  -0.133     0.08     0.03 1.6928e+00  -0.009   0.005
 5.06000   0.409  -0.133     0.08     0.03 1.6977e+00  -0.009   0.005
 5.08000   0.410  -0.132     0.08     0.03 1.7024e+00  -0.009   0.005
 5.10000   0.412  -0.132     0.08     0.03 1.7071e+00  -0.009   0.004
 5.12000   0.413  -0.131     0.08     0.03 1.7117e+00  -0.009   0.004
 5.14000   0.415  -0.130     0.08     0.03 1.7163e+00  -0.009   0.004
 5.16000   0.416  -0.130     0.08     0.03 1.7208e+00  -0.009   0.004
 5.18000   0.418  -0.129     0.08     0.03 1.7252e+00  -0.009   0.004
 5.20000   0.419  -0.129     0.07     0.03 1.7295e+00  -0.008   0.004
 5.22000   0.421  -0.128     0.07     0.03 1.7338e+00  -0.008   0.004
 5.24000   0.422  -0.127     0.07     0.03 1.7380e+00  -0.008   0.004
 5.26000   0.424  -0.127     0.07     0.03 1.7422e+00  -0.008   0.004
 5.28000   0.425  -0.126     0.07     0.03 1.7463e+00  -0.008   0.004
 5.30000   0.427  -0.125     0.07     0.03 1.7504e+00  -0.008   0.003
 5.32000   0.428  -0.125     0.07     0.03 1.7543e+00  -0.008   0.003
 5.34000   0.430  -0.124     0.07     0.03 1.7583e+00  -0.008   0.003
 5.36000   0.431  -0.124     0.07     0.03 1.7621e+00  -0.008   0.003
 5.38000   0.433  -0.123     0.07     0.03 1.7659e+00  -0.008   0.003
 5.40000   0.434  -0.122     0.07     0.03 1.7697e+00  -0.008   0.003
 5.42000   0.436  -0.122     0.07     0.03 1.7734e+00  -0.007   0.003
 5.44000   0.437  -0.121     0.07     0.03 1.7771e+00  -0.007   0.003
 5.46000   0.439  -0.120     0.07     0.03 1.7807e+00  -0.007   0.003
 5.48000   0.440  -0.120     0.07     0.03 1.7842e+00  -0.007   0.003
 5.50000   0.442  -0.119     0.07     0.03 1.7877e+00  -0.007   0.003
 5.52000   0.443  -0.118     0.07     0.03 1.7911e+00  -0.007   0.003
 5.54000   0.444  -0.118     0.07     0.03 1.7945e+00  -0.007   0.003
 5.56000   0.446  -0.117     0.07     0.03 1.7979e+00  -0.007   0.003
 5.58000   0.447  -0.117     0.07     0.03 1.8012e+00  -0.007   0.002
 5.60000   0.449  -0.116     0.07     0.03 1.8044e+00  -0.007   0.002
 5.62000   0.450  -0.115     0.07     0.03 1.8076e+00  -0.007   0.002
 5.64000   0.452  -0.115     0.07     0.03 1.8108e+00  -0.007   0.002
 5.66000   0.453  -0.114     0.07     0.03 1.8139e+00  -0.006   0.002
 5.68000   0.454  -0.113     0.07     0.03 1.8170e+00  -0.006   0.002
 5.70000   0.456  -0.113     0.07     0.03 1.8200e+00  -0.006   0.002
 5.72000   0.457  -0.112     0.07     0.03 1.8230e+00  -0.006   0.002
 5.74010   0.459  -0.111     0.07     0.03 1.8259e+00  -0.006   0.002
 5.76010   0.460  -0.111     0.07     0.03 1.8288e+00  -0.006   0.002
 5.78010   0.462  -0.110     0.07     0.03 1.8317e+00  -0.006   0.002
 5.80010   0.463  -0.109     0.07     0.03 1.8345e+00  -0.006   0.002
 5.82010   0.464  -0.109     0.07     0.03 1.8373e+00  -0.006   0.002
 5.84010   0.466  -0.108     0.07     0.03 1.8400e+00  -0.006   0.002
 5.86010   0.467  -0.108     0.07     0.03 1.8427e+00  -0.006   0.002
 5.88010   0.469  -0.107     0.07     0.03 1.8454e+00  -0.006   0.002
 5.90010   0.470  -0.106     0.07     0.03 1.8480e+00  -0.006   0.002
 5.92010   0.471  -0.106     0.07     0.03 1.8506e+00  -0.006   0.002
 5.94010   0.473  -0.105     0.07     0.03 1.8532e+00  -0.006   0.002
 5.96010   0.474  -0.104     0.07     0.03 1.8557e+00  -0.005   0.002
 5.98010   0.476  -0.104     0.07     0.03 1.8582e+00  -0.005   0.002
 6.00010   0.477  -0.103     0.07     0.03 1.8607e+00  -0.005   0.002
 6.02010   0.478  -0.102     0.07     0.03 1.8631e+00  -0.005   0.001
 6.04010   0.480  -0.102     0.07     0.03 1.8655e+00  -0.005   0.001
 6.06010   0.481  -0.101     0.07     0.03 1.8679e+00  -0.005   0.001
 6.08010   0.483  -0.100     0.07     0.03 1.8702e+00  -0.005   0.001
 6.10010   0.484  -0.100     0.07     0.03 1.8725e+00  -0.005   0.001
 6.12010   0.485  -0.099     0.07     0.03 1.8748e+00  -0.005   0.001
 6.14010   0.487  -0.098     0.07     0.03 1.8770e+00  -0.005   0.001
 6.16010   0.488  -0.098     0.07     0.03 1.8792e+00  -0.005   0.001
 6.18010   0.489  -0.097     0.07     0.03 1.8814e+00  -0.005   0.001
 6.20010   0.491  -0.096     0.07     0.03 1.8836e+00  -0.005   0.001
 6.22010   0.492  -0.096     0.07     0.03 1.8857e+00  -0.005   0.001
 6.24010   0.494  -0.095     0.07     0.03 1.8878e+00  -0.005   0.001
 6.26010   0.495  -0.094     0.07     0.03 1.8899e+00  -0.005   0.001
 6.28010   0.496  -0.094     0.07     0.03 1.8919e+00  -0.005   0.001
 6.30010   0.498  -0.093     0.07     0.03 1.8939e+00  -0.005   0.001
 6.32010   0.499  -0.092     0.07     0.03 1.8959e+00  -0.004   0.001
 6.34010   0.500  -0.092     0.07     0.03 1.8979e+00  -0.004   0.001
 6.36010   0.502  -0.091     0.07     0.03 1.8998e+00  -0.004   0.001
 6.38010   0.503  -0.090     0.07     0.03 1.9018e+00  -0.004   0.001
 6.40010   0.504  -0.090     0.07     0.03 1.9037e+00  -0.004   0.001
 6.42010   0.506  -0.089     0.07     0.03 1.9055e+00  -0.004   0.001
 6.44010   0.507  -0.088     0.07     0.03 1.9074e+00  -0.004   0.001
 6.46010   0.508  -0.088     0.07     0.03 1.9092e+00  -0.004   0.001
 6.48010   0.510  -0.087     0.07     0.03 1.9110e+00  -0.004   0.001
 6.50010   0.511  -0.086     0.07     0.03 1.9128e+00  -0.004   0.001
 6.52010   0.513  -0.086     0.07     0.03 1.9146e+00  -0.004   0.001
 6.54010   0.514  -0.085     0.07     0.03 1.9163e+00  -0.004   0.001
 6.56010   0.515  -0.084     0.07     0.03 1.9180e+00  -0.004   0.001
 6.58010   0.517  -0.084     0.07     0.03 1.9197e+00  -0.004   0.001
 6.60010   0.518  -0.083     0.07     0.03 1.9214e+00  -0.004   0.001
 6.62010   0.519  -0.082     0.07     0.03 1.9231e+00  -0.004   0.001
 6.64010   0.521  -0.082     0.07     0.03 1.9247e+00  -0.004   0.001
 6.66010   0.522  -0.081     0.07     0.03 1.9263e+00  -0.004   0.001
 6.68010   0.523  -0.080     0.07     0.03 1.9279e+00  -0.004   0.001
 6.70010   0.525  -0.080     0.07     0.03 1.9295e+00  -0.004   0.001
 6.72010   0.526  -0.079     0.07     0.03 1.9311e+00  -0.004   0.001
 6.74010   0.527  -0.078     0.07     0.03 1.9326e+00  -0.004   0.001
 6.76010   0.529  -0.078     0.07     0.03 1.9341e+00  -0.004   0.001
 6.78010   0.530  -0.077     0.07     0.03 1.9356e+00  -0.003   0.001
 6.80010   0.531  -0.076     0.07     0.03 1.9371e+00  -0.003   0.001
 6.82010   0.532  -0.076     0.07     0.03 1.9386e+00  -0.003   0.001
 6.84010   0.534  -0.075     0.07     0.03 1.9401e+00  -0.003   0.001
 6.86010   0.535  -0.074     0.07     0.03 1.9415e+00  -0.003   0.001
 6.88010   0.536  -0.074     0.07     0.03 1.9429e+00  -0.003   0.001
 6.90010   0.538  -0.073     0.07     0.03 1.9444e+00  -0.003   0.001
 6.92010   0.539  -0.072     0.07     0.03 1.9457e+00  -0.003   0.001
 6.94010   0.540  -0.072     0.07     0.03 1.9471e+00  -0.003   0.001
 6.96010   0.542  -0.071     0.07     0.03 1.9485e+00  -0.003   0.001
 6.98010   0.543  -0.070     0.07     0.03 1.9498e+00  -0.003   0.001
 7.00010   0.544  -0.070     0.07     0.03 1.9512e+00  -0.003   0.001
 7.02010   0.546  -0.069     0.07     0.03 1.9525e+00  -0.003   0.001
 7.04010   0.547  -0.068     0.07     0.03 1.9538e+00  -0.003   0.000
 7.06010   0.548  -0.068     0.07     0.03 1.9551e+00  -0.003   0.000
 7.08010   0.550  -0.067     0.07     0.03 1.9564e+00  -0.003   0.000
 7.10010   0.551  -0.066     0.07     0.03 1.9576e+00  -0.003   0.000
 7.12010   0.552  -0.066     0.07     0.03 1.9589e+00  -0.003   0.000
 7.14010   0.553  -0.065     0.07     0.03 1.9601e+00  -0.003   0.000
 7.16010   0.555  -0.064     0.06     0.03 1.9613e+00  -0.003   0.000
 7.18010   0.556  -0.064     0.06     0.03 1.9625e+00  -0.003   0.000
 7.20010   0.557  -0.063     0.06     0.03 1.9637e+00  -0.003   0.000
 7.22010   0.559  -0.062     0.06     0.03 1.9649e+00  -0.003   0.000
 7.24010   0.560  -0.061     0.06     0.03 1.9661e+00  -0.003   0.000
 7.26010   0.561  -0.061     0.06     0.03 1.9672e+00  -0.003   0.000
 7.28010   0.563  -0.060     0.06     0.03 1.9684e+00  -0.003   0.000
 7.30010   0.564  -0.059     0.06     0.03 1.9695e+00  -0.003   0.000
 7.32010   0.565  -0.059     0.06     0.03 1.9706e+00  -0.003   0.000
 7.34010   0.566  -0.058     0.06     0.03 1.9718e+00  -0.003   0.000
 7.36010   0.568  -0.057     0.06     0.03 1.9729e+00  -0.003   0.000
 7.38010   0.569  -0.057     0.06     0.03 1.9739e+00  -0.003   0.000
 7.40010   0.570  -0.056     0.06     0.03 1.9750e+00  -0.003   0.000
 7.42010   0.572  -0.055     0.06     0.03 1.9761e+00  -0.003   0.000
 7.44010   0.573  -0.055     0.06     0.03 1.9771e+00  -0.003   0.000
 7.46010   0.574  -0.054     0.06     0.03 1.9782e+00  -0.002   0.000
 7.48010   0.575  -0.053     0.06     0.03 1.9792e+00  -0.002   0.000
 7.50010   0.577  -0.053     0.06     0.03 1.9802e+00  -0.002   0.000
 7.52010   0.578  -0.052     0.06     0.03 1.9813e+00  -0.002   0.000
 7.54010   0.579  -0.051     0.06     0.03 1.9823e+00  -0.002   0.000
 7.56010   0.581  -0.051     0.06     0.03 1.9833e+00  -0.002   0.000
 7.58010   0.582  -0.050     0.06     0.03 1.9842e+00  -0.002   0.000
 7.60010   0.583  -0.049     0.06     0.03 1.9852e+00  -0.002   0.000
 7.62010   0.584  -0.049     0.06     0.03 1.9862e+00  -0.002   0.000
 7.64010   0.586  -0.048     0.06     0.03 1.9871e+00  -0.002   0.000
 7.66010   0.587  -0.047     0.06     0.03 1.9881e+00  -0.002   0.000
 7.68010   0.588  -0.047     0.06     0.03 1.9890e+00  -0.002   0.000
 7.70010   0.589  -0.046     0.06     0.03 1.9900e+00  -0.002   0.000
 7.72010   0.591  -0.045     0.06     0.03 1.9909e+00  -0.002   0.000
 7.74010   0.592  -0.045     0.06     0.03 1.9918e+00  -0.002   0.000
 7.76010   0.593  -0.044     0.06     0.03 1.9927e+00  -0.002   0.000
 7.78010   0.595  -0.043     0.06     0.03 1.9936e+00  -0.002   0.000
 7.80010   0.596  -0.042     0.06     0.03 1.9945e+00  -0.002   0.000
 7.82010   0.597  -0.042     0.06     0.03 1.9953e+00  -0.002   0.000
 7.84010   0.598  -0.041     0.06     0.03 1.9962e+00  -0.002   0.000
 7.86010   0.600  -0.040     0.06     0.03 1.9971e+00  -0.002   0.000
 7.88010   0.601  -0.040     0.06     0.03 1.9979e+00  -0.002   0.000
 7.90010   0.602  -0.039     0.06     0.03 1.9988e+00  -0.002   0.000
 7.92010   0.603  -0.038     0.06     0.03 1.9996e+00  -0.002   0.000
 7.94010   0.605  -0.038     0.06     0.03 2.0004e+00  -0.002   0.000
 7.96010   0.606  -0.037     0.06     0.03 2.0013e+00  -0.002   0.000
 7.98010   0.607  -0.036     0.06     0.03 2.0021e+00  -0.002   0.000
 8.00010   0.608  -0.036     0.06     0.03 2.0029e+00  -0.002   0.000
 8.02010   0.610  -0.035     0.06     0.03 2.0037e+00  -0.002   0.000
 8.04010   0.611  -0.034     0.06     0.03 2.0045e+00  -0.002   0.000
 8.06010   0.612  -0.034     0.06     0.03 2.0053e+00  -0.002   0.000
 8.08010   0.613  -0.033     0.06     0.03 2.0060e+00  -0.002   0.000
 8.10010   0.615  -0.032     0.06     0.03 2.0068e+00  -0.002   0.000
 8.12010   0.616  -0.032     0.06     0.03 2.0076e+00  -0.002   0.000
 8.14010   0.617  -0.031     0.06     0.03 2.0083e+00  -0.002   0.000
 8.16010   0.618  -0.030     0.06     0.03 2.0091e+00  -0.002   0.000
 8.18010   0.620  -0.030     0.06     0.03 2.0098e+00  -0.002   0.000
 8.20010   0.621  -0.029     0.06     0.03 2.0106e+00  -0.002   0.000
 8.22010   0.622  -0.028     0.06     0.03 2.0113e+00  -0.002   0.000
 8.24010   0.623  -0.028     0.06     0.03 2.0120e+00  -0.002   0.000
 8.26010   0.625  -0.027     0.06     0.03 2.0127e+00  -0.002   0.000
 8.28010   0.626  -0.026     0.06     0.03 2.0134e+00  -0.002   0.000
 8.30010   0.627  -0.025     0.06     0.03 2.0141e+00  -0.002   0.000
 8.32010   0.628  -0.025     0.06     0.03 2.0148e+00  -0.002   0.000
 8.34010   0.630  -0.024     0.06     0.03 2.0155e+00  -0.002   0.000
 8.36010   0.631  -0.023     0.06     0.03 2.0162e+00  -0.002   0.000
 8.38010   0.632  -0.023     0.06     0.03 2.0169e+00  -0.002   0.000
 8.40010   0.633  -0.022     0.06     0.03 2.0176e+00  -0.002   0.000
 8.42010   0.635  -0.021     0.06     0.03 2.0183e+00  -0.002   0.000
 8.44010   0.636  -0.021     0.06     0.03 2.0189e+00  -0.002   0.000
 8.46010   0.637  -0.020     0.06     0.03 2.0196e+00  -0.002   0.000
 8.48010   0.638  -0.019     0.06     0.03 2.0202e+00  -0.002   0.000
 8.50010   0.640  -0.019     0.06     0.03 2.0209e+00  -0.002   0.000
 8.52010   0.641  -0.018     0.06     0.03 2.0215e+00  -0.002   0.000
 8.54010   0.642  -0.017     0.06     0.03 2.0222e+00  -0.002   0.000
 8.56010   0.643  -0.017     0.06     0.03 2.0228e+00  -0.002   0.000
 8.58010   0.645  -0.016     0.06     0.03 2.0234e+00  -0.002   0.000
 8.60010   0.646  -0.015     0.06     0.03 2.0241e+00  -0.002   0.000
 8.62010   0.647  -0.015     0.06     0.03 2.0247e+00  -0.002   0.000
 8.64010   0.648  -0.014     0.06     0.03 2.0253e+00  -0.001   0.000
 8.66010   0.650  -0.013     0.06     0.03 2.0259e+00  -0.001   0.000
 8.68010   0.651  -0.012     0.06     0.03 2.0265e+00  -0.001   0.000
 8.70010   0.652  -0.012     0.06     0.03 2.0271e+00  -0.001   0.000
 8.72010   0.653  -0.011     0.06     0.03 2.0277e+00  -0.001   0.000
 8.74010   0.655  -0.010     0.06     0.03 2.0283e+00  -0.001   0.000
 8.76010   0.656  -0.010     0.06     0.03 2.0289e+00  -0.001   0.000
 8.78010   0.657  -0.009     0.06     0.03 2.0294e+00  -0.001   0.000
 8.80010   0.658  -0.008     0.06     0.03 2.0300e+00  -0.001   0.000
 8.82010   0.659  -0.008     0.06     0.03 2.0306e+00  -0.001   0.000
 8.84010   0.661  -0.007     0.06     0.03 2.0312e+00  -0.001   0.000
 8.86010   0.662  -0.006     0.06     0.03 2.0317e+00  -0.001   0.000
 8.88010   0.663  -0.006     0.06     0.03 2.0323e+00  -0.001   0.000
 8.90010   0.664  -0.005     0.06     0.03 2.0328e+00  -0.001   0.000
 8.92010   0.666  -0.004     0.06     0.03 2.0334e+00  -0.001   0.000
 8.94010   0.667  -0.004     0.06     0.03 2.0339e+00  -0.001   0.000
 8.96010   0.668  -0.003     0.06     0.03 2.0345e+00  -0.001   0.000
 8.98010   0.669  -0.002     0.06     0.03 2.0350e+00  -0.001   0.000
 9.00010   0.671  -0.002     0.06     0.03 2.0355e+00  -0.001   0.000
 9.02010   0.672  -0.001     0.06     0.03 2.0361e+00  -0.001   0.000
 9.04010   0.673  -0.000     0.06     0.03 2.0366e+00  -0.001   0.000
 9.06010   0.674   0.001     0.06     0.03 2.0371e+00  -0.001   0.000
 9.08010   0.675   0.001     0.06     0.03 2.0376e+00  -0.001   0.000
 9.10010   0.677   0.002     0.06     0.03 2.0381e+00  -0.001   0.000
 9.12010   0.678   0.003     0.06     0.03 2.0386e+00  -0.001   0.000
 9.14010   0.679   0.003     0.06     0.03 2.0391e+00  -0.001   0.000
 9.16010   0.680   0.004     0.06     0.03 2.0396e+00  -0.001   0.000
 9.18010   0.682   0.005     0.06     0.03 2.0401e+00  -0.001   0.000
 9.20010   0.683   0.005     0.06     0.03 2.0406e+00  -0.001   0.000
 9.22010   0.684   0.006     0.06     0.03 2.0411e+00  -0.001   0.000
 9.24010   0.685   0.007     0.06     0.03 2.0416e+00  -0.001   0.000
 9.26010   0.686   0.007     0.06     0.03 2.0421e+00  -0.001   0.000
 9.28010   0.688   0.008     0.06     0.03 2.0426e+00  -0.001   0.000
 9.30010   0.689   0.009     0.06     0.03 2.0430e+00  -0.001   0.000
 9.32010   0.690   0.009     0.06     0.03 2.0435e+00  -0.001   0.000
 9.34010   0.691   0.010     0.06     0.03 2.0440e+00  -0.001   0.000
 9.36010   0.693   0.011     0.06     0.03 2.0444e+00  -0.001   0.000
 9.38010   0.694   0.011     0.06     0.03 2.0449e+00  -0.001   0.000
 9.40010   0.695   0.012     0.06     0.03 2.0454e+00  -0.001   0.000
 9.42010   0.696   0.013     0.06     0.03 2.0458e+00  -0.001   0.000
 9.44010   0.697   0.014     0.06     0.03 2.0463e+00  -0.001   0.000
 9.46010   0.699   0.014     0.06     0.03 2.0467e+00  -0.001   0.000
 9.48010   0.700   0.015     0.06     0.03 2.0472e+00  -0.001   0.000
 9.50010   0.701   0.016     0.06     0.03 2.0476e+00  -0.001   0.000
 9.52010   0.702   0.016     0.06     0.03 2.0481e+00  -0.001   0.000
 9.54010   0.703   0.017     0.06     0.03 2.0485e+00  -0.001   0.000
 9.56010   0.705   0.018     0.06     0.03 2.0489e+00  -0.001   0.000
 9.58010   0.706   0.018     0.06     0.03 2.0494e+00  -0.001   0.000
 9.60010   0.707   0.019     0.06     0.03 2.0498e+00  -0.001   0.000
 9.62010   0.708   0.020     0.06     0.03 2.0502e+00  -0.001   0.000
 9.64010   0.710   0.020     0.06     0.03 2.0506e+00  -0.001   0.000
 9.66010   0.711   0.021     0.06     0.03 2.0510e+00  -0.001   0.000
 9.68010   0.712   0.022     0.06     0.03 2.0515e+00  -0.001   0.000
 9.70010   0.713   0.022     0.06     0.03 2.0519e+00  -0.001   0.000
 9.72010   0.714   0.023     0.06     0.03 2.0523e+00  -0.001   0.000
 9.74010   0.716   0.024     0.06     0.03 2.0527e+00  -0.001   0.000
 9.76010   0.717   0.024     0.06     0.03 2.0531e+00  -0.001   0.000
 9.78010   0.718   0.025     0.06     0.03 2.0535e+00  -0.001   0.000
 9.80010   0.719   0.026     0.06     0.03 2.0539e+00  -0.001   0.000
 9.82010   0.720   0.027     0.06     0.03 2.0543e+00  -0.001   0.000
 9.84010   0.722   0.027     0.06     0.03 2.0547e+00  -0.001   0.000
 9.86010   0.723   0.028     0.06     0.03 2.0551e+00  -0.001   0.000
 9.88010   0.724   0.029     0.06     0.03 2.0555e+00  -0.001   0.000
 9.90010   0.725   0.029     0.06     0.03 2.0559e+00  -0.001   0.000
 9.92010   0.726   0.030     0.06     0.03 2.0562e+00  -0.001   0.000
 9.94010   0.728   0.031     0.06     0.03 2.0566e+00  -0.001   0.000
 9.96010   0.729   0.031     0.06     0.03 2.0570e+00  -0.001   0.000
 9.98010   0.730   0.032     0.06     0.03 2.0574e+00  -0.001   0.000
10.00010   0.731   0.033     0.06     0.03 2.0577e+00  -0.001   0.000
10.02010   0.733   0.033     0.06     0.03 2.0581e+00  -0.001   0.000
10.04010   0.734   0.034     0.06     0.03 2.0585e+00  -0.001   0.000
10.06010   0.735   0.035     0.06     0.03 2.0589e+00  -0.001   0.000
10.08010   0.736   0.035     0.06     0.03 2.0592e+00  -0.001   0.000
10.10010   0.737   0.036     0.06     0.03 2.0596e+00  -0.001   0.000
10.12010   0.739   0.037     0.06     0.03 2.0599e+00  -0.001   0.000
10.14010   0.740   0.037     0.06     0.03 2.0603e+00  -0.001   0.000
10.16010   0.741   0.038     0.06     0.03 2.0607e+00  -0.001   0.000
10.18010   0.742   0.039     0.06     0.03 2.0610e+00  -0.001   0.000
10.20010   0.743   0.040     0.06     0.03 2.0614e+00  -0.001   0.000
10.22010   0.745   0.040     0.06     0.03 2.0617e+00  -0.001   0.000
10.24010   0.746   0.041     0.06     0.03 2.0620e+00  -0.001   0.000
10.26010   0.747   0.042     0.06     0.03 2.0624e+00  -0.001   0.000
10.28010   0.748   0.042     0.06     0.03 2.0627e+00  -0.001   0.000
10.30010   0.749   0.043     0.06     0.03 2.0631e+00  -0.001   0.000
10.32010   0.751   0.044     0.06     0.03 2.0634e+00  -0.001   0.000
10.34010   0.752   0.044     0.06     0.03 2.0637e+00  -0.001   0.000
10.36010   0.753   0.045     0.06     0.03 2.0641e+00  -0.001   0.000
10.38010   0.754   0.046     0.06     0.03 2.0644e+00  -0.001   0.000
10.40010   0.755   0.046     0.06     0.03 2.0647e+00  -0.001   0.000
10.42010   0.757   0.047     0.06     0.03 2.0651e+00  -0.001   0.000
10.44010   0.758   0.048     0.06     0.03 2.0654e+00  -0.001   0.000
10.46010   0.759   0.048     0.06     0.03 2.0657e+00  -0.001   0.000
10.48010   0.760   0.049     0.06     0.03 2.0660e+00  -0.001   0.000
10.50010   0.761   0.050     0.06     0.03 2.0664e+00  -0.001   0.000
10.52010   0.763   0.051     0.06     0.03 2.0667e+00  -0.001   0.000
10.54010   0.764   0.051     0.06     0.03 2.0670e+00  -0.001   0.000
10.56010   0.765   0.052     0.06     0.03 2.0673e+00  -0.001   0.000
10.58010   0.766   0.053     0.06     0.03 2.0676e+00  -0.001   0.000
10.60010   0.767   0.053     0.06     0.03 2.0679e+00  -0.001   0.000
10.62010   0.769   0.054     0.06     0.03 2.0682e+00  -0.001   0.000
10.64010   0.770   0.055     0.06     0.03 2.0685e+00  -0.001   0.000
10.66010   0.771   0.055     0.06     0.03 2.0688e+00  -0.001   0.000
10.68010   0.772   0.056     0.06     0.03 2.0691e+00  -0.001   0.000
10.70010   0.773   0.057     0.06     0.03 2.0694e+00  -0.001   0.000
10.72010   0.775   0.057     0.06     0.03 2.0697e+00  -0.001   0.000
10.74010   0.776   0.058     0.06     0.03 2.0700e+00  -0.001   0.000
10.76010   0.777   0.059     0.06     0.03 2.0703e+00  -0.001   0.000
10.78010   0.778   0.059     0.06     0.03 2.0706e+00  -0.001   0.000
10.80010   0.779   0.060     0.06     0.03 2.0709e+00  -0.001   0.000
10.82010   0.780   0.061     0.06     0.03 2.0712e+00  -0.001   0.000
10.84010   0.782   0.062     0.06     0.03 2.0715e+00  -0.001   0.000
10.86010   0.783   0.062     0.06     0.03 2.0718e+00  -0.001   0.000
10.88010   0.784   0.063     0.06     0.03 2.0721e+00  -0.001   0.000
10.90010   0.785   0.064     0.06     0.03 2.0724e+00  -0.001   0.000
10.92010   0.786   0.064     0.06     0.03 2.0726e+00  -0.001   0.000
10.94010   0.788   0.065     0.06     0.03 2.0729e+00  -0.001   0.000
10.96010   0.789   0.066     0.06     0.03 2.0732e+00  -0.001   0.000
10.98010   0.790   0.066     0.06     0.03 2.0735e+00  -0.001   0.000
11.00010   0.791   0.067     0.06     0.03 2.0738e+00  -0.001   0.000
11.02010   0.792   0.068     0.06     0.03 2.0740e+00  -0.001   0.000
11.04010   0.794   0.068     0.06     0.03 2.0743e+00  -0.001   0.000
11.06010   0.795   0.069     0.06     0.03 2.0746e+00  -0.001   0.000
11.08010   0.796   0.070     0.06     0.03 2.0748e+00  -0.001   0.000
11.10010   0.797   0.070     0.06     0.03 2.0751e+00  -0.001   0.000
11.12010   0.798   0.071     0.06     0.03 2.0754e+00  -0.001   0.000
11.14010   0.800   0.072     0.06     0.03 2.0756e+00  -0.001   0.000
11.16010   0.801   0.072     0.06     0.03 2.0759e+00  -0.001   0.000
11.18010   0.802   0.073     0.06     0.03 2.0762e+00  -0.001   0.000
11.20010   0.803   0.074     0.06     0.03 2.0764e+00  -0.001   0.000
11.22010   0.804   0.075     0.06     0.03 2.0767e+00  -0.001   0.000
11.24010   0.805   0.075     0.06     0.03 2.0769e+00  -0.001   0.000
11.26010   0.807   0.076     0.06     0.03 2.0772e+00  -0.001   0.000
11.28010   0.808   0.077     0.06     0.03 2.0775e+00  -0.001   0.000
11.30010   0.809   0.077     0.06     0.03 2.0777e+00  -0.001   0.000
11.32010   0.810   0.078     0.06     0.03 2.0780e+00  -0.001   0.000
11.34010   0.811   0.079     0.06     0.03 2.0782e+00  -0.001   0.000
11.36010   0.813   0.079     0.06     0.03 2.0785e+00  -0.001   0.000
11.38010   0.814   0.080     0.06     0.03 2.0787e+00  -0.001   0.000
11.40010   0.815   0.081     0.06     0.03 2.0790e+00  -0.001   0.000
11.42010   0.816   0.081     0.06     0.03 2.0792e+00  -0.001   0.000
11.44010   0.817   0.082     0.06     0.03 2.0794e+00  -0.001   0.000
11.46010   0.819   0.083     0.06     0.03 2.0797e+00  -0.001   0.000
11.48010   0.820   0.083     0.06     0.03 2.0799e+00  -0.001   0.000
11.50010   0.821   0.084     0.06     0.03 2.0802e+00  -0.001   0.000
11.52010   0.822   0.085     0.06     0.03 2.0804e+00  -0.001   0.000
11.54010   0.823   0.086     0.06     0.03 2.0806e+00  -0.001   0.000
11.56010   0.824   0.086     0.06     0.03 2.0809e+00  -0.001   0.000
11.58010   0.826   0.087     0.06     0.03 2.0811e+00  -0.001   0.000
11.60010   0.827   0.088     0.06     0.03 2.0814e+00  -0.001   0.000
11.62010   0.828   0.088     0.06     0.03 2.0816e+00  -0.001   0.000
11.64010   0.829   0.089     0.06     0.03 2.0818e+00  -0.001   0.000
11.66010   0.830   0.090     0.06     0.03 2.0820e+00  -0.001   0.000
11.68010   0.832   0.090     0.06     0.03 2.0823e+00  -0.001   0.000
11.70010   0.833   0.091     0.06     0.03 2.0825e+00  -0.001   0.000
11.72010   0.834   0.092     0.06     0.03 2.0827e+00  -0.001   0.000
11.74010   0.835   0.092     0.06     0.03 2.0830e+00  -0.001   0.000
11.76010   0.836   0.093     0.06     0.03 2.0832e+00  -0.001   0.000
11.78010   0.837   0.094     0.06     0.03 2.0834e+00  -0.001   0.000
11.80010   0.839   0.094     0.06     0.03 2.0836e+00  -0.001   0.000
11.82010   0.840   0.095     0.06     0.03 2.0838e+00  -0.001   0.000
11.84010   0.841   0.096     0.06     0.03 2.0841e+00  -0.001   0.000
11.86010   0.842   0.097     0.06     0.03 2.0843e+00  -0.001   0.000
11.88010   0.843   0.097     0.06     0.03 2.0845e+00  -0.000   0.000
11.90010   0.845   0.098     0.06     0.03 2.0847e+00  -0.000   0.000
11.92010   0.846   0.099     0.06     0.03 2.0849e+00  -0.000   0.000
11.94010   0.847   0.099     0.06     0.03 2.0852e+00  -0.000   0.000
11.96010   0.848   0.100     0.06     0.03 2.0854e+00  -0.000   0.000
11.98010   0.849   0.101     0.06     0.03 2.0856e+00  -0.000   0.000
12.00010   0.850   0.101     0.06     0.03 2.0858e+00  -0.000   0.000
12.02010   0.852   0.102     0.06     0.03 2.0860e+00  -0.000   0.000
12.04010   0.853   0.103     0.06     0.03 2.0862e+00  -0.000   0.000
12.06010   0.854   0.103     0.06     0.03 2.0864e+00  -0.000   0.000
12.08010   0.855   0.104     0.06     0.03 2.0866e+00  -0.000   0.000
12.10010   0.856   0.105     0.06     0.03 2.0868e+00  -0.000   0.000
12.12010   0.857   0.105     0.06     0.03 2.0870e+00  -0.000   0.000
12.14010   0.859   0.106     0.06     0.03 2.0872e+00  -0.000   0.000
12.16010   0.860   0.107     0.06     0.03 2.0874e+00  -0.000   0.000
12.18010   0.861   0.108     0.06     0.03 2.0876e+00  -0.000   0.000
12.20010   0.862   0.108     0.06     0.03 2.0878e+00  -0.000   0.000
12.22010   0.863   0.109     0.06     0.03 2.0880e+00  -0.000   0.000
12.24010   0.865   0.110     0.06     0.03 2.0882e+00  -0.000   0.000
12.26010   0.866   0.110     0.06     0.03 2.0884e+00  -0.000   0.000
12.28010   0.867   0.111     0.06     0.03 2.0886e+00  -0.000   0.000
12.30010   0.868   0.112     0.06     0.03 2.0888e+00  -0.000   0.000
12.32010   0.869   0.112     0.06     0.03 2.0890e+00  -0.000   0.000
12.34010   0.870   0.113     0.06     0.03 2.0892e+00  -0.000   0.000
12.36010   0.872   0.114     0.06     0.03 2.0894e+00  -0.000   0.000
12.38010   0.873   0.114     0.06     0.03 2.0896e+00  -0.000   0.000
12.40010   0.874   0.115     0.06     0.03 2.0898e+00  -0.000   0.000
12.42010   0.875   0.116     0.06     0.03 2.0900e+00  -0.000   0.000
12.44010   0.876   0.116     0.06     0.03 2.0902e+00  -0.000   0.000
12.46010   0.877   0.117     0.06     0.03 2.0904e+00  -0.000   0.000
12.48010   0.879   0.118     0.06     0.03 2.0906e+00  -0.000   0.000
12.50010   0.880   0.119     0.06     0.03 2.0907e+00  -0.000   0.000
12.52010   0.881   0.119     0.06     0.03 2.0909e+00  -0.000   0.000
12.54010   0.882   0.120     0.06     0.03 2.0911e+00  -0.000   0.000
12.56010   0.883   0.121     0.06     0.03 2.0913e+00  -0.000   0.000
12.58010   0.885   0.121     0.06     0.03 2.0915e+00  -0.000   0.000
12.60010   0.886   0.122     0.06     0.03 2.0917e+00  -0.000   0.000
12.62010   0.887   0.123     0.06     0.03 2.0918e+00  -0.000   0.000
12.64010   0.888   0.123     0.06     0.03 2.0920e+00  -0.000   0.000
12.66010   0.889   0.124     0.06     0.03 2.0922e+00  -0.000   0.000
12.68010   0.890   0.125     0.06     0.03 2.0924e+00  -0.000   0.000
12.70010   0.892   0.125     0.06     0.03 2.0926e+00  -0.000   0.000
12.72010   0.893   0.126     0.06     0.03 2.0927e+00  -0.000   0.000
12.74010   0.894   0.127     0.06     0.03 2.0929e+00  -0.000   0.000
12.76010   0.895   0.127     0.06     0.03 2.0931e+00  -0.000   0.000
12.78010   0.896   0.128     0.06     0.03 2.0933e+00  -0.000   0.000
12.80010   0.897   0.129     0.06     0.03 2.0934e+00  -0.000   0.000
12.82010   0.899   0.130     0.06     0.03 2.0936e+00  -0.000   0.000
12.84010   0.900   0.130     0.06     0.03 2.0938e+00  -0.000   0.000
12.86010   0.901   0.131     0.06     0.03 2.0940e+00  -0.000   0.000
12.88010   0.902   0.132     0.06     0.03 2.0941e+00  -0.000   0.000
12.90010   0.903   0.132     0.06     0.03 2.0943e+00  -0.000   0.000
12.92010   0.904   0.133     0.06     0.03 2.0945e+00  -0.000   0.000
12.94010   0.906   0.134     0.06     0.03 2.0946e+00  -0.000   0.000
12.96010   0.907   0.134     0.06     0.03 2.0948e+00  -0.000   0.000
12.98010   0.908   0.135     0.06     0.03 2.0950e+00  -0.000   0.000
13.00010   0.909   0.136     0.06     0.03 2.0951e+00  -0.000   0.000
13.02010   0.910   0.136     0.06     0.03 2.0953e+00  -0.000   0.000
13.04010   0.911   0.137     0.06     0.03 2.0955e+00  -0.000   0.000
13.06010   0.913   0.138     0.06     0.03 2.0956e+00  -0.000   0.000
13.08010   0.914   0.138     0.06     0.03 2.0958e+00  -0.000   0.000
13.10010   0.915   0.139     0.06     0.03 2.0960e+00  -0.000   0.000
13.12010   0.916   0.140     0.06     0.03 2.0961e+00  -0.000   0.000
13.14010   0.917   0.141     0.06     0.03 2.0963e+00  -0.000   0.000
13.16010   0.919   0.141     0.06     0.03 2.0965e+00  -0.000   0.000
13.18010   0.920   0.142     0.06     0.03 2.0966e+00  -0.000   0.000
13.20010   0.921   0.143     0.06     0.03 2.0968e+00  -0.000   0.000
13.22010   0.922   0.143     0.06     0.03 2.0969e+00  -0.000   0.000
13.24010   0.923   0.144     0.06     0.03 2.0971e+00  -0.000   0.000
13.26010   0.924   0.145     0.06     0.03 2.0972e+00  -0.000   0.000
13.28010   0.926   0.145     0.06     0.03 2.0974e+00  -0.000   0.000
13.30010   0.927   0.146     0.06     0.03 2.0976e+00  -0.000   0.000
13.32010   0.928   0.147     0.06     0.03 2.0977e+00  -0.000   0.000
13.34010   0.929   0.147     0.06     0.03 2.0979e+00  -0.000   0.000
13.36010   0.930   0.148     0.06     0.03 2.0980e+00  -0.000   0.000
13.38010   0.931   0.149     0.06     0.03 2.0982e+00  -0.000   0.000
13.40010   0.933   0.149     0.06     0.03 2.0983e+00  -0.000   0.000
13.42010   0.934   0.150     0.06     0.03 2.0985e+00  -0.000   0.000
13.44010   0.935   0.151     0.06     0.03 2.0986e+00  -0.000   0.000
13.46010   0.936   0.152     0.06     0.03 2.0988e+00  -0.000   0.000
13.48010   0.937   0.152     0.06     0.03 2.0989e+00  -0.000   0.000
13.50010   0.938   0.153     0.06     0.03 2.0991e+00  -0.000   0.000
13.52010   0.940   0.154     0.06     0.03 2.0992e+00  -0.000   0.000
13.54010   0.941   0.154     0.06     0.03 2.0994e+00  -0.000   0.000
13.56010   0.942   0.155     0.06     0.03 2.0995e+00  -0.000   0.000
13.58010   0.943   0.156     0.06     0.03 2.0997e+00  -0.000   0.000
13.60010   0.944   0.156     0.06     0.03 2.0998e+00  -0.000   0.000
13.62010   0.945   0.157     0.06     0.03 2.1000e+00  -0.000   0.000
13.64010   0.947   0.158     0.06     0.03 2.1001e+00  -0.000   0.000
13.66010   0.948   0.158     0.06     0.03 2.1003e+00  -0.000   0.000
13.68010   0.949   0.159     0.06     0.03 2.1004e+00  -0.000   0.000
13.70010   0.950   0.160     0.06     0.03 2.1005e+00  -0.000   0.000
13.72010   0.951   0.160     0.06     0.03 2.1007e+00  -0.000   0.000
13.74010   0.952   0.161     0.06     0.03 2.1008e+00  -0.000   0.000
13.76010   0.954   0.162     0.06     0.03 2.1010e+00  -0.000   0.000
13.78010   0.955   0.163     0.06     0.03 2.1011e+00  -0.000   0.000
13.80010   0.956   0.163     0.06     0.03 2.1013e+00  -0.000   0.000
13.82010   0.957   0.164     0.06     0.03 2.1014e+00  -0.000   0.000
13.84010   0.958   0.165     0.06     0.03 2.1015e+00  -0.000   0.000
13.86010   0.959   0.165     0.06     0.03 2.1017e+00  -0.000   0.000
13.88010   0.961   0.166     0.06     0.03 2.1018e+00  -0.000   0.000
13.90010   0.962   0.167     0.06     0.03 2.1019e+00  -0.000   0.000
13.92010   0.963   0.167     0.06     0.03 2.1021e+00  -0.000   0.000
13.94010   0.964   0.168     0.06     0.03 2.1022e+00  -0.000   0.000
13.96010   0.965   0.169     0.06     0.03 2.1024e+00  -0.000   0.000
13.98010   0.966   0.169     0.06     0.03 2.1025e+00  -0.000   0.000
14.00010   0.968   0.170     0.06     0.03 2.1026e+00  -0.000   0.000
14.02010   0.969   0.171     0.06     0.03 2.1028e+00  -0.000   0.000
14.04010   0.970   0.172     0.06     0.03 2.1029e+00  -0.000   0.000
14.06010   0.971   0.172     0.06     0.03 2.1030e+00  -0.000   0.000
14.08010   0.972   0.173     0.06     0.03 2.1032e+00  -0.000   0.000
14.10010   0.973   0.174     0.06     0.03 2.1033e+00  -0.000   0.000
14.12010   0.974   0.174     0.06     0.03 2.1034e+00  -0.000   0.000
14.14010   0.976   0.175     0.06     0.03 2.1036e+00  -0.000   0.000
14.16010   0.977   0.176     0.06     0.03 2.1037e+00  -0.000   0.000
14.18010   0.978   0.176     0.06     0.03 2.1038e+00  -0.000   0.000
14.20010   0.979   0.177     0.06     0.03 2.1039e+00  -0.000   0.000
14.22010   0.980   0.178     0.06     0.03 2.1041e+00  -0.000   0.000
14.24010   0.981   0.178     0.06     0.03 2.1042e+00  -0.000   0.000
14.26010   0.983   0.179     0.06     0.03 2.1043e+00  -0.000   0.000
14.28010   0.984   0.180     0.06     0.03 2.1045e+00  -0.000   0.000
14.30010   0.985   0.180     0.06     0.03 2.1046e+00  -0.000   0.000
14.32010   0.986   0.181     0.06     0.03 2.1047e+00  -0.000   0.000
14.34010   0.987   0.182     0.06     0.03 2.1048e+00  -0.000   0.000
14.36010   0.988   0.183     0.06     0.03 2.1050e+00  -0.000   0.000
14.38010   0.990   0.183     0.06     0.03 2.1051e+00  -0.000   0.000
14.40010   0.991   0.184     0.06     0.03 2.1052e+00  -0.000   0.000
14.42010   0.992   0.185     0.06     0.03 2.1053e+00  -0.000   0.000
14.44010   0.993   0.185     0.06     0.03 2.1055e+00  -0.000   0.000
14.46010   0.994   0.186     0.06     0.03 2.1056e+00  -0.000   0.000
14.48010   0.995   0.187     0.06     0.03 2.1057e+00  -0.000   0.000
14.50010   0.997   0.187     0.06     0.03 2.1058e+00  -0.000   0.000
14.52010   0.998   0.188     0.06     0.03 2.1059e+00  -0.000   0.000
14.54010   0.999   0.189     0.06     0.03 2.1061e+00  -0.000   0.000
14.56010   1.000   0.189     0.06     0.03 2.1062e+00  -0.000   0.000
14.58010   1.001   0.190     0.06     0.03 2.1063e+00  -0.000   0.000
14.60010   1.002   0.191     0.06     0.03 2.1064e+00  -0.000   0.000
14.62010   1.004   0.191     0.06     0.03 2.1065e+00  -0.000   0.000
14.64010   1.005   0.192     0.06     0.03 2.1067e+00  -0.000   0.000
14.66010   1.006   0.193     0.06     0.03 2.1068e+00  -0.000   0.000
14.68010   1.007   0.194     0.06     0.03 2.1069e+00  -0.000   0.000
14.70010   1.008   0.194     0.06     0.03 2.1070e+00  -0.000   0.000
14.72010   1.009   0.195     0.06     0.03 2.1071e+00  -0.000   0.000
14.74010   1.011   0.196     0.06     0.03 2.1073e+00  -0.000   0.000
14.76010   1.012   0.196     0.06     0.03 2.1074e+00  -0.000   0.000
14.78010   1.013   0.197     0.06     0.03 2.1075e+00  -0.000   0.000
14.80010   1.014   0.198     0.06     0.03 2.1076e+00  -0.000   0.000
14.82010   1.015   0.198     0.06     0.03 2.1077e+00  -0.000   0.000
14.84010   1.016   0.199     0.06     0.03 2.1078e+00  -0.000   0.000
14.86010   1.017   0.200     0.06     0.03 2.1079e+00  -0.000   0.000
14.88010   1.019   0.200     0.06     0.03 2.1081e+00  -0.000   0.000
14.90010   1.020   0.201     0.06     0.03 2.1082e+00  -0.000   0.000
14.92010   1.021   0.202     0.06     0.03 2.1083e+00  -0.000   0.000
14.94010   1.022   0.203     0.06     0.03 2.1084e+00  -0.000   0.000
14.96010   1.023   0.203     0.06     0.03 2.1085e+00  -0.000   0.000
14.98010   1.024   0.204     0.06     0.03 2.1086e+00  -0.000   0.000
15.00010   1.026   0.205     0.06     0.03 2.1087e+00  -0.000   0.000
15.02010   1.027   0.205     0.06     0.03 2.1088e+00  -0.000   0.000
15.04010   1.028   0.206     0.06     0.03 2.1089e+00  -0.000   0.000
15.06010   1.029   0.207     0.06     0.03 2.1091e+00  -0.000   0.000
15.08010   1.030   0.207     0.06     0.03 2.1092e+00  -0.000   0.000
15.10010   1.031   0.208     0.06     0.03 2.1093e+00  -0.000   0.000
15.12010   1.033   0.209     0.06     0.03 2.1094e+00  -0.000   0.000
15.14010   1.034   0.209     0.06     0.03 2.1095e+00  -0.000   0.000
15.16010   1.035   0.210     0.06     0.03 2.1096e+00  -0.000   0.000
15.18010   1.036   0.211     0.06     0.03 2.1097e+00  -0.000   0.000
15.20010   1.037   0.211     0.06     0.03 2.1098e+00  -0.000   0.000
15.22010   1.038   0.212     0.06     0.03 2.1099e+00  -0.000   0.000
15.24010   1.040   0.213     0.06     0.03 2.1100e+00  -0.000   0.000
15.26010   1.041   0.214     0.06     0.03 2.1101e+00  -0.000   0.000
15.28010   1.042   0.214     0.06     0.03 2.1102e+00  -0.000   0.000
15.30010   1.043   0.215     0.06     0.03 2.1103e+00  -0.000   0.000
15.32010   1.044   0.216     0.06     0.03 2.1104e+00  -0.000   0.000
15.34010   1.045   0.216     0.06     0.03 2.1106e+00  -0.000   0.000
15.36010   1.046   0.217     0.06     0.03 2.1107e+00  -0.000   0.000
15.38010   1.048   0.218     0.06     0.03 2.1108e+00  -0.000   0.000
15.40010   1.049   0.218     0.06     0.03 2.1109e+00  -0.000   0.000
15.42010   1.050   0.219     0.06     0.03 2.1110e+00  -0.000   0.000
15.44010   1.051   0.220     0.06     0.03 2.1111e+00  -0.000   0.000
15.46010   1.052   0.220     0.06     0.03 2.1112e+00  -0.000   0.000
15.48010   1.053   0.221     0.06     0.03 2.1113e+00  -0.000   0.000
15.50010   1.055   0.222     0.06     0.03 2.1114e+00  -0.000   0.000
15.52010   1.056   0.223     0.06     0.03 2.1115e+00  -0.000   0.000
15.54010   1.057   0.223     0.06     0.03 2.1116e+00  -0.000   0.000
15.56010   1.058   0.224     0.06     0.03 2.1117e+00  -0.000   0.000
15.58010   1.059   0.225     0.06     0.03 2.1118e+00  -0.000   0.000
15.60010   1.060   0.225     0.06     0.03 2.1119e+00  -0.000   0.000
15.62010   1.062   0.226     0.06     0.03 2.1120e+00  -0.000   0.000
15.64010   1.063   0.227     0.06     0.03 2.1121e+00  -0.000   0.000
15.66010   1.064   0.227     0.06     0.03 2.1122e+00  -0.000   0.000
15.68010   1.065   0.228     0.06     0.03 2.1123e+00  -0.000   0.000
15.70010   1.066   0.229     0.06     0.03 2.1124e+00  -0.000   0.000
15.72010   1.067   0.229     0.06     0.03 2.1125e+00  -0.000   0.000
15.74010   1.068   0.230     0.06     0.03 2.1126e+00  -0.000   0.000
15.76010   1.070   0.231     0.06     0.03 2.1127e+00  -0.000   0.000
15.78010   1.071   0.231     0.06     0.03 2.1128e+00  -0.000   0.000
15.80010   1.072   0.232     0.06     0.03 2.1129e+00  -0.000   0.000
15.82010   1.073   0.233     0.06     0.03 2.1130e+00  -0.000   0.000
15.84010   1.074   0.234     0.06     0.03 2.1130e+00  -0.000   0.000
15.86010   1.075   0.234     0.06     0.03 2.1131e+00  -0.000   0.000
15.88010   1.077   0.235     0.06     0.03 2.1132e+00  -0.000   0.000
15.90010   1.078   0.236     0.06     0.03 2.1133e+00  -0.000   0.000
15.92010   1.079   0.236     0.06     0.03 2.1134e+00  -0.000   0.000
15.94010   1.080   0.237     0.06     0.03 2.1135e+00  -0.000   0.000
15.96010   1.081   0.238     0.06     0.03 2.1136e+00  -0.000   0.000
15.98010   1.082   0.238     0.06     0.03 2.1137e+00  -0.000   0.000
16.00010   1.083   0.239     0.06     0.03 2.1138e+00  -0.000   0.000
16.02010   1.085   0.240     0.06     0.03 2.1139e+00  -0.000   0.000
16.04010   1.086   0.240     0.06     0.03 2.1140e+00  -0.000   0.000
16.06010   1.087   0.241     0.06     0.03 2.1141e+00  -0.000   0.000
16.08010   1.088   0.242     0.06     0.03 2.1142e+00  -0.000   0.000
16.10010   1.089   0.243     0.06     0.03 2.1143e+00  -0.000   0.000
16.12010   1.090   0.243     0.06     0.03 2.1144e+00  -0.000   0.000
16.14010   1.092   0.244     0.06     0.03 2.1144e+00  -0.000   0.000
16.16010   1.093   0.245     0.06     0.03 2.1145e+00  -0.000   0.000
16.18010   1.094   0.245     0.06     0.03 2.1146e+00  -0.000   0.000
16.20010   1.095   0.246     0.06     0.03 2.1147e+00  -0.000   0.000
16.22010   1.096   0.247     0.06     0.03 2.1148e+00  -0.000   0.000
16.24010   1.097   0.247     0.06     0.03 2.1149e+00  -0.000   0.000
16.26010   1.099   0.248     0.06     0.03 2.1150e+00  -0.000   0.000
16.28010   1.100   0.249     0.06     0.03 2.1151e+00  -0.000   0.000
16.30010   1.101   0.249     0.06     0.03 2.1152e+00  -0.000   0.000
16.32010   1.102   0.250     0.06     0.03 2.1152e+00  -0.000   0.000
16.34010   1.103   0.251     0.06     0.03 2.1153e+00  -0.000   0.000
16.36010   1.104   0.252     0.06     0.03 2.1154e+00  -0.000   0.000
16.38010   1.105   0.252     0.06     0.03 2.1155e+00  -0.000   0.000
16.40010   1.107   0.253     0.06     0.03 2.1156e+00  -0.000   0.000
16.42010   1.108   0.254     0.06     0.03 2.1157e+00  -0.000   0.000
16.44010   1.109   0.254     0.06     0.03 2.1158e+00  -0.000   0.000
16.46010   1.110   0.255     0.06     0.03 2.1159e+00  -0.000   0.000
16.48010   1.111   0.256     0.06     0.03 2.1159e+00  -0.000   0.000
16.50010   1.112   0.256     0.06     0.03 2.1160e+00  -0.000   0.000
16.52010   1.114   0.257     0.06     0.03 2.1161e+00  -0.000   0.000
16.54010   1.115   0.258     0.06     0.03 2.1162e+00  -0.000   0.000
16.56010   1.116   0.258     0.06     0.03 2.1163e+00  -0.000   0.000
16.58010   1.117   0.259     0.06     0.03 2.1164e+00  -0.000   0.000
16.60010   1.118   0.260     0.06     0.03 2.1165e+00  -0.000   0.000
16.62010   1.119   0.261     0.06     0.03 2.1165e+00  -0.000   0.000
16.64010   1.120   0.261     0.06     0.03 2.1166e+00  -0.000   0.000
16.66010   1.122   0.262     0.06     0.03 2.1167e+00  -0.000   0.000
16.68010   1.123   0.263     0.06     0.03 2.1168e+00  -0.000   0.000
16.70010   1.124   0.263     0.06     0.03 2.1169e+00  -0.000   0.000
16.72010   1.125   0.264     0.06     0.03 2.1170e+00  -0.000   0.000
16.74010   1.126   0.265     0.06     0.03 2.1170e+00  -0.000   0.000
16.76010   1.127   0.265     0.06     0.03 2.1171e+00  -0.000   0.000
16.78010   1.129   0.266     0.06     0.03 2.1172e+00  -0.000   0.000
16.80010   1.130   0.267     0.06     0.03 2.1173e+00  -0.000   0.000
16.82010   1.131   0.267     0.06     0.03 2.1174e+00  -0.000   0.000
16.84010   1.132   0.268     0.06     0.03 2.1174e+00  -0.000   0.000
16.86010   1.133   0.269     0.06     0.03 2.1175e+00  -0.000   0.000
16.88010   1.134   0.269     0.06     0.03 2.1176e+00  -0.000   0.000
16.90010   1.135   0.270     0.06     0.03 2.1177e+00  -0.000   0.000
16.92010   1.137   0.271     0.06     0.03 2.1178e+00  -0.000   0.000
16.94010   1.138   0.272     0.06     0.03 2.1178e+00  -0.000   0.000
16.96010   1.139   0.272     0.06     0.03 2.1179e+00  -0.000   0.000
16.98010   1.140   0.273     0.06     0.03 2.1180e+00  -0.000   0.000
17.00010   1.141   0.274     0.06     0.03 2.1181e+00  -0.000   0.000
17.02010   1.142   0.274     0.06     0.03 2.1182e+00  -0.000   0.000
17.04010   1.144   0.275     0.06     0.03 2.1182e+00  -0.000   0.000
17.06010   1.145   0.276     0.06     0.03 2.1183e+00  -0.000   0.000
17.08010   1.146   0.276     0.06     0.03 2.1184e+00  -0.000   0.000
17.10010   1.147   0.277     0.06     0.03 2.1185e+00  -0.000   0.000
17.12010   1.148   0.278     0.06     0.03 2.1186e+00  -0.000   0.000
17.14010   1.149   0.278     0.06     0.03 2.1186e+00  -0.000   0.000
17.16010   1.150   0.279     0.06     0.03 2.1187e+00  -0.000   0.000
17.18010   1.152   0.280     0.06     0.03 2.1188e+00  -0.000   0.000
17.20010   1.153   0.281     0.06     0.03 2.1189e+00  -0.000   0.000
17.22010   1.154   0.281     0.06     0.03 2.1189e+00  -0.000   0.000
17.24010   1.155   0.282     0.06     0.03 2.1190e+00  -0.000   0.000
17.26010   1.156   0.283     0.06     0.03 2.1191e+00  -0.000   0.000
17.28010   1.157   0.283     0.06     0.03 2.1192e+00  -0.000   0.000
17.30010   1.159   0.284     0.06     0.03 2.1192e+00  -0.000   0.000
17.32010   1.160   0.285     0.06     0.03 2.1193e+00  -0.000   0.000
17.34010   1.161   0.285     0.06     0.03 2.1194e+00  -0.000   0.000
17.36010   1.162   0.286     0.06     0.03 2.1195e+00  -0.000   0.000
17.38010   1.163   0.287     0.06     0.03 2.1195e+00  -0.000   0.000
17.40010   1.164   0.287     0.06     0.03 2.1196e+00  -0.000   0.000
17.42010   1.165   0.288     0.06     0.03 2.1197e+00  -0.000   0.000
17.44010   1.167   0.289     0.06     0.03 2.1198e+00  -0.000   0.000
17.46010   1.168   0.290     0.06     0.03 2.1198e+00  -0.000   0.000
17.48010   1.169   0.290     0.06     0.03 2.1199e+00  -0.000   0.000
17.50010   1.170   0.291     0.06     0.03 2.1200e+00  -0.000   0.000
17.52010   1.171   0.292     0.06     0.03 2.1201e+00  -0.000   0.000
17.54010   1.172   0.292     0.06     0.03 2.1201e+00  -0.000   0.000
17.56010   1.174   0.293     0.06     0.03 2.1202e+00  -0.000   0.000
17.58010   1.175   0.294     0.06     0.03 2.1203e+00  -0.000   0.000
17.60010   1.176   0.294     0.06     0.03 2.1203e+00  -0.000   0.000
17.62010   1.177   0.295     0.06     0.03 2.1204e+00  -0.000   0.000
17.64010   1.178   0.296     0.06     0.03 2.1205e+00  -0.000   0.000
17.66010   1.179   0.296     0.06     0.03 2.1206e+00  -0.000   0.000
17.68010   1.180   0.297     0.06     0.03 2.1206e+00  -0.000   0.000
17.70010   1.182   0.298     0.06     0.03 2.1207e+00  -0.000   0.000
17.72010   1.183   0.299     0.06     0.03 2.1208e+00  -0.000   0.000
17.74010   1.184   0.299     0.06     0.03 2.1208e+00  -0.000   0.000
17.76010   1.185   0.300     0.06     0.03 2.1209e+00  -0.000   0.000
17.78010   1.186   0.301     0.06     0.03 2.1210e+00  -0.000   0.000
17.80010   1.187   0.301     0.06     0.03 2.1211e+00  -0.000   0.000
17.82010   1.188   0.302     0.06     0.03 2.1211e+00  -0.000   0.000
17.84010   1.190   0.303     0.06     0.03 2.1212e+00  -0.000   0.000
17.86010   1.191   0.303     0.06     0.03 2.1213e+00  -0.000   0.000
17.88010   1.192   0.304     0.06     0.03 2.1213e+00  -0.000   0.000
17.90010   1.193   0.305     0.06     0.03 2.1214e+00  -0.000   0.000
17.92010   1.194   0.305     0.06     0.03 2.1215e+00  -0.000   0.000
17.94010   1.195   0.306     0.06     0.03 2.1215e+00  -0.000   0.000
17.96010   1.197   0.307     0.06     0.03 2.1216e+00  -0.000   0.000
17.98010   1.198   0.308     0.06     0.03 2.1217e+00  -0.000   0.000
18.00010   1.199   0.308     0.06     0.03 2.1217e+00  -0.000   0.000
18.02010   1.200   0.309     0.06     0.03 2.1218e+00  -0.000   0.000
18.04010   1.201   0.310     0.06     0.03 2.1219e+00  -0.000   0.000
18.06010   1.202   0.310     0.06     0.03 2.1219e+00  -0.000   0.000
18.08010   1.203   0.311     0.06     0.03 2.1220e+00  -0.000   0.000
18.10010   1.205   0.312     0.06     0.03 2.1221e+00  -0.000   0.000
18.12010   1.206   0.312     0.06     0.03 2.1221e+00  -0.000   0.000
18.14010   1.207   0.313     0.06     0.03 2.1222e+00  -0.000   0.000
18.16010   1.208   0.314     0.06     0.03 2.1223e+00  -0.000   0.000
18.18010   1.209   0.314     0.06     0.03 2.1223e+00  -0.000   0.000
18.20010   1.210   0.315     0.06     0.03 2.1224e+00  -0.000   0.000
18.22010   1.212   0.316     0.06     0.03 2.1225e+00  -0.000   0.000
18.24010   1.213   0.317     0.06     0.03 2.1225e+00  -0.000   0.000
18.26010   1.214   0.317     0.06     0.03 2.1226e+00  -0.000   0.000
18.28010   1.215   0.318     0.06     0.03 2.1227e+00  -0.000   0.000
18.30010   1.216   0.319     0.06     0.03 2.1227e+00  -0.000   0.000
18.32010   1.217   0.319     0.06     0.03 2.1228e+00  -0.000   0.000
18.34010   1.218   0.320     0.06     0.03 2.1229e+00  -0.000   0.000
18.36010   1.220   0.321     0.06     0.03 2.1229e+00  -0.000   0.000
18.38010   1.221   0.321     0.06     0.03 2.1230e+00  -0.000   0.000
18.40010   1.222   0.322     0.06     0.03 2.1231e+00  -0.000   0.000
18.42010   1.223   0.323     0.06     0.03 2.1231e+00  -0.000   0.000
18.44010   1.224   0.323     0.06     0.03 2.1232e+00  -0.000   0.000
18.46010   1.225   0.324     0.06     0.03 2.1233e+00  -0.000   0.000
18.48010   1.226   0.325     0.06     0.03 2.1233e+00  -0.000   0.000
18.50010   1.228   0.326     0.06     0.03 2.1234e+00  -0.000   0.000
18.52010   1.229   0.326     0.06     0.03 2.1234e+00  -0.000   0.000
18.54010   1.230   0.327     0.06     0.03 2.1235e+00  -0.000   0.000
18.56010   1.231   0.328     0.06     0.03 2.1236e+00  -0.000   0.000
18.58010   1.232   0.328     0.06     0.03 2.1236e+00  -0.000   0.000
18.60010   1.233   0.329     0.06     0.03 2.1237e+00  -0.000   0.000
18.62010   1.235   0.330     0.06     0.03 2.1238e+00  -0.000   0.000
18.64010   1.236   0.330     0.06     0.03 2.1238e+00  -0.000   0.000
18.66010   1.237   0.331     0.06     0.03 2.1239e+00  -0.000   0.000
18.68010   1.238   0.332     0.06     0.03 2.1239e+00  -0.000   0.000
18.70010   1.239   0.333     0.06     0.03 2.1240e+00  -0.000   0.000
18.72010   1.240   0.333     0.06     0.03 2.1241e+00  -0.000   0.000
18.74010   1.241   0.334     0.06     0.03 2.1241e+00  -0.000   0.000
18.76010   1.243   0.335     0.06     0.03 2.1242e+00  -0.000   0.000
18.78010   1.244   0.335     0.06     0.03 2.1243e+00  -0.000   0.000
18.80010   1.245   0.336     0.06     0.03 2.1243e+00  -0.000   0.000
18.82010   1.246   0.337     0.06     0.03 2.1244e+00  -0.000   0.000
18.84010   1.247   0.337     0.06     0.03 2.1244e+00  -0.000   0.000
18.86010   1.248   0.338     0.06     0.03 2.1245e+00  -0.000   0.000
18.88010   1.249   0.339     0.06     0.03 2.1246e+00  -0.000   0.000
18.90010   1.251   0.339     0.06     0.03 2.1246e+00  -0.000   0.000
18.92010   1.252   0.340     0.06     0.03 2.1247e+00  -0.000   0.000
18.94010   1.253   0.341     0.06     0.03 2.1247e+00  -0.000   0.000
18.96010   1.254   0.342     0.06     0.03 2.1248e+00  -0.000   0.000
18.98010   1.255   0.342     0.06     0.03 2.1249e+00  -0.000   0.000
19.00010   1.256   0.343     0.06     0.03 2.1249e+00  -0.000   0.000
19.02010   1.258   0.344     0.06     0.03 2.1250e+00  -0.000   0.000
19.04010   1.259   0.344     0.06     0.03 2.1250e+00  -0.000   0.000
19.06010   1.260   0.345     0.06     0.03 2.1251e+00  -0.000   0.000
19.08010   1.261   0.346     0.06     0.03 2.1251e+00  -0.000   0.000
19.10010   1.262   0.346     0.06     0.03 2.1252e+00  -0.000   0.000
19.12010   1.263   0.347     0.06     0.03 2.1253e+00  -0.000   0.000
19.14010   1.264   0.348     0.06     0.03 2.1253e+00  -0.000   0.000
19.16010   1.266   0.348     0.06     0.03 2.1254e+00  -0.000   0.000
19.18010   1.267   0.349     0.06     0.03 2.1254e+00  -0.000   0.000
19.20010   1.268   0.350     0.06     0.03 2.1255e+00  -0.000   0.000
19.22010   1.269   0.351     0.06     0.03 2.1256e+00  -0.000   0.000
19.24010   1.270   0.351     0.06     0.03 2.1256e+00  -0.000   0.000
19.26010   1.271   0.352     0.06     0.03 2.1257e+00  -0.000   0.000
19.28010   1.272   0.353     0.06     0.03 2.1257e+00  -0.000   0.000
19.30010   1.274   0.353     0.06     0.03 2.1258e+00  -0.000   0.000
19.32010   1.275   0.354     0.06     0.03 2.1258e+00  -0.000   0.000
19.34010   1.276   0.355     0.06     0.03 2.1259e+00  -0.000   0.000
19.36010   1.277   0.355     0.06     0.03 2.1259e+00  -0.000   0.000
19.38010   1.278   0.356     0.06     0.03 2.1260e+00  -0.000   0.000
19.40010   1.279   0.357     0.06     0.03 2.1261e+00  -0.000   0.000
19.42010   1.281   0.357     0.06     0.03 2.1261e+00  -0.000   0.000
19.44010   1.282   0.358     0.06     0.03 2.1262e+00  -0.000   0.000
19.46010   1.283   0.359     0.06     0.03 2.1262e+00  -0.000   0.000
19.48010   1.284   0.360     0.06     0.03 2.1263e+00  -0.000   0.000
19.50010   1.285   0.360     0.06     0.03 2.1263e+00  -0.000   0.000
19.52010   1.286   0.361     0.06     0.03 2.1264e+00  -0.000   0.000
19.54010   1.287   0.362     0.06     0.03 2.1264e+00  -0.000   0.000
19.56010   1.289   0.362     0.06     0.03 2.1265e+00  -0.000   0.000
19.58010   1.290   0.363     0.06     0.03 2.1266e+00  -0.000   0.000
19.60010   1.291   0.364     0.06     0.03 2.1266e+00  -0.000   0.000
19.62010   1.292   0.364     0.06     0.03 2.1267e+00  -0.000   0.000
19.64010   1.293   0.365     0.06     0.03 2.1267e+00  -0.000   0.000
19.66010   1.294   0.366     0.06     0.03 2.1268e+00  -0.000   0.000
19.68010   1.295   0.367     0.06     0.03 2.1268e+00  -0.000   0.000
19.70010   1.297   0.367     0.06     0.03 2.1269e+00  -0.000   0.000
19.72010   1.298   0.368     0.06     0.03 2.1269e+00  -0.000   0.000
19.74010   1.299   0.369     0.06     0.03 2.1270e+00  -0.000   0.000
19.76010   1.300   0.369     0.06     0.03 2.1270e+00  -0.000   0.000
19.78010   1.301   0.370     0.06     0.03 2.1271e+00  -0.000   0.000
19.80010   1.302   0.371     0.06     0.03 2.1272e+00  -0.000   0.000
19.82010   1.304   0.371     0.06     0.03 2.1272e+00  -0.000   0.000
19.84010   1.305   0.372     0.06     0.03 2.1273e+00  -0.000   0.000
19.86010   1.306   0.373     0.06     0.03 2.1273e+00  -0.000   0.000
19.88010   1.307   0.373     0.06     0.03 2.1274e+00  -0.000   0.000
19.90010   1.308   0.374     0.06     0.03 2.1274e+00  -0.000   0.000
19.92010   1.309   0.375     0.06     0.03 2.1275e+00  -0.000   0.000
19.94010   1.310   0.376     0.06     0.03 2.1275e+00  -0.000   0.000
19.96010   1.312   0.376     0.06     0.03 2.1276e+00  -0.000   0.000
19.98010   1.313   0.377     0.06     0.03 2.1276e+00  -0.000   0.000
20.00010   1.314   0.378     0.06     0.03 2.1277e+00  -0.000   0.000
